[1616943569.843161, 1616943572.5628917]
[1616943569.9951224, 1616943572.7258286]
[1616943570.0554934, 1616943572.757843]
[1616943570.6252816, 1616943573.3276064]
[1616943570.60066, 1616943573.25814]
[1616943570.0010242, 1616943572.7401674]
[1616943569.941791, 1616943572.662017]
[1616943570.2727642, 1616943572.9314299]
[1616943569.9794748, 1616943572.6913252]
[1616943570.232728, 1616943572.9155924]
[1616943569.9583218, 1616943572.654344]
[1616943570.4368818, 1616943573.1486037]
[1616943570.4494917, 1616943573.0906475]
[1616943570.7291908, 1616943573.465041]
[1616943570.1087964, 1616943572.8354301]
[1616943570.3249984, 1616943572.9998977]
[1616943570.1267996, 1616943572.8486528]
[1616943570.187812, 1616943572.8333902]
[1616943570.5377474, 1616943573.1658018]
[1616943570.009294, 1616943572.7307045]
[1616943570.520809, 1616943573.2643032]
[1616943570.7993078, 1616943573.475034]
[1616943570.8672173, 1616943573.5412447]
[1616943570.5194933, 1616943573.1429417]
[1616943571.0035238, 1616943573.626087]
[1616943571.2221625, 1616943573.9216504]
[1616943571.2408986, 1616943573.9055285]
[1616943571.3252912, 1616943574.0308046]
[1616943571.189387, 1616943573.9264755]
[1616943571.4896188, 1616943574.177926]
[1616943571.6101568, 1616943574.27338]
[1616943571.4742754, 1616943574.138863]
[1616943571.4813101, 1616943574.1240299]
[1616943571.705913, 1616943574.412514]
[1616943571.6202662, 1616943574.3127484]
[1616943571.6350687, 1616943574.3012478]
[1616943571.8827374, 1616943574.6069155]
[1616943572.1626804, 1616943574.8143656]
[1616943572.329102, 1616943574.997285]
[1616943571.968667, 1616943574.6467655]
[1616943572.31701, 1616943575.0190153]
[1616943572.124615, 1616943574.7822263]
[1616943572.0738578, 1616943574.764255]
[1616943572.5283742, 1616943575.1668944]
[1616943572.449307, 1616943575.1223695]
[1616943572.3215292, 1616943575.022906]
[1616943572.6061957, 1616943575.3298733]
[1616943572.644077, 1616943575.2742283]
[1616943572.926983, 1616943575.6029599]
[1616943573.0449245, 1616943575.7263277]
[1616943572.8052642, 1616943575.5036092]
[1616943573.1931012, 1616943575.8234427]
[1616943573.348852, 1616943576.0329597]
[1616943573.103674, 1616943575.7566354]
[1616943573.5560179, 1616943576.233525]
[1616943573.5681345, 1616943576.2848752]
[1616943573.3943355, 1616943576.0979996]
[1616943573.5644581, 1616943576.2498364]
[1616943573.6639693, 1616943576.2966316]
[1616943573.9232109, 1616943576.5780768]
[1616943573.765618, 1616943576.51932]
[1616943573.7628005, 1616943576.4133868]
[1616943574.1571856, 1616943576.8347673]
[1616943574.1048465, 1616943576.7902472]
[1616943574.2216656, 1616943576.922132]
[1616943574.380252, 1616943577.0612571]
[1616943574.17982, 1616943576.8196888]
[1616943574.421783, 1616943577.1211894]
[1616943574.5824022, 1616943577.265322]
[1616943574.351787, 1616943577.0384536]
[1616943574.6118746, 1616943577.3416693]
[1616943574.741591, 1616943577.470925]
[1616943574.7903795, 1616943577.439696]
[1616943574.6692717, 1616943577.343755]
[1616943574.8143044, 1616943577.4968116]
[1616943574.9001808, 1616943577.5507436]
[1616943574.7775471, 1616943577.464069]
[1616943574.9417143, 1616943577.5972922]
[1616943575.138833, 1616943577.792965]
[1616943575.4733946, 1616943578.1377552]
[1616943575.1209464, 1616943577.8000216]
[1616943575.4245417, 1616943578.0576813]
[1616943575.150033, 1616943577.8573217]
[1616943575.3851964, 1616943578.08775]
[1616943575.4779913, 1616943578.148327]
[1616943575.2572653, 1616943577.9043927]
[1616943575.6507735, 1616943578.3329659]
[1616943575.5924923, 1616943578.2968743]
[1616943575.8159063, 1616943578.4709616]
[1616943575.8247342, 1616943578.4939082]
[1616943575.9144635, 1616943578.6397455]
[1616943575.940119, 1616943578.5839913]
[1616943576.006677, 1616943578.7007208]
[1616943575.9197614, 1616943578.6272295]
[1616943576.1226172, 1616943578.821632]
[1616943576.102062, 1616943578.83217]
[1616943575.8645437, 1616943578.4886887]
[1616943576.3779685, 1616943579.0097816]
[1616943576.3841407, 1616943579.1066053]
[1616943576.4570136, 1616943579.1115725]
[1616943576.3916538, 1616943579.0829904]
[1616943576.5174994, 1616943579.1764047]
[1616943576.5769691, 1616943579.2608395]
[1616943576.534012, 1616943579.2230587]
[1616943576.6403744, 1616943579.3629487]
[1616943576.6078951, 1616943579.2807808]
[1616943576.7347581, 1616943579.4429924]
[1616943576.8294249, 1616943579.4660227]
[1616943576.906427, 1616943579.5818365]
[1616943576.803403, 1616943579.5040138]
[1616943577.0156457, 1616943579.7046556]
[1616943577.0617836, 1616943579.7596347]
[1616943577.135733, 1616943579.8411162]
[1616943577.2182724, 1616943579.8994522]
[1616943577.392806, 1616943580.0715065]
[1616943577.4030106, 1616943580.1243625]
[1616943577.5701807, 1616943580.2123575]
[1616943577.406831, 1616943580.084683]
[1616943577.598655, 1616943580.3075974]
[1616943577.6033714, 1616943580.2471235]
[1616943577.587649, 1616943580.2929819]
[1616943577.5911708, 1616943580.3151042]
[1616943577.6344295, 1616943580.285534]
[1616943577.807699, 1616943580.4878063]
[1616943577.8794596, 1616943580.5656748]
[1616943577.8987691, 1616943580.5706575]
[1616943578.0547855, 1616943580.7455919]
[1616943578.0104175, 1616943580.6634471]
[1616943578.1463554, 1616943580.8038564]
[1616943578.1519043, 1616943580.8542397]
[1616943578.440709, 1616943581.1354413]
[1616943578.4059749, 1616943581.0981715]
[1616943578.6443079, 1616943581.3336353]
[1616943578.5970535, 1616943581.2699766]
[1616943578.6663494, 1616943581.3834035]
[1616943578.7877614, 1616943581.4735992]
[1616943578.5282502, 1616943581.2236009]
[1616943578.5840375, 1616943581.2081845]
[1616943578.8021061, 1616943581.4467497]
[1616943578.8840117, 1616943581.5850828]
[1616943578.8365755, 1616943581.547968]
[1616943578.9836144, 1616943581.6307385]
[1616943579.1182961, 1616943581.753792]
[1616943579.1286101, 1616943581.8375225]
[1616943579.0697527, 1616943581.7426567]
[1616943579.2669306, 1616943581.9583297]
[1616943579.2132075, 1616943581.881167]
[1616943579.268972, 1616943581.9842014]
[1616943579.4240105, 1616943582.0796642]
[1616943579.2598095, 1616943581.9550142]
[1616943579.379437, 1616943582.091827]
[1616943579.5095577, 1616943582.2240543]
[1616943579.5974052, 1616943582.2620392]
[1616943579.6466982, 1616943582.29061]
[1616943579.6997728, 1616943582.4104323]
[1616943579.8983674, 1616943582.571126]
[1616943579.8034117, 1616943582.4967997]
[1616943579.9053879, 1616943582.567741]
[1616943579.8529713, 1616943582.565109]
[1616943579.7770047, 1616943582.476064]
[1616943580.0136476, 1616943582.6485476]
[1616943579.977991, 1616943582.6684828]
[1616943580.187321, 1616943582.8789017]
[1616943580.1334019, 1616943582.8582869]
[1616943580.223917, 1616943582.875235]
[1616943580.2485392, 1616943582.9117446]
[1616943580.1937401, 1616943582.8697336]
[1616943580.3440921, 1616943583.0691092]
[1616943580.5297105, 1616943583.1816835]
[1616943580.465417, 1616943583.1566021]
[1616943580.5772588, 1616943583.2406945]
[1616943580.3639886, 1616943583.069863]
[1616943580.5803106, 1616943583.2916675]
[1616943580.4974985, 1616943583.1795545]
[1616943580.7213094, 1616943583.4310167]
[1616943580.6314123, 1616943583.2593944]
[1616943580.7097485, 1616943583.3562098]
[1616943580.7873914, 1616943583.4853644]
[1616943580.8912184, 1616943583.5940368]
[1616943580.954096, 1616943583.5925732]
[1616943581.0979412, 1616943583.7379844]
[1616943580.9868867, 1616943583.6926174]
[1616943581.1496441, 1616943583.8453774]
[1616943581.074869, 1616943583.766576]
[1616943581.2296884, 1616943583.9239264]
[1616943581.3223355, 1616943583.999198]
[1616943581.345577, 1616943584.0481372]
[1616943581.3211844, 1616943583.9446084]
[1616943581.4530883, 1616943584.093978]
[1616943581.3027678, 1616943583.9667363]
[1616943581.7158139, 1616943584.4188306]
[1616943581.5823145, 1616943584.3387415]
[1616943581.5417368, 1616943584.2294445]
[1616943581.765743, 1616943584.4130065]
[1616943581.73, 1616943584.4557328]
[1616943581.7151058, 1616943584.3718748]
[1616943581.942784, 1616943584.5827508]
[1616943581.8544292, 1616943584.5600932]
[1616943581.7512853, 1616943584.3859465]
[1616943581.911444, 1616943584.5917492]
[1616943581.9215667, 1616943584.6145935]
[1616943582.0320017, 1616943584.7428842]
[1616943582.147912, 1616943584.869202]
[1616943582.2470882, 1616943584.9482293]
[1616943582.2155042, 1616943584.8721876]
[1616943582.381512, 1616943585.047654]
[1616943582.3880482, 1616943585.0772984]
[1616943582.3093314, 1616943584.9495375]
[1616943582.413437, 1616943585.1515346]
[1616943582.3844323, 1616943585.061087]
[1616943582.7198844, 1616943585.4126723]
[1616943582.6252275, 1616943585.278705]
[1616943582.7695355, 1616943585.4733884]
[1616943582.7596009, 1616943585.3790193]
[1616943582.5968544, 1616943585.2611873]
[1616943582.8248746, 1616943585.4835093]
[1616943582.8846781, 1616943585.5721927]
[1616943582.7896192, 1616943585.4917479]
[1616943582.8208773, 1616943585.5220308]
[1616943582.80344, 1616943585.504025]
[1616943582.8159046, 1616943585.527769]
[1616943583.135694, 1616943585.8324955]
[1616943583.0562294, 1616943585.695557]
[1616943582.9186406, 1616943585.5970411]
[1616943583.2088716, 1616943585.8811069]
[1616943583.2710385, 1616943585.8966732]
[1616943583.1808484, 1616943585.871759]
[1616943583.3159523, 1616943585.9955747]
[1616943583.4560676, 1616943586.1930666]
[1616943583.5015233, 1616943586.2176397]
[1616943583.3818982, 1616943586.023534]
[1616943583.4262946, 1616943586.0971534]
[1616943583.551471, 1616943586.2668066]
[1616943583.462278, 1616943586.1747124]
[1616943583.6831868, 1616943586.3860345]
[1616943583.5432765, 1616943586.2635055]
[1616943583.7454572, 1616943586.3864436]
[1616943583.7477417, 1616943586.4175334]
[1616943583.8298526, 1616943586.5306876]
[1616943583.8872027, 1616943586.5801747]
[1616943583.7437632, 1616943586.456039]
[1616943583.8639998, 1616943586.5590599]
[1616943583.7525175, 1616943586.473044]
[1616943584.115621, 1616943586.7540388]
[1616943583.9500952, 1616943586.5704975]
[1616943584.1405904, 1616943586.8401244]
[1616943584.1999204, 1616943586.8815591]
[1616943584.2035897, 1616943586.8676496]
[1616943584.3653383, 1616943587.0960546]
[1616943584.3393013, 1616943587.0410793]
[1616943584.4633806, 1616943587.1826875]
[1616943584.4314036, 1616943587.1586194]
[1616943584.4438615, 1616943587.091758]
[1616943584.5914133, 1616943587.2412732]
[1616943584.6660461, 1616943587.3482792]
[1616943584.6642005, 1616943587.3680754]
[1616943584.6420848, 1616943587.3226337]
[1616943584.7607355, 1616943587.4638438]
[1616943584.7442844, 1616943587.3809326]
[1616943584.9474702, 1616943587.6097686]
[1616943585.0338485, 1616943587.7287786]
[1616943585.0560632, 1616943587.7160249]
[1616943584.937837, 1616943587.6624691]
[1616943584.8869486, 1616943587.5365658]
[1616943584.9912922, 1616943587.631733]
[1616943585.0430396, 1616943587.7254453]
[1616943585.1502254, 1616943587.8524122]
[1616943585.1204333, 1616943587.8190613]
[1616943585.180842, 1616943587.871847]
[1616943585.2596095, 1616943587.9001362]
[1616943585.3805604, 1616943588.0384724]
[1616943585.2674265, 1616943587.955322]
[1616943585.4256766, 1616943588.133348]
[1616943585.5102422, 1616943588.2168467]
[1616943585.5783536, 1616943588.3114858]
[1616943585.5277774, 1616943588.2080505]
[1616943585.8521051, 1616943588.5645664]
[1616943585.6908975, 1616943588.3450892]
[1616943585.8430605, 1616943588.5386398]
[1616943585.5142145, 1616943588.2124333]
[1616943585.7965515, 1616943588.452574]
[1616943585.8034604, 1616943588.4972632]
[1616943585.9517097, 1616943588.5779521]
[1616943586.0267465, 1616943588.7293794]
[1616943585.953649, 1616943588.6212945]
[1616943586.0968935, 1616943588.7945144]
[1616943586.0674064, 1616943588.7539434]
[1616943586.0487723, 1616943588.6833699]
[1616943586.1019301, 1616943588.7354665]
[1616943586.2665772, 1616943588.975198]
[1616943586.2855694, 1616943588.9698203]
[1616943586.3887424, 1616943589.117959]
[1616943586.6080327, 1616943589.2965372]
[1616943586.3742087, 1616943589.0956264]
[1616943586.5242898, 1616943589.2402663]
[1616943586.4889956, 1616943589.2173562]
[1616943586.574779, 1616943589.2751396]
[1616943586.6865098, 1616943589.3639097]
[1616943586.6842716, 1616943589.3928013]
[1616943586.5848, 1616943589.2173786]
[1616943586.793553, 1616943589.5073464]
[1616943586.8205972, 1616943589.4886222]
[1616943586.7896583, 1616943589.453353]
[1616943586.8949747, 1616943589.5633888]
[1616943587.0109062, 1616943589.6971884]
[1616943586.9638472, 1616943589.6359115]
[1616943586.9773927, 1616943589.6864448]
[1616943587.0560918, 1616943589.7659254]
[1616943587.0430205, 1616943589.7167919]
[1616943587.119325, 1616943589.834403]
[1616943587.256541, 1616943589.9015486]
[1616943587.0457077, 1616943589.735497]
[1616943587.3512993, 1616943590.0452297]
[1616943587.3678558, 1616943590.0731432]
[1616943587.3361826, 1616943589.9827235]
[1616943587.2829778, 1616943590.0221694]
[1616943587.3926845, 1616943590.0289438]
[1616943587.6348138, 1616943590.3140879]
[1616943587.6533546, 1616943590.2982118]
[1616943587.7911043, 1616943590.4857678]
[1616943587.7999053, 1616943590.4569392]
[1616943587.6475866, 1616943590.2818646]
[1616943587.675803, 1616943590.4035833]
[1616943587.7837439, 1616943590.4901502]
[1616943587.7151573, 1616943590.4422116]
[1616943587.694153, 1616943590.4108894]
[1616943587.8091207, 1616943590.4724228]
[1616943588.055674, 1616943590.7231953]
[1616943588.2167125, 1616943590.920139]
[1616943588.300311, 1616943590.9230108]
[1616943588.2987463, 1616943590.98132]
[1616943588.1593995, 1616943590.8442063]
[1616943588.3264034, 1616943591.0560994]
[1616943588.269929, 1616943590.994796]
[1616943588.2861094, 1616943590.961424]
[1616943588.5443008, 1616943591.2331536]
[1616943588.603201, 1616943591.235573]
[1616943588.807734, 1616943591.5111225]
[1616943588.8652642, 1616943591.5513315]
[1616943588.8309195, 1616943591.5090399]
[1616943588.7115939, 1616943591.3524265]
[1616943588.573329, 1616943591.272618]
[1616943588.7173126, 1616943591.3708174]
[1616943588.4385526, 1616943591.0956497]
[1616943588.856811, 1616943591.5387836]
[1616943588.9047618, 1616943591.6008952]
[1616943589.0445726, 1616943591.7458892]
[1616943588.8153572, 1616943591.4473848]
[1616943588.7804291, 1616943591.476494]
[1616943589.2346961, 1616943591.8512366]
[1616943589.0370092, 1616943591.743464]
[1616943589.272801, 1616943591.9817631]
[1616943589.426317, 1616943592.1144116]
[1616943589.2916372, 1616943592.0487618]
[1616943589.3028157, 1616943591.9740937]
[1616943589.2833538, 1616943591.9978058]
[1616943589.3256023, 1616943592.0427322]
[1616943589.3179958, 1616943592.0462155]
[1616943589.4540515, 1616943592.1034353]
[1616943589.3345184, 1616943592.0198421]
[1616943589.9078097, 1616943592.5596328]
[1616943589.6434681, 1616943592.3195717]
[1616943589.7659776, 1616943592.4549148]
[1616943589.786279, 1616943592.45304]
[1616943589.8458426, 1616943592.564155]
[1616943589.7943287, 1616943592.4853408]
[1616943589.6313384, 1616943592.3149526]
[1616943589.7741792, 1616943592.4789944]
[1616943589.8536322, 1616943592.5425506]
[1616943590.250658, 1616943592.8902144]
[1616943589.971048, 1616943592.682534]
[1616943590.0855227, 1616943592.7289684]
[1616943590.1448894, 1616943592.834996]
[1616943590.3234406, 1616943593.0088756]
[1616943590.3645668, 1616943592.987578]
[1616943590.4121068, 1616943593.1538894]
[1616943590.3963215, 1616943593.1276696]
[1616943590.5740385, 1616943593.3033235]
[1616943590.5387783, 1616943593.2470682]
[1616943590.3218203, 1616943592.9757693]
[1616943590.428391, 1616943593.1308625]
[1616943590.6630318, 1616943593.3163733]
[1616943590.6025162, 1616943593.2655232]
[1616943590.672932, 1616943593.404417]
[1616943590.7416413, 1616943593.4014003]
[1616943590.7768872, 1616943593.4483001]
[1616943590.9021769, 1616943593.5809097]
[1616943590.8236492, 1616943593.4642248]
[1616943590.9566424, 1616943593.5781355]
[1616943590.7851558, 1616943593.454561]
[1616943590.7520955, 1616943593.4205337]
[1616943590.808426, 1616943593.5130842]
[1616943590.9574983, 1616943593.6517463]
[1616943591.0061586, 1616943593.7174213]
[1616943591.3393013, 1616943594.0166128]
[1616943591.0690358, 1616943593.78571]
[1616943591.2401657, 1616943593.8556235]
[1616943591.4014242, 1616943594.0425782]
[1616943591.5945146, 1616943594.2785254]
[1616943591.4719367, 1616943594.085839]
[1616943591.6598969, 1616943594.3638139]
[1616943591.7368743, 1616943594.4591548]
[1616943591.3320026, 1616943594.041816]
[1616943591.6052165, 1616943594.307831]
[1616943591.526758, 1616943594.242195]
[1616943591.7233481, 1616943594.405452]
[1616943591.8285263, 1616943594.5105472]
[1616943591.9272244, 1616943594.553359]
[1616943591.9902368, 1616943594.694526]
[1616943592.041967, 1616943594.7378502]
[1616943591.8519056, 1616943594.5527399]
[1616943591.9395094, 1616943594.5981596]
[1616943592.0930765, 1616943594.8132606]
[1616943592.0781534, 1616943594.8076363]
[1616943592.2289243, 1616943594.8922887]
[1616943592.26114, 1616943594.9856222]
[1616943592.3705134, 1616943595.0550745]
[1616943592.1660497, 1616943594.854179]
[1616943592.3487668, 1616943595.0509038]
[1616943592.3247375, 1616943595.0233192]
[1616943592.2620635, 1616943594.978442]
[1616943592.6497018, 1616943595.33383]
[1616943592.6029453, 1616943595.3415194]
[1616943592.633153, 1616943595.3471699]
[1616943592.6200552, 1616943595.2718909]
[1616943592.392222, 1616943595.039417]
[1616943592.7761292, 1616943595.4460363]
[1616943592.859624, 1616943595.5132391]
[1616943592.8232195, 1616943595.5058177]
[1616943592.851517, 1616943595.5305295]
[1616943592.7951856, 1616943595.505898]
[1616943592.912266, 1616943595.5455887]
[1616943592.8214872, 1616943595.55371]
[1616943592.996278, 1616943595.6209457]
[1616943593.2547095, 1616943595.944088]
[1616943593.1646776, 1616943595.8954272]
[1616943593.1086924, 1616943595.7886753]
[1616943593.3038116, 1616943595.9757671]
[1616943593.4978166, 1616943596.1289227]
[1616943593.3057723, 1616943596.0096521]
[1616943593.3249862, 1616943595.9800613]
[1616943593.181714, 1616943595.8741462]
[1616943593.6326978, 1616943596.3196561]
[1616943593.4087508, 1616943596.1243887]
[1616943593.794909, 1616943596.5128853]
[1616943593.6569805, 1616943596.3488436]
[1616943593.4518259, 1616943596.1317675]
[1616943593.550234, 1616943596.2293618]
[1616943593.6594365, 1616943596.296321]
[1616943593.7217696, 1616943596.3856673]
[1616943593.6999717, 1616943596.3527157]
[1616943593.8529682, 1616943596.5531406]
[1616943594.0845835, 1616943596.7352364]
[1616943594.093554, 1616943596.7158577]
[1616943594.048078, 1616943596.765647]
[1616943594.2149897, 1616943596.9012914]
[1616943594.2097208, 1616943596.871579]
[1616943594.1480238, 1616943596.8491802]
[1616943594.5441244, 1616943597.22557]
[1616943594.3820612, 1616943597.080571]
[1616943594.2764843, 1616943596.9952235]
[1616943594.2071667, 1616943596.8254378]
[1616943594.5473304, 1616943597.2695022]
[1616943594.6195111, 1616943597.2593696]
[1616943594.7291152, 1616943597.436658]
[1616943594.698634, 1616943597.3247964]
[1616943594.702944, 1616943597.4082747]
[1616943594.8067334, 1616943597.5133133]
[1616943594.800975, 1616943597.4946792]
[1616943595.0712721, 1616943597.7474504]
[1616943595.1727061, 1616943597.8908043]
[1616943595.234084, 1616943597.9633203]
[1616943595.0859733, 1616943597.770456]
[1616943594.9488995, 1616943597.605515]
[1616943595.1667924, 1616943597.8415225]
[1616943595.2064354, 1616943597.8925574]
[1616943595.3223896, 1616943598.019632]
[1616943595.3551197, 1616943598.062488]
[1616943595.1818585, 1616943597.9056199]
[1616943595.1586938, 1616943597.8091888]
[1616943595.275656, 1616943598.016095]
[1616943595.3710616, 1616943598.0952039]
[1616943595.5054095, 1616943598.1729274]
[1616943595.3015862, 1616943597.9552684]
[1616943595.550144, 1616943598.246943]
[1616943595.5734131, 1616943598.2747595]
[1616943595.6318345, 1616943598.2585697]
[1616943595.5305946, 1616943598.1847265]
[1616943595.6903996, 1616943598.3093164]
[1616943595.8772545, 1616943598.569273]
[1616943595.8793774, 1616943598.5780396]
[1616943595.9566083, 1616943598.693976]
[1616943595.910335, 1616943598.65772]
[1616943595.806344, 1616943598.4530458]
[1616943596.0206995, 1616943598.7436454]
[1616943595.745461, 1616943598.4580302]
[1616943596.012105, 1616943598.68551]
[1616943595.9946477, 1616943598.6665874]
[1616943595.9456263, 1616943598.6238406]
[1616943596.0721054, 1616943598.7602127]
[1616943596.2347872, 1616943598.9467123]
[1616943596.304387, 1616943598.94406]
[1616943596.4392643, 1616943599.0976179]
[1616943596.7312891, 1616943599.3429406]
[1616943596.6617386, 1616943599.3150654]
[1616943596.5468788, 1616943599.256286]
[1616943596.645637, 1616943599.342909]
[1616943596.6219625, 1616943599.3391502]
[1616943596.612958, 1616943599.2726343]
[1616943596.8324218, 1616943599.4530952]
[1616943596.5746503, 1616943599.2652745]
[1616943597.0463183, 1616943599.7269378]
[1616943596.8972924, 1616943599.5823367]
[1616943596.904401, 1616943599.5935922]
[1616943596.8376217, 1616943599.5289195]
[1616943597.1191647, 1616943599.8329864]
[1616943597.0448952, 1616943599.7387867]
[1616943597.1971633, 1616943599.8974886]
[1616943597.2877266, 1616943599.9953923]
[1616943597.0791557, 1616943599.737123]
[1616943597.2093003, 1616943599.8667781]
[1616943597.3265183, 1616943600.0013754]
[1616943597.2277517, 1616943599.8825312]
[1616943597.17991, 1616943599.8055975]
[1616943597.272775, 1616943599.9108324]
[1616943597.332257, 1616943599.9530964]
[1616943597.4588614, 1616943600.1567614]
[1616943597.6031811, 1616943600.3106618]
[1616943597.5558019, 1616943600.2481468]
[1616943597.5057366, 1616943600.198904]
[1616943597.7592707, 1616943600.4465854]
[1616943597.638267, 1616943600.2863352]
[1616943597.6646154, 1616943600.3286498]
[1616943597.7097418, 1616943600.334419]
[1616943597.8612769, 1616943600.559256]
[1616943597.8192964, 1616943600.4783278]
[1616943597.9876084, 1616943600.7082818]
[1616943597.9920144, 1616943600.6492677]
[1616943598.227434, 1616943600.931588]
[1616943597.8729901, 1616943600.5427113]
[1616943598.082421, 1616943600.7855422]
[1616943598.123013, 1616943600.8691413]
[1616943598.4892297, 1616943601.1886907]
[1616943598.1825812, 1616943600.8526573]
[1616943598.218778, 1616943600.8677177]
[1616943598.5062938, 1616943601.1422074]
[1616943598.5034707, 1616943601.168961]
[1616943598.528086, 1616943601.2309206]
[1616943598.7234404, 1616943601.4209256]
[1616943598.5420103, 1616943601.1809773]
[1616943598.6649246, 1616943601.4070404]
[1616943598.7881536, 1616943601.5010717]
[1616943598.8063116, 1616943601.481289]
[1616943598.7953482, 1616943601.4414449]
[1616943598.9548304, 1616943601.654375]
[1616943598.764982, 1616943601.4386683]
[1616943598.8309195, 1616943601.521426]
[1616943598.9329343, 1616943601.6170866]
[1616943598.911944, 1616943601.5898051]
[1616943599.2855966, 1616943601.9721925]
[1616943599.1060112, 1616943601.806459]
[1616943599.2640357, 1616943601.9635515]
[1616943599.4269032, 1616943602.13953]
[1616943599.3942533, 1616943602.0334222]
[1616943599.4651902, 1616943602.1108327]
[1616943599.219435, 1616943601.882058]
[1616943599.327304, 1616943602.0119338]
[1616943599.639442, 1616943602.3266296]
[1616943599.6995256, 1616943602.3694136]
[1616943599.578125, 1616943602.274775]
[1616943599.5696962, 1616943602.2792907]
[1616943599.6678827, 1616943602.3466454]
[1616943599.6980906, 1616943602.4058385]
[1616943599.7755291, 1616943602.4783576]
[1616943599.9117012, 1616943602.6232111]
[1616943600.0285864, 1616943602.7373736]
[1616943600.1619265, 1616943602.874498]
[1616943600.0425067, 1616943602.698172]
[1616943600.0164945, 1616943602.6992755]
[1616943600.1138985, 1616943602.797688]
[1616943600.133675, 1616943602.8302062]
[1616943600.2380712, 1616943602.9202924]
[1616943600.2375305, 1616943602.9492807]
[1616943600.0383415, 1616943602.6690457]
[1616943600.2111003, 1616943602.925117]
[1616943600.4485161, 1616943603.071482]
[1616943600.6365738, 1616943603.3331676]
[1616943600.3270094, 1616943603.0275826]
[1616943600.5592287, 1616943603.2453532]
[1616943600.6193457, 1616943603.31556]
[1616943600.707546, 1616943603.391516]
[1616943600.5998127, 1616943603.3173387]
[1616943600.719159, 1616943603.4575946]
[1616943600.74128, 1616943603.4202576]
[1616943600.9243739, 1616943603.6024973]
[1616943601.0514517, 1616943603.7513323]
[1616943601.0363755, 1616943603.7395573]
[1616943600.929307, 1616943603.6386683]
[1616943600.7063718, 1616943603.3843858]
[1616943600.9074783, 1616943603.6358197]
[1616943601.2215989, 1616943603.9369497]
[1616943601.0852032, 1616943603.7864206]
[1616943601.2335548, 1616943603.8744726]
[1616943601.33801, 1616943604.0408087]
[1616943601.2638106, 1616943603.9973066]
[1616943601.3239105, 1616943603.9834278]
[1616943601.3909178, 1616943604.027238]
[1616943601.4727345, 1616943604.163109]
[1616943601.5011637, 1616943604.2020068]
[1616943601.542754, 1616943604.2368147]
[1616943601.5879169, 1616943604.3234518]
[1616943601.4986935, 1616943604.1658802]
[1616943601.5822577, 1616943604.3019533]
[1616943601.6378639, 1616943604.3283448]
[1616943601.4901757, 1616943604.1714764]
[1616943601.8046117, 1616943604.5166886]
[1616943601.7877154, 1616943604.5045025]
[1616943602.0818522, 1616943604.774515]
[1616943601.9155471, 1616943604.6092813]
[1616943602.07517, 1616943604.8002577]
[1616943601.952288, 1616943604.6552415]
[1616943602.086119, 1616943604.8059857]
[1616943602.0704823, 1616943604.717767]
[1616943602.2836757, 1616943604.9924102]
[1616943602.2422714, 1616943604.9646769]
[1616943602.345186, 1616943605.053032]
[1616943602.4329293, 1616943605.1658578]
[1616943602.5216765, 1616943605.2414594]
[1616943602.3806078, 1616943605.065928]
[1616943602.6846786, 1616943605.3232725]
[1616943602.6859334, 1616943605.3352299]
[1616943602.4615324, 1616943605.1662662]
[1616943602.8475306, 1616943605.5250883]
[1616943602.517253, 1616943605.2397718]
[1616943602.6916473, 1616943605.41249]
[1616943602.6568756, 1616943605.3832433]
[1616943602.9349737, 1616943605.6776788]
[1616943603.0432003, 1616943605.7615132]
[1616943602.9823067, 1616943605.6954198]
[1616943603.0141115, 1616943605.7159169]
[1616943603.1404517, 1616943605.7935119]
[1616943603.119676, 1616943605.829833]
[1616943603.0774558, 1616943605.7223685]
[1616943603.275532, 1616943605.9974005]
[1616943603.044463, 1616943605.7868109]
[1616943603.1254272, 1616943605.8253996]
[1616943603.0823705, 1616943605.779612]
[1616943603.1896544, 1616943606.0065567]
[1616943603.3509607, 1616943606.0850792]
[1616943603.3994768, 1616943606.101055]
[1616943603.4626172, 1616943606.1154814]
[1616943603.6453533, 1616943606.3735173]
[1616943603.6821504, 1616943606.4035726]
[1616943603.761375, 1616943606.4998217]
[1616943603.591164, 1616943606.310533]
[1616943603.9683888, 1616943606.6911018]
[1616943603.8503232, 1616943606.5438147]
[1616943603.881998, 1616943606.512785]
[1616943603.7913065, 1616943606.485807]
[1616943603.7513118, 1616943606.433553]
[1616943603.8697507, 1616943606.5472474]
[1616943604.1028335, 1616943606.8031409]
[1616943604.122803, 1616943606.8315766]
[1616943604.2250578, 1616943606.929232]
[1616943604.2640848, 1616943606.9436193]
[1616943604.3939471, 1616943607.1546178]
[1616943604.2616873, 1616943606.9411395]
[1616943604.1083562, 1616943606.7422788]
[1616943604.254479, 1616943607.0193272]
[1616943604.3147717, 1616943607.0265357]
[1616943604.4299402, 1616943607.124514]
[1616943604.4514012, 1616943607.0992591]
[1616943604.5059998, 1616943607.221254]
[1616943604.3821225, 1616943607.12232]
[1616943604.853472, 1616943607.5846376]
[1616943604.712428, 1616943607.4358451]
[1616943604.7765336, 1616943607.4689987]
[1616943604.9698808, 1616943607.6915855]
[1616943604.871867, 1616943607.5942783]
[1616943604.7909758, 1616943607.5057666]
[1616943604.8213365, 1616943607.5585108]
[1616943604.7408817, 1616943607.3785722]
[1616943604.9341722, 1616943607.648037]
[1616943604.8519247, 1616943607.5724952]
[1616943604.8884957, 1616943607.5582638]
[1616943605.0219529, 1616943607.7237136]
[1616943605.1047175, 1616943607.8152642]
[1616943605.1578062, 1616943607.8855536]
[1616943605.1379611, 1616943607.8436723]
[1616943605.2273836, 1616943607.9298465]
[1616943605.1217866, 1616943607.8361666]
[1616943605.546249, 1616943608.1930897]
[1616943605.638518, 1616943608.3724782]
[1616943605.3325388, 1616943607.967059]
[1616943605.5692415, 1616943608.2927933]
[1616943605.6328015, 1616943608.316649]
[1616943605.5808694, 1616943608.3295689]
[1616943605.8263912, 1616943608.4903007]
[1616943605.5938125, 1616943608.2319973]
[1616943605.6251419, 1616943608.3388846]
[1616943605.9533296, 1616943608.653487]
[1616943605.978175, 1616943608.6850371]
[1616943606.0083408, 1616943608.7316966]
[1616943606.0566978, 1616943608.803877]
[1616943605.7879922, 1616943608.4953384]
[1616943605.8799748, 1616943608.5862489]
[1616943606.1672494, 1616943608.8363242]
[1616943606.0634253, 1616943608.7682037]
[1616943606.1934729, 1616943608.8950334]
[1616943606.2114253, 1616943608.9206743]
[1616943606.3164382, 1616943609.062765]
[1616943606.3795326, 1616943609.1040862]
[1616943606.5535033, 1616943609.232809]
[1616943606.5170918, 1616943609.2366717]
[1616943606.464487, 1616943609.1761339]
[1616943606.4072258, 1616943609.0371826]
[1616943606.4234507, 1616943609.1344607]
[1616943606.465649, 1616943609.1812134]
[1616943606.4681544, 1616943609.1833608]
[1616943606.7784884, 1616943609.4655795]
[1616943606.7773545, 1616943609.410453]
[1616943606.7546246, 1616943609.416659]
[1616943606.732331, 1616943609.4455116]
[1616943606.842276, 1616943609.5493004]
[1616943606.6560216, 1616943609.3534663]
[1616943606.9892998, 1616943609.6532624]
[1616943606.9955132, 1616943609.6789396]
[1616943606.8649552, 1616943609.5845442]
[1616943607.1112318, 1616943609.780658]
[1616943606.8389914, 1616943609.5571938]
[1616943607.1491246, 1616943609.8384092]
[1616943607.3662155, 1616943610.092495]
[1616943607.3349102, 1616943610.128162]
[1616943607.2550714, 1616943609.9690835]
[1616943607.3739066, 1616943610.085435]
[1616943607.5007398, 1616943610.213725]
[1616943607.5287979, 1616943610.238916]
[1616943607.5562806, 1616943610.277085]
[1616943607.7400033, 1616943610.4332385]
[1616943607.4362764, 1616943610.0702603]
[1616943607.6553278, 1616943610.4004736]
[1616943607.8070462, 1616943610.5211031]
[1616943607.7512891, 1616943610.4722412]
[1616943607.7525952, 1616943610.4792717]
[1616943607.6962867, 1616943610.3896947]
[1616943607.91759, 1616943610.6489077]
[1616943607.8078594, 1616943610.5217774]
[1616943607.9674716, 1616943610.6602483]
[1616943608.0261862, 1616943610.6681743]
[1616943608.0538497, 1616943610.7607467]
[1616943608.1771076, 1616943610.8881567]
[1616943608.0635853, 1616943610.7728212]
[1616943608.158113, 1616943610.853158]
[1616943608.231783, 1616943610.9454012]
[1616943608.283818, 1616943611.019052]
[1616943608.2573645, 1616943610.9263403]
[1616943608.426594, 1616943611.1561735]
[1616943608.367483, 1616943611.086762]
[1616943608.5094578, 1616943611.2161636]
[1616943608.6247897, 1616943611.3434827]
[1616943608.6754088, 1616943611.369602]
[1616943608.2180023, 1616943610.9134316]
[1616943608.790255, 1616943611.517639]
[1616943608.8062077, 1616943611.5225344]
[1616943608.8324852, 1616943611.6087565]
[1616943608.7095485, 1616943611.4179852]
[1616943608.9983785, 1616943611.7239568]
[1616943609.1025236, 1616943611.7418375]
[1616943608.8795056, 1616943611.5636284]
[1616943608.950098, 1616943611.6600878]
[1616943608.9399686, 1616943611.6549604]
[1616943609.0927255, 1616943611.855637]
[1616943609.1263213, 1616943611.8626614]
[1616943609.0053718, 1616943611.695182]
[1616943608.8897913, 1616943611.5486505]
[1616943609.2533283, 1616943611.9515748]
[1616943609.4033978, 1616943612.0932696]
[1616943609.4197211, 1616943612.0651898]
[1616943609.251662, 1616943611.9868345]
[1616943609.5181227, 1616943612.2143846]
[1616943609.5411274, 1616943612.2534683]
[1616943609.4349647, 1616943612.0862582]
[1616943609.703712, 1616943612.391821]
[1616943609.5661895, 1616943612.3098428]
[1616943609.6126425, 1616943612.3337042]
[1616943609.5559719, 1616943612.283519]
[1616943609.66889, 1616943612.329324]
[1616943609.888636, 1616943612.667674]
[1616943609.8824582, 1616943612.5378942]
[1616943610.0741482, 1616943612.7813768]
[1616943609.6313307, 1616943612.3793657]
[1616943609.7338336, 1616943612.444201]
[1616943609.7256744, 1616943612.4477694]
[1616943610.0901337, 1616943612.8392982]
[1616943609.8593807, 1616943612.5353413]
[1616943610.2260787, 1616943612.9225643]
[1616943610.2179909, 1616943612.9419677]
[1616943610.358827, 1616943613.0984008]
[1616943610.1666825, 1616943612.9018753]
[1616943610.3834095, 1616943613.1011145]
[1616943610.4452765, 1616943613.1471357]
[1616943610.4614377, 1616943613.0975733]
[1616943610.4194765, 1616943613.1197162]
[1616943610.408361, 1616943613.1355553]
[1616943610.671492, 1616943613.3959963]
[1616943610.4981248, 1616943613.2346497]
[1616943610.5754924, 1616943613.3015893]
[1616943610.6590626, 1616943613.3803706]
[1616943610.780801, 1616943613.5106864]
[1616943610.8494205, 1616943613.4937334]
[1616943610.8282785, 1616943613.5221798]
[1616943611.0723653, 1616943613.816262]
[1616943610.959879, 1616943613.6812398]
[1616943611.091796, 1616943613.7980156]
[1616943611.184272, 1616943613.8685837]
[1616943610.9068885, 1616943613.6142805]
[1616943611.2007248, 1616943613.8922498]
[1616943611.3779697, 1616943614.1016712]
[1616943611.175061, 1616943613.9055867]
[1616943611.2456315, 1616943613.9637854]
[1616943611.3747633, 1616943614.0759635]
[1616943611.4711864, 1616943614.1979077]
[1616943611.115897, 1616943613.7736661]
[1616943611.4688308, 1616943614.1735415]
[1616943611.6495824, 1616943614.3592012]
[1616943611.5075374, 1616943614.2364378]
[1616943611.5198116, 1616943614.2267716]
[1616943611.5808694, 1616943614.2786086]
[1616943611.6682036, 1616943614.3805952]
[1616943611.6427197, 1616943614.4193761]
[1616943611.5460525, 1616943614.264694]
[1616943611.5856314, 1616943614.2503092]
[1616943611.8817716, 1616943614.6253703]
[1616943611.9545805, 1616943614.5893621]
[1616943612.1744435, 1616943614.822405]
[1616943611.9419782, 1616943614.719279]
[1616943612.0586119, 1616943614.7522619]
[1616943612.0103903, 1616943614.7299788]
[1616943612.1853325, 1616943614.9014475]
[1616943612.1894116, 1616943614.8675084]
[1616943612.3712056, 1616943615.03923]
[1616943612.0892277, 1616943614.7518783]
[1616943612.1345878, 1616943614.8352907]
[1616943612.339762, 1616943615.0474885]
[1616943612.3007047, 1616943615.0340476]
[1616943612.303576, 1616943615.0344613]
[1616943612.5355346, 1616943615.2578495]
[1616943612.546103, 1616943615.180806]
[1616943612.6023662, 1616943615.2737708]
[1616943612.7414954, 1616943615.4713802]
[1616943612.7024074, 1616943615.4323397]
[1616943612.9222586, 1616943615.6541817]
[1616943612.7724671, 1616943615.4519358]
[1616943612.9705758, 1616943615.711582]
[1616943613.0864644, 1616943615.8009121]
[1616943613.172176, 1616943615.9060404]
[1616943612.867026, 1616943615.613497]
[1616943612.9999156, 1616943615.704332]
[1616943613.07584, 1616943615.8046014]
[1616943613.2966888, 1616943616.0610144]
[1616943613.189747, 1616943615.9171114]
[1616943613.2147129, 1616943615.901957]
[1616943613.4559133, 1616943616.1892369]
[1616943613.2744431, 1616943615.9928071]
[1616943613.5011663, 1616943616.1304905]
[1616943613.4105425, 1616943616.1228492]
[1616943613.255519, 1616943615.9743118]
[1616943613.5293665, 1616943616.2420118]
[1616943613.6355507, 1616943616.3389106]
[1616943613.6120944, 1616943616.3196764]
[1616943613.4381168, 1616943616.1551092]
[1616943613.882216, 1616943616.5629296]
[1616943613.8677664, 1616943616.5741708]
[1616943613.9072542, 1616943616.6082604]
[1616943613.921807, 1616943616.637767]
[1616943613.8597126, 1616943616.5816631]
[1616943613.9470923, 1616943616.577318]
[1616943614.123873, 1616943616.8390656]
[1616943613.96804, 1616943616.6494932]
[1616943613.9986885, 1616943616.7040126]
[1616943613.9534106, 1616943616.6645155]
[1616943614.364428, 1616943617.0645847]
[1616943614.134659, 1616943616.8466163]
[1616943614.5279622, 1616943617.1927912]
[1616943614.3610914, 1616943617.0546308]
[1616943614.4145095, 1616943617.1164207]
[1616943614.5532713, 1616943617.2809415]
[1616943614.6554554, 1616943617.3797176]
[1616943614.672263, 1616943617.402975]
[1616943614.460705, 1616943617.2602592]
[1616943614.526282, 1616943617.2656024]
[1616943614.564135, 1616943617.2372322]
[1616943614.675463, 1616943617.4181328]
[1616943614.6089504, 1616943617.2313235]
[1616943614.6358254, 1616943617.3567605]
[1616943614.8612726, 1616943617.5609121]
[1616943615.0463588, 1616943617.768374]
[1616943615.044255, 1616943617.701812]
[1616943615.0191417, 1616943617.720881]
[1616943614.9999726, 1616943617.689722]
[1616943615.1395817, 1616943617.8567345]
[1616943615.314183, 1616943617.9701023]
[1616943615.1664834, 1616943617.8716102]
[1616943615.3022623, 1616943617.9559073]
[1616943615.3140304, 1616943618.0430257]
[1616943615.1603208, 1616943617.8351092]
[1616943615.0474033, 1616943617.6993525]
[1616943615.2862544, 1616943617.96363]
[1616943615.6544065, 1616943618.4190805]
[1616943615.1514745, 1616943617.8035984]
[1616943615.6230357, 1616943618.3862884]
[1616943615.5669205, 1616943618.2921114]
[1616943615.5349724, 1616943618.2257445]
[1616943615.661605, 1616943618.3917081]
[1616943615.5209992, 1616943618.2474074]
[1616943615.7184792, 1616943618.4122946]
[1616943615.7811742, 1616943618.5115192]
[1616943615.6571124, 1616943618.3469949]
[1616943615.8219578, 1616943618.5267303]
[1616943616.138608, 1616943618.7745097]
[1616943616.1716962, 1616943618.9316525]
[1616943616.0061784, 1616943618.73484]
[1616943615.7852752, 1616943618.485282]
[1616943615.9603586, 1616943618.693065]
[1616943616.1335003, 1616943618.8301814]
[1616943615.985897, 1616943618.7179298]
[1616943616.032971, 1616943618.7514412]
[1616943616.3094404, 1616943619.0167692]
[1616943616.374937, 1616943619.064062]
[1616943616.414766, 1616943619.1460273]
[1616943616.39103, 1616943619.1046033]
[1616943616.5631378, 1616943619.3099444]
[1616943616.7147973, 1616943619.4376023]
[1616943616.7204456, 1616943619.4046621]
[1616943616.8348203, 1616943619.601436]
[1616943616.8432894, 1616943619.4862466]
[1616943616.6928284, 1616943619.3619668]
[1616943616.6861532, 1616943619.4094872]
[1616943616.6966674, 1616943619.4204283]
[1616943616.9113884, 1616943619.6292992]
[1616943616.907625, 1616943619.6308022]
[1616943616.9878843, 1616943619.6822832]
[1616943617.0179124, 1616943619.7333014]
[1616943617.1598287, 1616943619.8475983]
[1616943616.8792367, 1616943619.57656]
[1616943617.1301804, 1616943619.865814]
[1616943617.00612, 1616943619.7050037]
[1616943617.349731, 1616943620.0582848]
[1616943617.2358546, 1616943619.9015477]
[1616943617.657975, 1616943620.4210434]
[1616943617.6356173, 1616943620.3676345]
[1616943617.5385513, 1616943620.2449477]
[1616943617.6762288, 1616943620.355499]
[1616943617.6297233, 1616943620.3591897]
[1616943617.4999251, 1616943620.2309873]
[1616943617.5238678, 1616943620.240973]
[1616943617.4202363, 1616943620.1697502]
[1616943617.8564491, 1616943620.5106]
[1616943617.8499146, 1616943620.542366]
[1616943617.8883002, 1616943620.5790164]
[1616943617.8715427, 1616943620.583575]
[1616943618.0387588, 1616943620.740163]
[1616943617.747279, 1616943620.4495704]
[1616943618.0059469, 1616943620.6695874]
[1616943617.8438098, 1616943620.5187445]
[1616943618.1969638, 1616943620.8573737]
[1616943617.8224106, 1616943620.479498]
[1616943618.2882855, 1616943621.1009161]
[1616943618.2925508, 1616943620.9512188]
[1616943618.1696825, 1616943620.8902178]
[1616943618.252394, 1616943620.9382262]
[1616943618.308769, 1616943621.0327442]
[1616943618.4273508, 1616943621.1899207]
[1616943618.4989169, 1616943621.201231]
[1616943618.5251687, 1616943621.2653577]
[1616943618.706727, 1616943621.4335139]
[1616943618.325822, 1616943621.0232596]
[1616943618.6429424, 1616943621.3626878]
[1616943618.4580898, 1616943621.1571822]
[1616943618.812858, 1616943621.4630306]
[1616943618.5905132, 1616943621.3009584]
[1616943618.8316731, 1616943621.5331342]
[1616943618.9260998, 1616943621.6424685]
[1616943618.85577, 1616943621.5777898]
[1616943619.0046103, 1616943621.7430885]
[1616943619.0469575, 1616943621.7456143]
[1616943619.0173452, 1616943621.7313914]
[1616943619.2602236, 1616943621.9601536]
[1616943619.062906, 1616943621.7850966]
[1616943619.2177796, 1616943621.9359186]
[1616943619.1994653, 1616943621.9433606]
[1616943619.3111043, 1616943621.9961588]
[1616943619.432584, 1616943622.1596403]
[1616943619.6592598, 1616943622.3845882]
[1616943619.5244842, 1616943622.2363534]
[1616943619.509849, 1616943622.1651726]
[1616943619.5985558, 1616943622.295036]
[1616943619.6339223, 1616943622.397913]
[1616943619.8424299, 1616943622.5686188]
[1616943619.6691492, 1616943622.3682015]
[1616943619.8452783, 1616943622.5956295]
[1616943619.9872851, 1616943622.6935124]
[1616943619.7214475, 1616943622.425964]
[1616943619.7224057, 1616943622.4126232]
[1616943619.9664562, 1616943622.689594]
[1616943620.0104632, 1616943622.6677425]
[1616943619.929541, 1616943622.5795724]
[1616943620.0135412, 1616943622.7109554]
[1616943620.17194, 1616943622.8123858]
[1616943620.084289, 1616943622.7935243]
[1616943620.0401456, 1616943622.7821345]
[1616943620.3798757, 1616943623.0884912]
[1616943620.339339, 1616943623.0092196]
[1616943620.508138, 1616943623.185116]
[1616943620.324671, 1616943623.0269117]
[1616943620.3762672, 1616943623.1053321]
[1616943620.7734601, 1616943623.4577503]
[1616943620.6300163, 1616943623.3530574]
[1616943620.8387341, 1616943623.5889044]
[1616943620.7092512, 1616943623.379023]
[1616943620.7357, 1616943623.4611185]
[1616943620.7911744, 1616943623.455495]
[1616943620.9242392, 1616943623.64276]
[1616943620.7215762, 1616943623.4141088]
[1616943620.9789908, 1616943623.664083]
[1616943620.7786603, 1616943623.4553971]
[1616943620.9618573, 1616943623.6250606]
[1616943621.0579183, 1616943623.7794538]
[1616943621.1727734, 1616943623.8353148]
[1616943621.1000638, 1616943623.8074415]
[1616943621.1737425, 1616943623.8402328]
[1616943621.1445906, 1616943623.876855]
[1616943621.3104799, 1616943624.0142963]
[1616943621.4665232, 1616943624.1998224]
[1616943621.2509313, 1616943623.976065]
[1616943621.318873, 1616943624.055393]
[1616943621.4086828, 1616943624.1281476]
[1616943621.5150669, 1616943624.1583166]
[1616943621.4645624, 1616943624.1944575]
[1616943621.5912147, 1616943624.3184397]
[1616943621.601471, 1616943624.339882]
[1616943621.5237215, 1616943624.252529]
[1616943621.557906, 1616943624.2551606]
[1616943621.5628452, 1616943624.2512102]
[1616943621.7364898, 1616943624.4536138]
[1616943621.9192677, 1616943624.6375718]
[1616943621.925998, 1616943624.6408143]
[1616943622.1642663, 1616943624.9064062]
[1616943621.9542127, 1616943624.66556]
[1616943621.9762683, 1616943624.6910334]
[1616943621.9497983, 1616943624.7285893]
[1616943622.1257763, 1616943624.8430374]
[1616943622.0425627, 1616943624.7409995]
[1616943622.5135925, 1616943625.3135161]
[1616943622.226399, 1616943624.8892767]
[1616943622.2593508, 1616943624.967382]
[1616943622.4765363, 1616943625.173088]
[1616943622.396031, 1616943625.1287975]
[1616943622.459392, 1616943625.1611466]
[1616943622.3675494, 1616943625.0569158]
[1616943622.7021146, 1616943625.4204063]
[1616943622.715788, 1616943625.4285803]
[1616943622.8081098, 1616943625.5154443]
[1616943622.6835427, 1616943625.3933427]
[1616943622.808974, 1616943625.4740713]
[1616943622.6765816, 1616943625.3410149]
[1616943622.9751678, 1616943625.705652]
[1616943622.795104, 1616943625.516122]
[1616943622.7573965, 1616943625.486603]
[1616943622.8146532, 1616943625.5541134]
[1616943622.884934, 1616943625.5336719]
[1616943623.1116815, 1616943625.8549855]
[1616943623.0322857, 1616943625.708324]
[1616943622.9217167, 1616943625.6119072]
[1616943623.1679711, 1616943625.8462126]
[1616943623.138204, 1616943625.8460662]
[1616943623.317266, 1616943626.045407]
[1616943623.2762637, 1616943625.935122]
[1616943623.3475327, 1616943626.0524678]
[1616943623.3842528, 1616943626.0578198]
[1616943623.3639755, 1616943626.0697765]
[1616943623.4642775, 1616943626.1684196]
[1616943623.4525046, 1616943626.152174]
[1616943623.688528, 1616943626.4022489]
[1616943623.69832, 1616943626.3409185]
[1616943623.6600118, 1616943626.3802834]
[1616943623.705482, 1616943626.4222543]
[1616943623.7841485, 1616943626.5326004]
[1616943623.8227646, 1616943626.5204296]
[1616943623.793595, 1616943626.4572663]
[1616943624.021907, 1616943626.726602]
[1616943624.2099402, 1616943626.9286735]
[1616943623.7659447, 1616943626.47491]
[1616943624.070143, 1616943626.8540878]
[1616943623.925761, 1616943626.6783164]
[1616943624.1587422, 1616943627.0240126]
[1616943624.2977216, 1616943627.0081017]
[1616943624.2173598, 1616943626.9441633]
[1616943624.3565679, 1616943627.0828793]
[1616943624.3162627, 1616943627.0381331]
[1616943624.3233836, 1616943627.044875]
[1616943624.3906455, 1616943627.067041]
[1616943624.4628587, 1616943627.1660476]
[1616943624.5134134, 1616943627.2345479]
[1616943624.4985664, 1616943627.1382852]
[1616943624.5498064, 1616943627.1994388]
[1616943624.6881373, 1616943627.3963985]
[1616943624.7231283, 1616943627.4425101]
[1616943624.6620111, 1616943627.3745224]
[1616943624.9063234, 1616943627.5938632]
[1616943624.758909, 1616943627.4545949]
[1616943624.8350565, 1616943627.5836928]
[1616943624.9485543, 1616943627.6804128]
[1616943624.9741476, 1616943627.6694274]
[1616943625.0277343, 1616943627.7604194]
[1616943625.099095, 1616943627.746797]
[1616943625.1700008, 1616943627.8738751]
[1616943625.354074, 1616943628.057039]
[1616943625.1888812, 1616943627.9079783]
[1616943625.068861, 1616943627.7767549]
[1616943625.0964122, 1616943627.8322942]
[1616943625.3576784, 1616943628.089541]
[1616943625.326504, 1616943628.1228774]
[1616943625.4739802, 1616943628.192419]
[1616943625.4039059, 1616943628.1091645]
[1616943625.6608653, 1616943628.3827846]
[1616943625.6520653, 1616943628.2845094]
[1616943625.6510973, 1616943628.37435]
[1616943625.6902866, 1616943628.3978004]
[1616943625.5622497, 1616943628.2988303]
[1616943625.734307, 1616943628.4242852]
[1616943625.7620935, 1616943628.46552]
[1616943625.8086088, 1616943628.5127163]
[1616943625.9484472, 1616943628.6717548]
[1616943625.9109251, 1616943628.615084]
[1616943625.8550436, 1616943628.5592782]
[1616943625.889005, 1616943628.6271935]
[1616943625.9329128, 1616943628.5916066]
[1616943626.1762896, 1616943628.8753335]
[1616943626.2788515, 1616943628.9754815]
[1616943626.1278841, 1616943628.843235]
[1616943626.2285876, 1616943628.927351]
[1616943626.3923986, 1616943629.1117842]
[1616943626.341897, 1616943629.0790017]
[1616943626.4004025, 1616943629.0363774]
[1616943626.2926073, 1616943628.9898124]
[1616943626.5781763, 1616943629.316562]
[1616943626.4985728, 1616943629.159883]
[1616943626.7408335, 1616943629.480771]
[1616943626.7397914, 1616943629.4734046]
[1616943626.6600788, 1616943629.3668692]
[1616943626.4913027, 1616943629.2313418]
[1616943626.8146017, 1616943629.520357]
[1616943626.84174, 1616943629.5662673]
[1616943627.0704591, 1616943629.810878]
[1616943626.8115056, 1616943629.525197]
[1616943627.0572538, 1616943629.776692]
[1616943626.9793725, 1616943629.7121398]
[1616943626.9961302, 1616943629.716626]
[1616943627.1637871, 1616943629.9233072]
[1616943627.153037, 1616943629.7985246]
[1616943627.0651977, 1616943629.802003]
[1616943627.1714606, 1616943629.8638036]
[1616943627.2701182, 1616943629.9456825]
[1616943627.231016, 1616943629.8675644]
[1616943627.2599456, 1616943629.993336]
[1616943627.3390183, 1616943630.039269]
[1616943627.4258947, 1616943630.139345]
[1616943627.5025866, 1616943630.2210634]
[1616943627.5262325, 1616943630.2143424]
[1616943627.5884995, 1616943630.3629723]
[1616943627.6558702, 1616943630.3480601]
[1616943627.834125, 1616943630.5514033]
[1616943627.5644257, 1616943630.3290792]
[1616943627.9315848, 1616943630.6371946]
[1616943627.8762896, 1616943630.6129997]
[1616943627.7804234, 1616943630.5009954]
[1616943627.728852, 1616943630.4604836]
[1616943627.8785963, 1616943630.5760567]
[1616943628.0060425, 1616943630.637234]
[1616943628.0940838, 1616943630.7879174]
[1616943628.099434, 1616943630.8747628]
[1616943628.2141502, 1616943630.9309783]
[1616943628.3962235, 1616943631.091397]
[1616943628.3338354, 1616943631.0488348]
[1616943628.3997035, 1616943631.121727]
[1616943628.609542, 1616943631.2951264]
[1616943628.3677285, 1616943631.0092185]
[1616943628.5091395, 1616943631.2326345]
[1616943628.5454316, 1616943631.261061]
[1616943628.6701515, 1616943631.433084]
[1616943628.5813003, 1616943631.2652571]
[1616943628.8531005, 1616943631.5671175]
[1616943628.6191943, 1616943631.320374]
[1616943628.8139224, 1616943631.5213003]
[1616943628.6102328, 1616943631.2788641]
[1616943628.7585742, 1616943631.434068]
[1616943628.824242, 1616943631.6131089]
[1616943629.1627958, 1616943631.8774574]
[1616943629.129627, 1616943631.8355122]
[1616943628.941432, 1616943631.639226]
[1616943629.06978, 1616943631.7112007]
[1616943629.1300797, 1616943631.8466663]
[1616943629.1043108, 1616943631.8228333]
[1616943629.3171523, 1616943632.056601]
[1616943629.4684231, 1616943632.1728148]
[1616943629.1861293, 1616943631.875213]
[1616943629.2183957, 1616943631.9067504]
[1616943629.5506124, 1616943632.2713978]
[1616943629.470966, 1616943632.181582]
[1616943629.336585, 1616943632.0721924]
[1616943629.490269, 1616943632.2147334]
[1616943629.6004035, 1616943632.3274767]
[1616943629.741623, 1616943632.4733517]
[1616943629.6101935, 1616943632.328233]
[1616943629.737944, 1616943632.4512932]
[1616943629.7780287, 1616943632.4426496]
[1616943629.9084525, 1616943632.5505805]
[1616943629.6874733, 1616943632.3930118]
[1616943630.062097, 1616943632.7700088]
[1616943630.0114295, 1616943632.7698588]
[1616943629.9491441, 1616943632.6382186]
[1616943629.9367733, 1616943632.6680977]
[1616943630.0358992, 1616943632.7641506]
[1616943630.0244758, 1616943632.6957068]
[1616943630.2214694, 1616943632.9328923]
[1616943630.263824, 1616943632.998527]
[1616943630.1383548, 1616943632.8548548]
[1616943630.6416786, 1616943633.3642728]
[1616943630.359865, 1616943633.0597816]
[1616943630.4033453, 1616943633.1305768]
[1616943630.6474454, 1616943633.2791772]
[1616943630.4378552, 1616943633.1749868]
[1616943630.5855715, 1616943633.2792318]
[1616943630.5278897, 1616943633.3794692]
[1616943630.7375824, 1616943633.4501452]
[1616943630.7744098, 1616943633.499659]
[1616943630.8640718, 1616943633.5603278]
[1616943630.9158769, 1616943633.5736227]
[1616943630.766504, 1616943633.5575006]
[1616943630.9141505, 1616943633.6305525]
[1616943630.8803046, 1616943633.6081045]
[1616943631.0556586, 1616943633.7729557]
[1616943630.934766, 1616943633.866762]
[1616943631.1103396, 1616943633.8212295]
[1616943631.0176473, 1616943633.6822882]
[1616943631.0435963, 1616943633.7782423]
[1616943631.1294022, 1616943633.8439682]
[1616943631.198774, 1616943633.9996138]
[1616943631.2813227, 1616943633.9750617]
[1616943631.2815576, 1616943634.0014975]
[1616943631.4171004, 1616943634.1255534]
[1616943631.4120955, 1616943634.1175451]
[1616943631.7549884, 1616943634.4557827]
[1616943631.7235312, 1616943634.3558226]
[1616943631.8184497, 1616943634.5238943]
[1616943631.7861314, 1616943634.5386164]
[1616943631.6274996, 1616943634.3652587]
[1616943631.8512533, 1616943634.565919]
[1616943631.9714477, 1616943634.6593153]
[1616943631.9008343, 1616943634.5987234]
[1616943632.0060835, 1616943634.662989]
[1616943631.9983182, 1616943634.7331984]
[1616943632.1244807, 1616943634.8453453]
[1616943631.9565637, 1616943634.6587727]
[1616943632.14587, 1616943634.8934677]
[1616943632.3054001, 1616943635.1135535]
[1616943631.9765387, 1616943634.685414]
[1616943632.1763895, 1616943634.850412]
[1616943632.2374055, 1616943634.9563673]
[1616943632.1276822, 1616943634.8907256]
[1616943632.3176808, 1616943635.0546136]
[1616943632.4115653, 1616943635.1159472]
[1616943632.4580526, 1616943635.178039]
[1616943632.7065055, 1616943635.3758912]
[1616943632.5250385, 1616943635.2568645]
[1616943632.6556787, 1616943635.358889]
[1616943632.628414, 1616943635.2762349]
[1616943632.6698253, 1616943635.3362417]
[1616943632.7446058, 1616943635.4531646]
[1616943632.82033, 1616943635.545644]
[1616943632.7260761, 1616943635.4505687]
[1616943632.8629696, 1616943635.5802743]
[1616943632.880681, 1616943635.5871503]
[1616943632.978216, 1616943635.7016096]
[1616943632.9062335, 1616943635.7178836]
[1616943633.001818, 1616943635.745821]
[1616943633.1853704, 1616943635.9008734]
[1616943633.1898012, 1616943635.998305]
[1616943633.359958, 1616943636.0448878]
[1616943633.28971, 1616943635.8928323]
[1616943633.432475, 1616943636.1227431]
[1616943633.3037658, 1616943636.0389302]
[1616943633.4465446, 1616943636.163079]
[1616943633.6083915, 1616943636.2848475]
[1616943633.3031418, 1616943636.0352118]
[1616943633.388542, 1616943636.1169786]
[1616943633.515501, 1616943636.2782226]
[1616943633.5761182, 1616943636.2794487]
[1616943633.302992, 1616943636.0347583]
[1616943633.372387, 1616943636.103352]
[1616943633.7014039, 1616943636.3750362]
[1616943633.579499, 1616943636.294483]
[1616943633.7599282, 1616943636.644747]
[1616943633.7844968, 1616943636.507242]
[1616943633.7999291, 1616943636.5232306]
[1616943633.8815844, 1616943636.8349648]
[1616943633.9743168, 1616943636.7076092]
[1616943633.8607867, 1616943636.6391993]
[1616943633.9763675, 1616943636.7024133]
[1616943634.1341958, 1616943636.8188522]
[1616943633.9650202, 1616943636.6609824]
[1616943634.1571207, 1616943636.8911397]
[1616943634.1515687, 1616943636.855453]
[1616943634.1060648, 1616943636.80169]
[1616943634.0163593, 1616943636.74559]
[1616943634.2405035, 1616943636.942201]
[1616943634.0703404, 1616943636.83947]
[1616943634.3429475, 1616943637.0597844]
[1616943634.3833854, 1616943637.1143744]
[1616943634.3682806, 1616943637.0215678]
[1616943634.4323397, 1616943637.1978376]
[1616943634.5226545, 1616943637.2129095]
[1616943634.6043956, 1616943637.3128245]
[1616943634.546385, 1616943637.2708452]
[1616943634.5824854, 1616943637.294271]
[1616943634.6086435, 1616943637.3162754]
[1616943634.6025856, 1616943637.3105083]
[1616943634.6950154, 1616943637.3754675]
[1616943634.6256025, 1616943637.3255873]
[1616943634.677972, 1616943637.3899016]
[1616943634.733103, 1616943637.5494032]
[1616943634.674372, 1616943637.3397388]
[1616943634.777406, 1616943637.5136106]
[1616943634.8025975, 1616943637.524631]
[1616943634.688818, 1616943637.413112]
[1616943634.9963741, 1616943637.7093794]
[1616943635.0251892, 1616943637.8380802]
[1616943635.0481384, 1616943637.7212064]
[1616943635.1138763, 1616943637.834431]
[1616943635.0471292, 1616943637.7802625]
[1616943635.122073, 1616943637.8199675]
[1616943635.323838, 1616943638.0551274]
[1616943635.2144294, 1616943637.9346373]
[1616943635.1462572, 1616943637.867321]
[1616943635.3164546, 1616943637.9622145]
[1616943635.3479483, 1616943638.0145147]
[1616943635.3172693, 1616943638.056722]
[1616943635.3396068, 1616943638.0467181]
[1616943635.3483975, 1616943638.0528033]
[1616943635.5381637, 1616943638.196986]
[1616943635.680253, 1616943638.4036937]
[1616943635.4185402, 1616943638.1163218]
[1616943635.536232, 1616943638.250377]
[1616943635.4075067, 1616943638.064693]
[1616943635.4924262, 1616943638.231308]
[1616943635.545967, 1616943638.219211]
[1616943635.6971602, 1616943638.4164252]
[1616943635.7599764, 1616943638.5160182]
[1616943635.686444, 1616943638.4305062]
[1616943635.6316886, 1616943638.3387969]
[1616943635.8397222, 1616943638.580843]
[1616943635.8613443, 1616943638.5840306]
[1616943635.7837152, 1616943638.5154943]
[1616943635.8445, 1616943638.5928218]
[1616943635.903184, 1616943638.5108733]
[1616943635.845197, 1616943638.5642924]
[1616943635.8836815, 1616943638.5659723]
[1616943635.9559422, 1616943638.6869383]
[1616943635.9844277, 1616943638.624006]
[1616943636.001699, 1616943638.7072923]
[1616943635.9683218, 1616943638.6570675]
[1616943636.1151407, 1616943638.8233407]
[1616943636.090695, 1616943638.8216622]
[1616943636.0774627, 1616943638.7906523]
[1616943636.188661, 1616943638.962593]
[1616943636.1657279, 1616943638.8524609]
[1616943636.2619326, 1616943639.0023513]
[1616943636.350797, 1616943639.0617998]
[1616943636.2619345, 1616943638.9659958]
[1616943636.3247306, 1616943639.025432]
[1616943636.173052, 1616943638.9106255]
[1616943636.108535, 1616943638.8346887]
[1616943636.3196242, 1616943639.029738]
[1616943636.3515778, 1616943639.0852165]
[1616943636.3760948, 1616943639.088557]
[1616943636.4198835, 1616943639.118132]
[1616943636.4646351, 1616943639.1671207]
[1616943636.4835715, 1616943639.191566]
[1616943636.4312744, 1616943639.1166215]
[1616943636.4353416, 1616943639.1308215]
[1616943636.429418, 1616943639.1521425]
[1616943636.5693924, 1616943639.2790625]
[1616943636.577092, 1616943639.3221967]
[1616943636.606227, 1616943639.3244514]
[1616943636.6757717, 1616943639.380859]
[1616943636.64958, 1616943639.3852344]
[1616943636.6782937, 1616943639.3889682]
[1616943636.6301029, 1616943639.3584385]
[1616943636.6597724, 1616943639.4199808]
[1616943636.7630517, 1616943639.4853847]
[1616943636.8182604, 1616943639.5083823]
[1616943636.7802474, 1616943639.5328696]
[1616943636.722935, 1616943639.4531922]
[1616943636.754221, 1616943639.5163958]
[1616943636.8438673, 1616943639.516689]
[1616943636.8166604, 1616943639.520853]
[1616943636.8343847, 1616943639.5021796]
[1616943636.8815706, 1616943639.6839235]
[1616943636.905734, 1616943639.6485]
[1616943636.879148, 1616943639.5756266]
[1616943636.8978639, 1616943639.6110854]
[1616943636.895046, 1616943639.6523182]
[1616943636.9105947, 1616943639.6161346]
[1616943637.1545281, 1616943639.861712]
[1616943636.9769547, 1616943639.6851256]
[1616943636.9818115, 1616943639.712436]
[1616943636.9809668, 1616943639.6895874]
[1616943637.0172808, 1616943639.7061136]
[1616943637.0722358, 1616943639.794977]
[1616943637.1443763, 1616943639.8838544]
[1616943637.0383172, 1616943639.6818132]
[1616943637.1028821, 1616943639.8179705]
[1616943637.0992746, 1616943639.8156796]
[1616943637.146086, 1616943639.8477356]
[1616943637.3223646, 1616943640.029198]
[1616943637.2279804, 1616943639.9068725]
[1616943637.3078482, 1616943640.0284445]
[1616943637.3559966, 1616943640.0739002]
[1616943637.354886, 1616943640.1518002]
[1616943637.1198206, 1616943639.8456664]
[1616943637.2400978, 1616943639.9637702]
[1616943637.1926072, 1616943639.8969553]
[1616943637.3804424, 1616943640.0459912]
[1616943637.4187987, 1616943640.1270676]
[1616943637.2002501, 1616943639.9053822]
[1616943637.232293, 1616943639.9636714]
[1616943637.3747246, 1616943640.0940762]
[1616943637.2385948, 1616943639.936671]
[1616943637.3881986, 1616943640.1022627]
[1616943637.3870468, 1616943640.1118507]
[1616943637.4257789, 1616943640.1775923]
[1616943637.3183653, 1616943640.0274713]
[1616943637.2782903, 1616943639.9653587]
[1616943637.3546896, 1616943640.0799613]
[1616943637.2758746, 1616943639.9904077]
[1616943637.4407055, 1616943640.1679595]
[1616943637.5078688, 1616943640.2193449]
[1616943637.3370945, 1616943640.041174]
[1616943637.2712448, 1616943639.965538]
[1616943637.6634808, 1616943640.3826916]
[1616943637.5973117, 1616943640.5139835]
[1616943637.5526247, 1616943640.2584896]
[1616943637.4640067, 1616943640.2000797]
[1616943637.6579835, 1616943640.3739924]
[1616943637.6323235, 1616943640.335077]
[1616943637.5290446, 1616943640.3307707]
[1616943637.6012518, 1616943640.2995698]
[1616943637.3628583, 1616943640.073332]
[1616943637.519428, 1616943640.2381513]
[1616943637.352692, 1616943640.0564973]
[1616943637.6423895, 1616943640.359757]
[1616943637.3504367, 1616943640.0185535]
[1616943637.4361439, 1616943640.1565847]
[1616943637.6850302, 1616943640.3917434]
[1616943637.6780705, 1616943640.4151897]
[1616943637.6673486, 1616943640.3650045]
[1616943637.6624358, 1616943640.378569]
[1616943637.6596236, 1616943640.3750873]
[1616943637.7188816, 1616943640.4165568]
[1616943637.420149, 1616943640.1227727]
[1616943637.748806, 1616943640.4474742]
[1616943637.4025135, 1616943640.1442695]
[1616943637.697722, 1616943640.617119]
[1616943637.673915, 1616943640.39951]
[1616943637.246102, 1616943639.9401183]
[1616943637.738748, 1616943640.4738247]
[1616943637.7633529, 1616943640.4475548]
[1616943637.7072806, 1616943640.4288168]
[1616943637.5162363, 1616943640.2408392]
[1616943637.735014, 1616943640.4253275]
[1616943637.771274, 1616943640.467491]
[1616943637.5327032, 1616943640.2399733]
[1616943637.726806, 1616943640.398379]
[1616943637.7775629, 1616943640.5142543]
[1616943637.5173695, 1616943640.211818]
[1616943637.7298565, 1616943640.398915]
[1616943637.766, 1616943640.4884539]
[1616943637.7028935, 1616943640.4179313]
[1616943637.613739, 1616943640.2969096]
[1616943637.7239578, 1616943640.439297]
[1616943637.7685342, 1616943640.4815834]
[1616943637.654322, 1616943640.3663516]
[1616943637.7379541, 1616943640.4839153]
[1616943637.7959769, 1616943640.5370023]
[1616943637.7814727, 1616943640.4807873]
[1616943637.7708833, 1616943640.4766111]
[1616943637.7884622, 1616943640.5169783]
[1616943637.8416407, 1616943640.587347]
[1616943637.799585, 1616943640.5057468]
