33.98520851135254
29.40814471244812
27.743438959121704
27.01103901863098
26.46660304069519
25.85572385787964
25.203568696975708
24.45055389404297
23.754491567611694
23.21539878845215
22.479775428771973
21.820641040802002
21.23528504371643
20.516040563583374
19.883265256881714
19.200263023376465
18.58141303062439
17.943472862243652
17.325783014297485
16.660478591918945
15.982707023620605
15.335133075714111
14.754669666290283
14.014660120010376
13.231653213500977
12.586596727371216
11.99593210220337
11.36747932434082
10.64032530784607
9.994067668914795
9.358684062957764
8.698208570480347
8.3744535446167
7.433718681335449
6.732534408569336
6.039624452590942
5.381312131881714
4.801950931549072
4.090702772140503
3.4369943141937256
