[1616698760.0653174, 1616698765.0242767]
[1616698760.3245196, 1616698766.9227338]
[1616698759.957584, 1616698772.5383875]
[1616698759.936167, 1616698767.7962153]
[1616698759.6119561, 1616698762.710952]
[1616698759.7935739, 1616698773.228095]
[1616698759.8234315, 1616698763.235722]
[1616698759.8159611, 1616698765.012366]
[1616698760.0947814, 1616698766.02537]
[1616698760.1535676, 1616698766.94072]
[1616698760.4371076, 1616698770.5368826]
[1616698759.952767, 1616698763.320243]
[1616698760.3855672, 1616698766.0504222]
[1616698760.3165565, 1616698764.0552409]
[1616698760.3770027, 1616698765.4551666]
[1616698759.8711903, 1616698763.4556427]
[1616698760.0009186, 1616698763.6588438]
[1616698760.1790383, 1616698764.8629744]
[1616698759.979396, 1616698763.5942733]
[1616698760.225427, 1616698764.0682223]
[1616698760.7348828, 1616698773.4200778]
[1616698760.3308785, 1616698764.5607967]
[1616698761.0237753, 1616698765.6111565]
[1616698760.8518224, 1616698769.9792807]
[1616698761.1456728, 1616698766.1919496]
[1616698760.614043, 1616698773.4488256]
[1616698760.8311193, 1616698766.5484338]
[1616698761.5218158, 1616698771.455892]
[1616698761.548554, 1616698769.7760675]
[1616698760.8566554, 1616698768.0294392]
[1616698761.3326018, 1616698769.9041746]
[1616698761.3483882, 1616698766.842055]
[1616698761.5020797, 1616698767.329748]
[1616698761.2368298, 1616698770.6623592]
[1616698761.232742, 1616698765.282872]
[1616698761.4851515, 1616698775.2899566]
[1616698761.3481026, 1616698773.8486722]
[1616698761.292605, 1616698774.381061]
[1616698761.5250473, 1616698768.9396298]
[1616698761.9025784, 1616698767.7160783]
[1616698761.9892995, 1616698772.3952336]
[1616698762.1047363, 1616698769.8036406]
[1616698761.850579, 1616698773.4658937]
[1616698762.128765, 1616698765.915077]
[1616698762.5375214, 1616698768.1548147]
[1616698761.8333526, 1616698773.6889644]
[1616698762.5878947, 1616698767.5993977]
[1616698762.3037834, 1616698770.7615407]
[1616698762.6800256, 1616698775.023246]
[1616698762.5088344, 1616698769.0929017]
[1616698762.7943425, 1616698766.4272468]
[1616698762.4028018, 1616698772.369301]
[1616698762.7882206, 1616698776.2218094]
[1616698762.829578, 1616698774.6548953]
[1616698763.0329268, 1616698774.5494914]
[1616698763.1580143, 1616698767.523144]
[1616698763.2933116, 1616698772.4481907]
[1616698763.2502258, 1616698766.985388]
[1616698763.399777, 1616698771.9018667]
[1616698763.39957, 1616698776.7436588]
[1616698763.4294705, 1616698770.314831]
[1616698763.6892157, 1616698777.3806944]
[1616698763.6705666, 1616698767.272222]
[1616698763.7810657, 1616698776.2416914]
[1616698763.732908, 1616698780.8320632]
[1616698763.80321, 1616698776.3703609]
[1616698763.6623402, 1616698779.0484428]
[1616698764.125541, 1616698769.1621294]
[1616698764.2288597, 1616698770.8354914]
[1616698764.2496448, 1616698778.7342145]
[1616698764.1745944, 1616698775.0932908]
[1616698764.1898518, 1616698771.3815007]
[1616698764.1800368, 1616698769.2572336]
[1616698764.2979674, 1616698768.1564128]
[1616698764.2888267, 1616698767.964821]
[1616698764.5473022, 1616698772.274745]
[1616698764.649798, 1616698778.20964]
[1616698764.4688737, 1616698769.8470192]
[1616698764.6044357, 1616698769.989981]
[1616698764.7527359, 1616698780.5074418]
[1616698764.7678993, 1616698768.495257]
[1616698764.771, 1616698776.6473525]
[1616698764.8905818, 1616698771.486833]
[1616698765.0099123, 1616698773.506597]
[1616698764.897356, 1616698768.9377687]
[1616698764.981108, 1616698772.7852788]
[1616698765.3297703, 1616698770.4695473]
[1616698765.0812962, 1616698768.8565297]
[1616698765.323594, 1616698770.0863228]
[1616698765.2498364, 1616698775.9587715]
[1616698765.178116, 1616698778.202446]
[1616698765.331055, 1616698774.135236]
[1616698765.5123968, 1616698769.89837]
[1616698765.6331255, 1616698772.30269]
[1616698765.6340463, 1616698773.6450193]
[1616698765.7212486, 1616698778.1805356]
[1616698765.8760843, 1616698776.6042197]
[1616698765.8087769, 1616698779.9741383]
[1616698765.741919, 1616698779.583444]
[1616698766.0263343, 1616698769.6286852]
[1616698765.9380958, 1616698770.9018695]
[1616698766.0896373, 1616698772.5054977]
[1616698766.2379522, 1616698780.7305582]
[1616698766.4040704, 1616698781.3713362]
[1616698766.1784031, 1616698770.7011333]
[1616698766.3150709, 1616698774.5276299]
[1616698766.5688994, 1616698771.4582107]
[1616698766.5203598, 1616698776.7972705]
[1616698766.5073493, 1616698779.6890965]
[1616698766.681825, 1616698771.75549]
[1616698766.8943787, 1616698779.7551086]
[1616698766.9114544, 1616698779.9957356]
[1616698766.8864384, 1616698775.0100095]
[1616698766.908607, 1616698779.3406942]
[1616698766.9587784, 1616698770.633402]
[1616698767.0650096, 1616698774.5393195]
[1616698767.1656137, 1616698771.4970803]
[1616698767.0050411, 1616698774.9441288]
[1616698767.3259263, 1616698772.6133692]
[1616698767.2484138, 1616698781.6881707]
[1616698767.2724593, 1616698771.0741785]
[1616698767.2258213, 1616698774.585062]
[1616698767.2824721, 1616698783.0476487]
[1616698767.4777603, 1616698773.0599093]
[1616698767.5134275, 1616698774.6351907]
[1616698767.5829895, 1616698781.9151397]
[1616698767.6180608, 1616698775.7754078]
[1616698767.6023335, 1616698778.134892]
[1616698767.7196252, 1616698773.944028]
[1616698767.819675, 1616698773.961149]
[1616698767.701821, 1616698781.464605]
[1616698767.6237175, 1616698776.9609323]
[1616698767.9080842, 1616698778.6605275]
[1616698767.8248498, 1616698772.03028]
[1616698767.944015, 1616698779.20069]
[1616698767.9120595, 1616698776.8452606]
[1616698768.2376912, 1616698778.8258257]
[1616698768.1325264, 1616698775.8127856]
[1616698768.0995326, 1616698784.0426178]
[1616698768.2344341, 1616698772.4213083]
[1616698768.2311487, 1616698774.4394677]
[1616698768.2311535, 1616698778.4244962]
[1616698768.302142, 1616698783.0634904]
[1616698768.4236135, 1616698774.34654]
[1616698768.573229, 1616698773.799027]
[1616698768.5945516, 1616698783.6757164]
[1616698768.5399368, 1616698782.6530106]
[1616698768.5155728, 1616698781.1127353]
[1616698768.5317628, 1616698776.0336788]
[1616698768.6419878, 1616698777.955198]
[1616698768.7329252, 1616698780.280973]
[1616698768.8286054, 1616698774.7181425]
[1616698768.765409, 1616698783.5432203]
[1616698768.80205, 1616698774.3819396]
[1616698768.825854, 1616698781.5281508]
[1616698768.870145, 1616698773.7202928]
[1616698768.9029384, 1616698772.7634788]
[1616698768.9560354, 1616698782.5917249]
[1616698769.0438752, 1616698777.13086]
[1616698769.057535, 1616698778.8599153]
[1616698769.1219447, 1616698782.8224993]
[1616698769.001364, 1616698773.9451866]
[1616698769.1874523, 1616698782.9892073]
[1616698769.2125747, 1616698772.8148468]
[1616698769.1051836, 1616698778.7354822]
[1616698769.289104, 1616698773.8713086]
[1616698769.2270632, 1616698782.6375446]
[1616698769.2866294, 1616698775.1742857]
[1616698769.2975948, 1616698776.2963214]
[1616698769.2923543, 1616698785.4814954]
[1616698769.2820086, 1616698784.569637]
[1616698769.436055, 1616698779.5517392]
[1616698769.4950306, 1616698784.9249475]
[1616698769.437041, 1616698773.9463732]
[1616698769.4121614, 1616698777.0759554]
[1616698769.5228786, 1616698783.5737014]
[1616698769.5258305, 1616698781.897801]
[1616698769.4864802, 1616698784.5008197]
[1616698769.5663168, 1616698773.0892181]
[1616698769.578578, 1616698778.6795087]
[1616698769.4882376, 1616698783.2698672]
[1616698769.5840569, 1616698782.212116]
[1616698769.5472877, 1616698786.1069834]
[1616698769.6840074, 1616698783.1735642]
[1616698769.7295284, 1616698778.991369]
[1616698769.6933227, 1616698773.9960942]
[1616698769.6932507, 1616698774.9101295]
[1616698769.8206956, 1616698785.9071467]
[1616698769.6705081, 1616698777.608808]
[1616698769.7792785, 1616698781.341234]
[1616698769.747052, 1616698783.1299355]
[1616698769.7571464, 1616698774.957818]
[1616698769.9023871, 1616698785.2673478]
[1616698770.000989, 1616698777.240764]
[1616698770.0062096, 1616698779.0812433]
[1616698769.9247134, 1616698776.8960905]
[1616698770.050125, 1616698782.1054804]
[1616698770.0152876, 1616698776.441418]
[1616698769.9906309, 1616698784.0408146]
[1616698770.0098221, 1616698779.7404222]
[1616698770.0161934, 1616698787.4572551]
[1616698770.0357795, 1616698785.9746268]
[1616698770.0172546, 1616698775.1832595]
[1616698770.0219374, 1616698776.6993523]
[1616698770.1086164, 1616698781.1933403]
[1616698770.0191886, 1616698773.9692934]
[1616698770.1447248, 1616698780.6860316]
[1616698770.1824648, 1616698775.6556857]
[1616698770.2084668, 1616698775.110966]
[1616698770.1310303, 1616698779.5239072]
[1616698770.214783, 1616698785.4538171]
[1616698770.2021003, 1616698779.1806254]
[1616698770.2420387, 1616698785.8277256]
[1616698770.204348, 1616698778.2580917]
[1616698770.2542684, 1616698783.7613723]
[1616698770.2555053, 1616698780.556976]
[1616698770.2872057, 1616698781.876928]
[1616698770.3364084, 1616698784.973859]
[1616698770.3516524, 1616698778.026124]
[1616698770.401712, 1616698783.707783]
[1616698770.3283918, 1616698783.3264933]
[1616698770.463685, 1616698775.340445]
[1616698770.510196, 1616698784.2289202]
[1616698770.5586681, 1616698783.9763691]
[1616698770.532244, 1616698777.0174434]
[1616698770.4567919, 1616698778.3227386]
[1616698770.5190582, 1616698777.8603957]
[1616698770.618464, 1616698782.6981268]
[1616698770.5034957, 1616698782.8182108]
[1616698770.527656, 1616698778.7816625]
[1616698770.3835614, 1616698778.395305]
[1616698770.5631227, 1616698783.9993706]
[1616698770.6042335, 1616698775.3880527]
[1616698770.5834186, 1616698783.0775776]
[1616698770.6826773, 1616698785.784729]
[1616698770.5996683, 1616698775.4991457]
[1616698770.6027775, 1616698784.7357616]
[1616698771.6170723, 1616698774.9470978]
[1616698771.6224391, 1616698773.4598827]
[1616698770.6956582, 1616698786.8355627]
[1616698771.6663604, 1616698777.04803]
[1616698770.6830995, 1616698781.9972305]
[1616698771.5994515, 1616698777.6217933]
[1616698770.6623788, 1616698775.499947]
[1616698770.7656667, 1616698776.0899863]
[1616698771.6807156, 1616698773.506098]
[1616698771.8243, 1616698775.6310062]
[1616698770.707216, 1616698784.5201986]
[1616698771.8336658, 1616698777.0702634]
[1616698770.8412776, 1616698775.751062]
[1616698771.7720182, 1616698776.0604796]
[1616698772.1829495, 1616698777.641644]
[1616698771.8307414, 1616698778.7264998]
[1616698771.6627781, 1616698775.2207327]
[1616698771.7638316, 1616698775.4304762]
[1616698771.77803, 1616698777.619413]
[1616698771.7204227, 1616698777.7098098]
[1616698771.8247926, 1616698776.9006207]
[1616698771.8528407, 1616698785.3624697]
[1616698771.939833, 1616698778.9569068]
[1616698771.8231163, 1616698776.0627472]
[1616698771.78674, 1616698784.3277826]
[1616698770.9074137, 1616698781.2549336]
[1616698771.852626, 1616698774.1549115]
[1616698771.813327, 1616698775.427544]
[1616698771.8465784, 1616698778.8877435]
[1616698771.8380177, 1616698773.9100938]
[1616698771.8027587, 1616698783.1300266]
[1616698771.9231546, 1616698779.9721968]
[1616698771.8487654, 1616698784.9393845]
[1616698771.9367871, 1616698776.5138729]
[1616698771.8599575, 1616698774.5571628]
[1616698771.951382, 1616698785.2655823]
[1616698771.9970486, 1616698779.8480875]
[1616698770.583996, 1616698779.9969652]
[1616698771.9355264, 1616698782.0966785]
[1616698771.880979, 1616698778.6819546]
[1616698771.9435377, 1616698775.885337]
[1616698771.9711607, 1616698773.8652563]
[1616698771.898817, 1616698784.7962894]
[1616698771.951457, 1616698785.570133]
[1616698771.9689908, 1616698776.3046994]
[1616698771.9222667, 1616698783.8468597]
[1616698771.9350748, 1616698776.7542937]
[1616698772.0450025, 1616698776.0973227]
[1616698771.8513346, 1616698782.0929208]
[1616698771.9482815, 1616698777.8096492]
[1616698771.898792, 1616698773.7924838]
[1616698771.939324, 1616698783.933631]
[1616698771.9096107, 1616698782.4200635]
[1616698772.038353, 1616698779.5826385]
[1616698771.079529, 1616698775.6311033]
[1616698772.358925, 1616698773.3249066]
[1616698772.1353765, 1616698775.8425322]
[1616698771.9179223, 1616698773.2964406]
[1616698772.4060204, 1616698775.8512237]
[1616698772.019912, 1616698780.0292494]
[1616698771.894549, 1616698774.6618702]
[1616698771.966304, 1616698775.598803]
[1616698771.9902902, 1616698786.638677]
