[1616698791.960581, 1616698792.6259534]
[1616698792.1846247, 1616698792.9072409]
[1616698791.7524798, 1616698792.484086]
[1616698791.5999086, 1616698792.2828577]
[1616698791.6267912, 1616698792.3960257]
[1616698791.70531, 1616698792.4164755]
[1616698791.937692, 1616698793.7015486]
[1616698792.00999, 1616698793.041782]
[1616698791.763823, 1616698792.4874892]
[1616698791.9582002, 1616698792.7145324]
[1616698791.7901294, 1616698792.5588613]
[1616698791.8368955, 1616698792.5673788]
[1616698792.1181235, 1616698793.6232052]
[1616698791.9461296, 1616698792.6255295]
[1616698791.8264854, 1616698792.502651]
[1616698791.929658, 1616698793.1936247]
[1616698791.7594047, 1616698792.4878807]
[1616698791.9651153, 1616698792.7209182]
[1616698791.9980996, 1616698792.7482834]
[1616698792.1695356, 1616698792.9050136]
[1616698792.1494343, 1616698792.783519]
[1616698792.3662813, 1616698793.0634956]
[1616698792.3707113, 1616698793.0347912]
[1616698792.8325412, 1616698793.54984]
[1616698792.3735044, 1616698793.1381874]
[1616698792.4659061, 1616698793.1353595]
[1616698792.793793, 1616698793.5247948]
[1616698792.5969524, 1616698793.2929146]
[1616698793.1889062, 1616698793.990204]
[1616698793.2075667, 1616698793.9066074]
[1616698793.252701, 1616698793.9824696]
[1616698793.213499, 1616698794.4986453]
[1616698793.4724917, 1616698794.2107825]
[1616698793.2473657, 1616698793.929082]
[1616698793.3251476, 1616698794.0638113]
[1616698793.337545, 1616698793.9987366]
[1616698793.5992844, 1616698794.2907865]
[1616698793.4495575, 1616698794.1068003]
[1616698793.9586601, 1616698794.6142192]
[1616698793.761799, 1616698794.4711254]
[1616698793.8358982, 1616698794.5879276]
[1616698794.0325134, 1616698794.6681]
[1616698794.3135173, 1616698795.0826778]
[1616698794.1944404, 1616698794.9263928]
[1616698794.5484548, 1616698795.200012]
[1616698794.52461, 1616698795.2057905]
[1616698794.5541403, 1616698795.2577095]
[1616698794.612708, 1616698795.3506925]
[1616698795.0086372, 1616698795.6812441]
[1616698795.0911238, 1616698795.8257077]
[1616698795.0473084, 1616698795.7478573]
[1616698795.0388057, 1616698795.7109854]
[1616698795.4566936, 1616698796.9968572]
[1616698795.445381, 1616698796.1584742]
[1616698795.3817637, 1616698796.0905898]
[1616698795.2766194, 1616698795.9390109]
[1616698795.2963076, 1616698796.21625]
[1616698795.5975838, 1616698797.054161]
[1616698795.8046288, 1616698796.441849]
[1616698795.9407136, 1616698796.6065497]
[1616698795.602873, 1616698796.3903754]
[1616698795.6969342, 1616698796.465058]
[1616698795.9247847, 1616698796.6168485]
[1616698795.6800008, 1616698796.3399646]
[1616698795.9128656, 1616698797.7465184]
[1616698796.3481226, 1616698797.103564]
[1616698796.1983376, 1616698796.9236908]
[1616698796.3018715, 1616698796.9755769]
[1616698796.4154685, 1616698797.129816]
[1616698796.360084, 1616698797.0289524]
[1616698796.5878122, 1616698797.2661476]
[1616698796.5978403, 1616698797.350947]
[1616698796.8280823, 1616698797.5546124]
[1616698796.5410423, 1616698797.201238]
[1616698796.8425736, 1616698797.6372807]
[1616698797.062078, 1616698797.782594]
[1616698796.7990515, 1616698797.5191953]
[1616698797.0378313, 1616698797.704407]
[1616698796.8176458, 1616698797.5179656]
[1616698797.014344, 1616698798.5105357]
[1616698797.0751095, 1616698797.8265796]
[1616698797.3138247, 1616698798.0060444]
[1616698797.3591485, 1616698798.0656927]
[1616698797.4265864, 1616698798.1231873]
[1616698797.3054335, 1616698798.0139687]
[1616698797.5081453, 1616698798.1449394]
[1616698797.3264716, 1616698798.9699674]
[1616698797.2627637, 1616698797.9445715]
[1616698797.7614713, 1616698798.493831]
[1616698797.5722835, 1616698798.2070098]
[1616698797.9196582, 1616698798.566474]
[1616698797.6992185, 1616698799.575079]
[1616698797.8419604, 1616698799.4550595]
[1616698797.8670726, 1616698798.515237]
[1616698797.8854034, 1616698798.5555027]
[1616698798.2166905, 1616698798.8679726]
[1616698798.0846808, 1616698798.775942]
[1616698798.504719, 1616698799.1635866]
[1616698798.395637, 1616698799.0616364]
[1616698798.3684373, 1616698799.0433846]
[1616698798.1449876, 1616698798.8158944]
[1616698798.6146934, 1616698799.3312137]
[1616698798.4095032, 1616698799.180083]
[1616698798.5861168, 1616698799.2283134]
[1616698798.8750238, 1616698799.5751576]
[1616698798.6685338, 1616698799.395907]
[1616698798.876184, 1616698800.5742524]
[1616698799.0668561, 1616698799.7754238]
[1616698799.2473524, 1616698800.7045488]
[1616698799.4456773, 1616698800.1355965]
[1616698799.1980255, 1616698799.904173]
[1616698799.3972793, 1616698801.4180157]
[1616698799.3307877, 1616698799.959414]
[1616698799.5775218, 1616698800.2208598]
[1616698799.6847339, 1616698802.9965234]
[1616698799.6612248, 1616698800.3233745]
[1616698799.7450323, 1616698800.4353971]
[1616698799.5243075, 1616698801.0304005]
[1616698800.0950446, 1616698800.8081067]
[1616698800.0541916, 1616698800.7975206]
[1616698800.1150734, 1616698800.8091598]
[1616698799.9662266, 1616698800.6677568]
[1616698800.1822374, 1616698800.9132354]
[1616698800.1725082, 1616698801.091282]
[1616698800.2672565, 1616698800.9370174]
[1616698800.3333359, 1616698801.0636857]
[1616698800.1791723, 1616698800.8552012]
[1616698800.3063276, 1616698800.951695]
[1616698800.3541741, 1616698810.6458087]
[1616698800.3621051, 1616698801.0760372]
[1616698800.4883752, 1616698801.2368634]
[1616698800.5258842, 1616698802.701162]
[1616698800.6361434, 1616698801.314669]
[1616698800.3467765, 1616698804.3638911]
[1616698800.5363083, 1616698806.3851383]
[1616698800.977155, 1616698801.7762394]
[1616698800.9738438, 1616698801.696176]
[1616698800.6479852, 1616698801.3602643]
[1616698801.0974953, 1616698801.7469547]
[1616698800.7830203, 1616698801.4148252]
[1616698801.0116794, 1616698802.9012098]
[1616698801.1154282, 1616698801.915505]
[1616698801.2483566, 1616698802.0762935]
[1616698801.1391468, 1616698801.9419603]
[1616698801.1834767, 1616698802.0086057]
[1616698801.2979271, 1616698802.2521076]
[1616698801.3402362, 1616698802.1815329]
[1616698801.4743998, 1616698802.245655]
[1616698801.345346, 1616698802.2386816]
[1616698801.596864, 1616698803.2498224]
[1616698801.5673287, 1616698803.1360443]
[1616698801.702906, 1616698802.4237041]
[1616698801.6436467, 1616698802.5039194]
[1616698801.520989, 1616698802.292503]
[1616698801.5119848, 1616698812.4726694]
[1616698801.892316, 1616698805.6201656]
[1616698801.544572, 1616698803.4277124]
[1616698801.7678428, 1616698802.822777]
[1616698802.0112054, 1616698805.0358663]
[1616698801.8543549, 1616698802.780811]
[1616698801.9281545, 1616698803.3721292]
[1616698801.6009464, 1616698802.3400843]
[1616698801.915438, 1616698802.8509426]
[1616698802.0438688, 1616698802.92369]
[1616698802.1215637, 1616698802.9232247]
[1616698802.1515594, 1616698802.994035]
[1616698802.07667, 1616698802.9486818]
[1616698802.033454, 1616698802.8502827]
[1616698802.2654507, 1616698803.2926724]
[1616698802.2793424, 1616698803.039169]
[1616698802.4911258, 1616698803.2469945]
[1616698802.435415, 1616698803.156884]
[1616698802.4852242, 1616698803.2631938]
[1616698802.2569995, 1616698804.358138]
[1616698802.6061845, 1616698803.389154]
[1616698802.4726815, 1616698803.1703675]
[1616698802.5014188, 1616698803.2341948]
[1616698802.696409, 1616698803.4235563]
[1616698802.8447065, 1616698803.5344117]
[1616698802.7561338, 1616698804.4059577]
[1616698803.077775, 1616698803.787239]
[1616698802.9017396, 1616698803.6792738]
[1616698803.1295776, 1616698803.8299525]
[1616698803.0493243, 1616698803.787776]
[1616698803.3580887, 1616698804.7430027]
[1616698803.2303102, 1616698805.151902]
[1616698803.2761416, 1616698803.995031]
[1616698803.2048254, 1616698803.9153786]
[1616698803.2800658, 1616698804.28841]
[1616698803.4925513, 1616698804.2706952]
[1616698803.5598924, 1616698804.317635]
[1616698803.3367662, 1616698804.1306748]
[1616698803.429816, 1616698804.141075]
[1616698803.611118, 1616698804.384229]
[1616698803.6013992, 1616698804.3590813]
[1616698803.4831676, 1616698804.159225]
[1616698803.7346432, 1616698805.2839935]
[1616698803.6196396, 1616698804.3584967]
[1616698803.7308846, 1616698804.478956]
[1616698803.6429844, 1616698805.789716]
[1616698803.9009163, 1616698804.642278]
[1616698803.806586, 1616698804.505792]
[1616698803.9202757, 1616698804.6016705]
[1616698803.9824812, 1616698804.6608386]
[1616698804.1476326, 1616698804.8871481]
[1616698804.2240992, 1616698805.820963]
[1616698804.1617265, 1616698804.903363]
[1616698804.1133378, 1616698804.8295107]
[1616698804.1178315, 1616698805.2840662]
[1616698804.264661, 1616698804.9902098]
[1616698804.2560284, 1616698805.0768464]
[1616698804.412015, 1616698805.1619844]
[1616698804.5821364, 1616698805.334261]
[1616698804.4883206, 1616698805.2435458]
[1616698804.5922792, 1616698805.3613663]
[1616698804.4226162, 1616698805.5933723]
[1616698804.397012, 1616698806.626633]
[1616698804.638336, 1616698805.2919095]
[1616698804.9355175, 1616698805.6715732]
[1616698804.7373812, 1616698805.4122956]
[1616698805.0363252, 1616698813.1706522]
[1616698804.8285358, 1616698805.548888]
[1616698804.964863, 1616698805.7877088]
[1616698805.2499843, 1616698805.928389]
[1616698805.2459526, 1616698806.7724152]
[1616698805.0331004, 1616698805.8075566]
[1616698805.2022967, 1616698807.1634264]
[1616698805.3224163, 1616698809.1662974]
[1616698805.3287156, 1616698805.9762201]
[1616698805.3975005, 1616698806.077542]
[1616698805.1939468, 1616698805.885325]
[1616698805.313217, 1616698806.0457494]
[1616698805.0573432, 1616698806.4685335]
[1616698805.3632352, 1616698806.0965536]
[1616698805.377218, 1616698806.144966]
[1616698805.4114952, 1616698806.1233761]
[1616698805.6570392, 1616698806.3623188]
[1616698805.6640282, 1616698806.3521533]
[1616698805.6833768, 1616698806.3959959]
[1616698805.7146268, 1616698806.5358112]
[1616698805.5415711, 1616698806.2144775]
[1616698805.5083892, 1616698806.1951754]
[1616698805.7497532, 1616698806.4388137]
[1616698805.959869, 1616698806.6725328]
[1616698805.9298131, 1616698807.2589524]
[1616698806.0976453, 1616698806.8041248]
[1616698806.13772, 1616698806.8996124]
[1616698806.4116583, 1616698807.115992]
[1616698806.2829916, 1616698806.9504237]
[1616698806.0554433, 1616698806.790441]
[1616698806.3162677, 1616698807.3850386]
[1616698806.262217, 1616698806.9341886]
[1616698806.5559673, 1616698808.1584833]
[1616698806.4146607, 1616698807.272062]
[1616698806.5018656, 1616698807.2050471]
[1616698806.599704, 1616698807.3015254]
[1616698806.7564008, 1616698807.4729311]
[1616698806.7003179, 1616698807.4189079]
[1616698806.7218292, 1616698809.848092]
[1616698806.9005375, 1616698807.5759294]
[1616698807.295203, 1616698808.1316214]
[1616698807.1682105, 1616698807.836412]
[1616698807.3567796, 1616698808.132948]
[1616698807.2642605, 1616698807.9682417]
[1616698806.861534, 1616698807.5437407]
[1616698807.1176722, 1616698808.5400403]
[1616698807.0425134, 1616698807.6963115]
[1616698807.3779087, 1616698808.198195]
[1616698807.2149165, 1616698807.9361615]
[1616698807.4587586, 1616698809.5071936]
[1616698807.5796437, 1616698808.2366314]
[1616698807.6023915, 1616698808.2904282]
[1616698807.3221884, 1616698808.0592608]
[1616698807.7806115, 1616698808.429677]
[1616698807.4356143, 1616698808.6438372]
[1616698807.6907656, 1616698808.7437463]
[1616698807.8879693, 1616698809.594795]
[1616698807.8089907, 1616698809.6386824]
[1616698807.631603, 1616698808.2891119]
[1616698808.1378448, 1616698808.8742123]
[1616698807.9005253, 1616698811.088529]
[1616698808.0164378, 1616698808.8151588]
[1616698807.912755, 1616698808.5580847]
[1616698808.1932201, 1616698808.912133]
[1616698808.1546876, 1616698808.908371]
[1616698807.9606085, 1616698808.6259425]
[1616698808.161283, 1616698815.5953152]
[1616698808.0692675, 1616698808.7946606]
[1616698808.2423072, 1616698808.9072192]
[1616698808.2164261, 1616698809.0018551]
[1616698808.2871726, 1616698809.5624466]
[1616698808.2320664, 1616698808.9131896]
[1616698808.4450347, 1616698809.1368957]
[1616698808.3579051, 1616698809.071529]
[1616698808.3935647, 1616698809.0877783]
[1616698808.4656665, 1616698809.2318072]
[1616698808.585398, 1616698809.3155463]
[1616698808.4356687, 1616698809.139598]
[1616698808.4550745, 1616698809.242917]
[1616698808.681195, 1616698809.4325674]
[1616698808.6259882, 1616698809.292414]
[1616698808.6896243, 1616698809.3731132]
[1616698808.7409585, 1616698809.459427]
[1616698809.068009, 1616698809.731697]
[1616698809.1052032, 1616698809.7551353]
[1616698808.7202919, 1616698809.4617128]
[1616698809.0400236, 1616698809.7061443]
[1616698809.2199802, 1616698809.8862062]
[1616698809.0333302, 1616698810.6143086]
[1616698809.2572482, 1616698810.037164]
[1616698809.2295666, 1616698810.521901]
[1616698809.4010925, 1616698810.1310325]
[1616698809.5564306, 1616698810.2555547]
[1616698809.6292913, 1616698810.731613]
[1616698809.3856626, 1616698810.1024451]
[1616698809.3375921, 1616698812.4403276]
[1616698809.4526277, 1616698810.1623368]
[1616698809.4899907, 1616698810.2231622]
[1616698809.7993777, 1616698811.7745178]
[1616698809.72331, 1616698810.3872344]
[1616698809.528508, 1616698810.6766639]
[1616698809.5898883, 1616698811.186219]
[1616698810.0878382, 1616698810.7441127]
[1616698809.7865386, 1616698810.4388876]
[1616698810.2058065, 1616698810.9022992]
[1616698809.5952115, 1616698810.2802265]
[1616698809.9867487, 1616698810.8386462]
[1616698810.003875, 1616698811.3420684]
[1616698810.1012857, 1616698810.8062992]
[1616698810.0312178, 1616698810.726055]
[1616698810.0790632, 1616698810.804062]
[1616698810.2769177, 1616698810.9758248]
[1616698810.4904091, 1616698811.214806]
[1616698810.3536918, 1616698811.0283895]
[1616698810.6152503, 1616698818.1327837]
[1616698810.661613, 1616698811.3957245]
[1616698810.5469534, 1616698811.288737]
[1616698810.693697, 1616698811.4442012]
[1616698810.627167, 1616698811.3393111]
[1616698810.7541087, 1616698812.3701682]
[1616698810.8017097, 1616698812.0804667]
[1616698810.9286375, 1616698811.6951647]
[1616698810.649958, 1616698811.348534]
[1616698810.8960147, 1616698811.5519228]
[1616698810.7983665, 1616698811.4783094]
[1616698811.207311, 1616698825.45115]
[1616698810.6951194, 1616698811.9750445]
[1616698811.0965588, 1616698811.851177]
[1616698810.736469, 1616698811.4276743]
[1616698810.9953897, 1616698811.7112978]
[1616698811.084157, 1616698812.2817247]
[1616698811.0742302, 1616698811.7488554]
[1616698811.1167827, 1616698811.8859057]
[1616698811.32687, 1616698812.4167857]
[1616698811.5362701, 1616698812.5503652]
[1616698811.5739017, 1616698812.3453636]
[1616698811.2628589, 1616698811.9404302]
[1616698811.3994062, 1616698813.4438202]
[1616698811.2923644, 1616698812.002697]
[1616698811.568976, 1616698812.2163763]
[1616698811.8669584, 1616698812.5455492]
[1616698811.864742, 1616698813.6366148]
[1616698811.9478505, 1616698812.611928]
[1616698812.0292916, 1616698812.7358663]
[1616698812.0617087, 1616698813.0306337]
[1616698812.0926456, 1616698812.7868514]
[1616698812.0990121, 1616698812.8991115]
[1616698811.852407, 1616698812.5428803]
[1616698811.9226122, 1616698812.7391796]
[1616698811.8682013, 1616698812.5474114]
[1616698812.0443256, 1616698813.817092]
[1616698812.4458966, 1616698813.7831054]
[1616698812.4998987, 1616698813.1709998]
[1616698811.9686754, 1616698812.6603343]
[1616698812.5029755, 1616698813.2050753]
[1616698812.130013, 1616698812.8458872]
[1616698812.3294623, 1616698812.9796357]
[1616698812.4903812, 1616698813.5597563]
[1616698812.482546, 1616698813.1342661]
[1616698812.503867, 1616698813.260095]
[1616698812.3616314, 1616698813.1007042]
[1616698812.648254, 1616698813.3382962]
[1616698813.0085688, 1616698813.7164881]
[1616698812.649338, 1616698813.3895237]
[1616698812.9094207, 1616698813.713165]
[1616698812.7298245, 1616698814.7348828]
[1616698812.6867487, 1616698818.399147]
[1616698813.0359328, 1616698813.775429]
[1616698812.8184838, 1616698813.5013316]
[1616698812.6935833, 1616698813.4680958]
[1616698812.9828079, 1616698814.8272145]
[1616698812.9984956, 1616698813.7433288]
[1616698813.162425, 1616698813.8262668]
[1616698813.1752932, 1616698813.9055316]
[1616698813.061934, 1616698813.9618864]
[1616698813.356189, 1616698814.1465392]
[1616698813.2049103, 1616698814.6924253]
[1616698813.518136, 1616698814.1909359]
[1616698813.226379, 1616698813.9622855]
[1616698813.4852133, 1616698814.5638711]
[1616698813.7926087, 1616698814.4868615]
[1616698813.3575706, 1616698814.1037662]
[1616698813.4636846, 1616698814.3853369]
[1616698813.4903736, 1616698814.884786]
[1616698813.5924346, 1616698814.2511122]
[1616698813.555792, 1616698814.5612464]
[1616698813.6932967, 1616698814.420181]
[1616698813.4820907, 1616698815.0301635]
[1616698813.624799, 1616698816.1088827]
[1616698813.5321722, 1616698814.1986265]
[1616698813.8452992, 1616698814.5178554]
[1616698813.8818424, 1616698814.5589395]
[1616698813.7343042, 1616698814.4334984]
[1616698814.1991305, 1616698814.9285977]
[1616698814.2896447, 1616698815.005596]
[1616698814.2380295, 1616698814.9424772]
[1616698814.1326895, 1616698815.5733833]
[1616698814.1906931, 1616698815.7152429]
[1616698814.0929651, 1616698814.762311]
[1616698814.0360937, 1616698814.7661326]
[1616698814.186696, 1616698814.9518464]
[1616698814.2995667, 1616698814.9834895]
[1616698814.4116356, 1616698826.6139708]
[1616698813.9154723, 1616698814.593112]
[1616698814.9015992, 1616698815.610352]
[1616698814.5947762, 1616698816.3382814]
[1616698814.5229146, 1616698815.2186494]
[1616698814.6243856, 1616698815.3018453]
[1616698814.8816938, 1616698815.8444507]
[1616698814.5986352, 1616698815.3363223]
[1616698814.747964, 1616698816.6331115]
[1616698815.0809073, 1616698816.5247412]
[1616698815.1688511, 1616698815.878561]
[1616698814.8618197, 1616698815.5931873]
[1616698814.8900757, 1616698815.9467175]
[1616698815.20636, 1616698816.3229418]
[1616698815.0435858, 1616698815.7681904]
[1616698815.193543, 1616698815.843822]
[1616698815.2037961, 1616698826.9194634]
[1616698815.140623, 1616698815.8191993]
[1616698815.2352927, 1616698816.0048108]
[1616698815.4959307, 1616698816.1447408]
[1616698815.508881, 1616698816.1796954]
[1616698815.3042023, 1616698816.0007057]
[1616698815.518654, 1616698816.234966]
[1616698815.4897013, 1616698816.4531198]
[1616698815.919535, 1616698816.866538]
[1616698815.5209684, 1616698820.1757407]
[1616698815.757789, 1616698816.423644]
[1616698815.6490366, 1616698816.3479507]
[1616698816.0082648, 1616698816.6717966]
[1616698816.0433564, 1616698817.353551]
[1616698816.1520798, 1616698817.0214586]
[1616698816.104243, 1616698816.7746732]
[1616698816.3227632, 1616698817.075946]
[1616698816.1600385, 1616698816.8352735]
[1616698816.0805764, 1616698816.7489321]
[1616698816.1186662, 1616698816.8192778]
[1616698816.214348, 1616698817.151157]
[1616698816.3409357, 1616698817.027817]
[1616698816.3829575, 1616698817.0769968]
[1616698816.4744036, 1616698817.1901364]
[1616698816.485686, 1616698817.1908164]
[1616698816.6104558, 1616698821.438274]
[1616698816.6138675, 1616698818.0556796]
[1616698816.3623247, 1616698817.1647027]
[1616698816.341515, 1616698817.018737]
[1616698816.6133606, 1616698817.4623482]
[1616698816.6151636, 1616698817.351372]
[1616698816.848608, 1616698817.4968395]
[1616698816.9883053, 1616698817.6643574]
[1616698817.0610635, 1616698817.7438872]
[1616698816.8232403, 1616698818.1757064]
[1616698817.0385718, 1616698817.7061427]
[1616698817.0882752, 1616698817.786952]
[1616698816.9437914, 1616698817.5821416]
[1616698817.1688693, 1616698819.1357982]
[1616698817.013549, 1616698817.8215737]
[1616698817.3246162, 1616698818.0200124]
[1616698817.4023333, 1616698823.4264789]
[1616698817.4795618, 1616698819.261815]
[1616698817.3316574, 1616698819.1974034]
[1616698817.5500124, 1616698818.217371]
[1616698817.424512, 1616698818.1228838]
[1616698817.5078726, 1616698818.1667757]
[1616698817.3673193, 1616698818.0452774]
[1616698817.5094185, 1616698819.1720223]
[1616698817.574006, 1616698818.2910643]
[1616698817.8370316, 1616698818.5061803]
[1616698817.884771, 1616698818.5528023]
[1616698817.9772449, 1616698818.7740228]
[1616698817.807926, 1616698818.4405723]
[1616698817.8573506, 1616698823.4155848]
[1616698817.7392285, 1616698818.4367077]
[1616698817.7988966, 1616698819.069135]
[1616698817.9139645, 1616698818.648321]
[1616698818.2740102, 1616698818.9458735]
[1616698818.023668, 1616698818.7201836]
[1616698818.1075912, 1616698821.3720448]
[1616698818.1422234, 1616698818.8472993]
[1616698818.1827188, 1616698818.8408866]
[1616698818.0884438, 1616698818.7488616]
[1616698818.2458398, 1616698818.9029438]
[1616698818.6049216, 1616698819.3435888]
[1616698818.5561333, 1616698819.3464742]
[1616698818.4515562, 1616698819.1111777]
[1616698818.5811627, 1616698819.337722]
[1616698818.5233438, 1616698819.2114549]
[1616698818.570268, 1616698820.0050797]
[1616698818.7709885, 1616698819.411433]
[1616698818.7526677, 1616698821.6997445]
[1616698818.5901093, 1616698820.192352]
[1616698818.7403939, 1616698827.8226998]
[1616698818.9560838, 1616698819.6123357]
[1616698818.9562976, 1616698819.6546333]
[1616698818.8463597, 1616698819.5049396]
[1616698819.0503068, 1616698819.7778783]
[1616698819.0320559, 1616698819.9291213]
[1616698819.0117545, 1616698819.6965342]
[1616698819.2252867, 1616698819.9238489]
[1616698819.1124237, 1616698819.7735279]
[1616698819.1772451, 1616698819.8140569]
[1616698819.1763792, 1616698820.4419346]
[1616698819.390685, 1616698820.1044056]
[1616698819.4973347, 1616698820.2073293]
[1616698819.5648835, 1616698820.246225]
[1616698819.434659, 1616698820.2035806]
[1616698819.4315405, 1616698820.0778701]
[1616698819.507229, 1616698820.2051432]
[1616698819.722175, 1616698820.792462]
[1616698819.692836, 1616698820.367128]
[1616698819.4779177, 1616698823.2786257]
[1616698819.643148, 1616698820.3180764]
[1616698819.7603877, 1616698820.4654129]
[1616698819.7626882, 1616698820.3957548]
[1616698819.9877033, 1616698820.7276225]
[1616698819.9772518, 1616698820.8777318]
[1616698819.7289362, 1616698821.9735649]
[1616698820.1110759, 1616698822.1246822]
[1616698819.8428404, 1616698820.5058196]
[1616698819.864161, 1616698820.664609]
[1616698819.9231935, 1616698820.5633643]
[1616698820.245985, 1616698821.051614]
[1616698820.3460844, 1616698821.010145]
[1616698820.1967156, 1616698821.822543]
[1616698820.433645, 1616698821.14106]
[1616698820.260731, 1616698820.9289222]
[1616698820.260152, 1616698820.93152]
[1616698820.250876, 1616698821.0097497]
[1616698820.538441, 1616698821.2264292]
[1616698820.4717429, 1616698821.154808]
[1616698820.4272954, 1616698821.139467]
[1616698820.5209029, 1616698821.1714373]
[1616698820.5566447, 1616698821.3165574]
[1616698820.7478578, 1616698821.4754698]
[1616698820.797588, 1616698821.4820354]
[1616698820.7157364, 1616698821.4011517]
[1616698820.879214, 1616698821.573544]
[1616698820.8209789, 1616698821.4745119]
[1616698820.9546475, 1616698821.6489334]
[1616698821.093535, 1616698822.2928965]
[1616698821.0221946, 1616698821.746171]
[1616698821.1339269, 1616698825.8787122]
[1616698821.2497942, 1616698821.9151945]
[1616698821.003122, 1616698821.6787446]
[1616698821.4092176, 1616698822.097472]
[1616698821.4367676, 1616698822.1013691]
[1616698821.511689, 1616698822.2302992]
[1616698821.6812072, 1616698825.0182018]
[1616698821.3047945, 1616698822.0648458]
[1616698821.3023415, 1616698821.9712873]
[1616698821.597711, 1616698822.2825184]
[1616698821.6609302, 1616698822.36461]
[1616698821.5981147, 1616698822.2499142]
[1616698821.6734388, 1616698822.340945]
[1616698821.75606, 1616698824.578476]
[1616698821.6843932, 1616698823.5451965]
[1616698821.7754405, 1616698822.4387522]
[1616698821.691773, 1616698822.418321]
[1616698821.8857684, 1616698822.5573819]
[1616698821.883699, 1616698822.8391585]
[1616698821.9948158, 1616698822.709534]
[1616698821.9454188, 1616698822.6222327]
[1616698822.129542, 1616698822.8209176]
[1616698821.9490583, 1616698822.6166039]
[1616698822.100156, 1616698822.7869203]
[1616698822.103214, 1616698822.7605631]
[1616698822.2050676, 1616698822.8798864]
[1616698822.4826167, 1616698823.139394]
[1616698822.5281837, 1616698823.1839788]
[1616698822.4804647, 1616698827.6331553]
[1616698822.7279663, 1616698823.4018505]
[1616698822.5221548, 1616698823.2171414]
[1616698822.6048043, 1616698824.6175678]
[1616698822.5328693, 1616698823.2513273]
[1616698822.6047657, 1616698824.1073437]
[1616698822.657825, 1616698823.3681142]
[1616698822.7857463, 1616698823.47373]
[1616698822.8922317, 1616698825.5911684]
[1616698822.724314, 1616698823.816754]
[1616698822.769094, 1616698823.4328048]
[1616698822.9312077, 1616698823.858576]
[1616698822.801498, 1616698823.6651328]
[1616698822.9840565, 1616698823.7200701]
[1616698823.2546186, 1616698823.8848732]
[1616698823.262734, 1616698824.2812605]
[1616698823.3669786, 1616698824.160127]
[1616698823.3053274, 1616698823.9632835]
[1616698823.1215632, 1616698823.8283932]
[1616698823.3146172, 1616698827.3202353]
[1616698823.4480772, 1616698824.1567762]
[1616698823.3185122, 1616698824.0826554]
[1616698823.2532294, 1616698823.9499102]
[1616698823.6748407, 1616698824.3698156]
[1616698823.4004712, 1616698824.0837803]
[1616698823.6850421, 1616698824.3181496]
[1616698823.8820033, 1616698824.5747445]
[1616698823.8373415, 1616698828.4859493]
[1616698823.7784944, 1616698824.6168323]
[1616698823.7270944, 1616698824.832985]
[1616698823.7671518, 1616698824.4401872]
[1616698823.8429437, 1616698824.5448904]
[1616698823.786424, 1616698825.543589]
[1616698824.0921102, 1616698825.1703916]
[1616698824.0550647, 1616698824.7533646]
[1616698823.8711483, 1616698824.5149264]
[1616698824.0732949, 1616698824.8106592]
[1616698824.3443348, 1616698824.9912262]
[1616698824.222287, 1616698824.9525485]
[1616698824.1066406, 1616698824.7838824]
[1616698824.3241618, 1616698824.9592059]
[1616698824.262658, 1616698825.4863644]
[1616698824.473551, 1616698825.1526027]
[1616698824.5288236, 1616698825.1871033]
[1616698824.2896519, 1616698825.080697]
[1616698824.4920764, 1616698825.1742854]
[1616698824.5642378, 1616698825.2755632]
[1616698824.6757886, 1616698826.020663]
[1616698824.6386144, 1616698825.3321486]
[1616698824.650917, 1616698825.3856952]
[1616698824.7259016, 1616698825.9650817]
[1616698824.8495362, 1616698825.6181734]
[1616698824.8081067, 1616698825.5458205]
[1616698824.8823326, 1616698826.0255158]
[1616698825.0299637, 1616698825.733089]
[1616698825.0968547, 1616698826.1894104]
[1616698825.1296315, 1616698825.801337]
[1616698825.0414743, 1616698826.3355548]
[1616698825.1816099, 1616698826.6702645]
[1616698825.058398, 1616698825.7335198]
[1616698825.1464992, 1616698826.8992536]
[1616698825.555929, 1616698827.9677284]
[1616698825.4193566, 1616698826.06539]
[1616698825.3986921, 1616698826.2536666]
[1616698825.4169927, 1616698826.1666157]
[1616698825.3332477, 1616698832.711716]
[1616698825.250807, 1616698825.9034731]
[1616698825.3715463, 1616698826.148121]
[1616698825.6276503, 1616698826.4099808]
[1616698825.5018423, 1616698826.2310905]
[1616698825.8139129, 1616698826.5040433]
[1616698825.6299372, 1616698826.552821]
[1616698825.8529398, 1616698826.5449548]
[1616698825.9262755, 1616698826.5698605]
[1616698826.12024, 1616698827.0213325]
[1616698826.030456, 1616698826.896316]
[1616698825.6353889, 1616698826.3084497]
[1616698826.0302906, 1616698826.693362]
[1616698826.1400254, 1616698826.8459687]
[1616698826.2251403, 1616698827.0016408]
[1616698826.1137345, 1616698826.782763]
[1616698826.1647153, 1616698826.8959837]
[1616698826.136686, 1616698826.7844334]
[1616698826.3939438, 1616698827.098973]
[1616698826.4804716, 1616698828.0371056]
[1616698826.353922, 1616698828.3685856]
[1616698826.5922709, 1616698827.3152094]
[1616698826.5196617, 1616698827.1984556]
[1616698826.4233332, 1616698830.355937]
[1616698826.4670951, 1616698827.14194]
[1616698826.5990555, 1616698827.2340581]
[1616698826.641282, 1616698828.4055378]
[1616698826.6727407, 1616698836.1473825]
[1616698826.5725424, 1616698827.231842]
[1616698826.7419543, 1616698827.4152062]
[1616698827.0603044, 1616698828.7027855]
[1616698826.7543824, 1616698827.4716277]
[1616698827.007649, 1616698827.7391198]
[1616698827.137982, 1616698829.9374099]
[1616698827.0376523, 1616698827.696148]
[1616698827.2504778, 1616698827.8956506]
[1616698827.1092954, 1616698831.9609995]
[1616698826.8432667, 1616698827.483663]
[1616698827.3268857, 1616698828.1565483]
[1616698827.2020316, 1616698827.8471596]
[1616698827.3582416, 1616698830.4549427]
[1616698827.135908, 1616698828.2828205]
[1616698827.4296057, 1616698828.0842454]
[1616698827.4616354, 1616698828.128761]
[1616698827.5929332, 1616698828.278335]
[1616698827.6403763, 1616698828.3206613]
[1616698827.6726022, 1616698828.372306]
[1616698827.629469, 1616698829.276973]
[1616698827.7545977, 1616698828.5168445]
[1616698827.9755363, 1616698829.8917263]
[1616698828.064025, 1616698828.7262723]
[1616698827.646378, 1616698829.240986]
[1616698828.0648649, 1616698828.7288353]
[1616698827.7865233, 1616698828.4851818]
[1616698828.0887134, 1616698829.3426964]
[1616698828.0196185, 1616698830.4108722]
[1616698828.1671433, 1616698828.807598]
[1616698828.1320462, 1616698828.8106403]
[1616698828.189046, 1616698828.8459225]
[1616698828.160026, 1616698828.8437078]
[1616698828.2823396, 1616698828.9250371]
[1616698828.3845725, 1616698831.4850206]
[1616698828.420308, 1616698829.0469627]
[1616698828.4624872, 1616698829.165527]
[1616698828.3780491, 1616698832.6320956]
[1616698828.625589, 1616698829.3665051]
[1616698828.5057862, 1616698829.1881137]
[1616698828.6772773, 1616698829.4039898]
[1616698828.691495, 1616698829.864193]
[1616698828.7443264, 1616698829.9173317]
[1616698828.7245448, 1616698829.431443]
[1616698828.8076959, 1616698829.4515886]
[1616698828.8065977, 1616698829.453002]
[1616698828.871697, 1616698829.6256647]
[1616698829.1664922, 1616698829.8103747]
[1616698828.7058022, 1616698830.4997478]
[1616698829.0629325, 1616698829.7550642]
[1616698829.2112455, 1616698829.9839141]
[1616698829.0772243, 1616698829.7570598]
[1616698829.0733745, 1616698829.7536967]
[1616698829.3614645, 1616698830.1043522]
[1616698829.4828806, 1616698830.2262676]
[1616698829.3636668, 1616698830.2116504]
[1616698829.298737, 1616698832.470592]
[1616698829.5707166, 1616698830.2590625]
[1616698829.6108017, 1616698833.7581828]
[1616698829.6675613, 1616698830.358213]
[1616698829.744672, 1616698830.4123094]
[1616698829.8733776, 1616698831.0339694]
[1616698829.648305, 1616698830.4100819]
[1616698829.6691434, 1616698830.3677366]
[1616698829.987415, 1616698830.637839]
[1616698829.710252, 1616698830.4271026]
[1616698829.9242756, 1616698830.6184833]
[1616698830.0069532, 1616698830.7735064]
[1616698830.2859151, 1616698832.1489403]
[1616698830.2767167, 1616698831.8970814]
[1616698830.194745, 1616698830.8678327]
[1616698830.0255947, 1616698830.6809788]
[1616698830.2707458, 1616698831.75959]
[1616698830.2969563, 1616698830.9449775]
[1616698830.160819, 1616698830.906529]
[1616698830.3286932, 1616698831.0100389]
[1616698830.3705826, 1616698831.1311865]
[1616698830.4118469, 1616698831.1398008]
[1616698830.6305299, 1616698831.3947513]
[1616698830.629092, 1616698831.3171802]
[1616698830.674147, 1616698831.3503325]
[1616698830.5129843, 1616698831.3041105]
[1616698830.7971604, 1616698831.4851105]
[1616698830.6299536, 1616698831.3420212]
[1616698830.6619544, 1616698831.3569741]
[1616698830.8069081, 1616698831.484428]
[1616698830.7456756, 1616698831.9060628]
[1616698830.935452, 1616698832.2747428]
[1616698830.960074, 1616698831.6097016]
[1616698831.11596, 1616698832.1210022]
[1616698831.0294387, 1616698831.6922276]
[1616698830.9672484, 1616698831.6025298]
[1616698831.0904973, 1616698832.3790078]
[1616698831.0828464, 1616698831.7887719]
[1616698831.0908926, 1616698831.9677324]
[1616698831.3263488, 1616698832.0011892]
[1616698831.4444368, 1616698832.1553447]
[1616698831.3794663, 1616698832.0672653]
[1616698831.3944674, 1616698833.1084073]
[1616698831.537271, 1616698832.2224193]
[1616698831.5893266, 1616698832.749368]
[1616698831.5752718, 1616698832.24948]
[1616698831.8149037, 1616698832.4796178]
[1616698831.9138498, 1616698832.5775776]
[1616698831.862436, 1616698832.5456948]
[1616698831.8645499, 1616698833.3491976]
[1616698831.6403456, 1616698832.300166]
[1616698831.8141232, 1616698832.5115905]
[1616698831.7847202, 1616698834.403994]
[1616698831.9407744, 1616698832.6686954]
[1616698831.7868338, 1616698832.4799147]
[1616698831.9206622, 1616698832.6744878]
[1616698831.9845314, 1616698832.7497156]
[1616698832.0832763, 1616698832.7931566]
[1616698832.1694465, 1616698832.8693926]
[1616698832.2500596, 1616698832.9624736]
[1616698832.2294474, 1616698832.8684208]
[1616698832.2212505, 1616698832.9396722]
[1616698832.2505653, 1616698832.9795039]
[1616698832.4792643, 1616698833.2626798]
[1616698832.4791732, 1616698833.1378732]
[1616698832.5027769, 1616698833.1825707]
[1616698832.6375942, 1616698833.5348556]
[1616698832.7073126, 1616698833.4823167]
[1616698832.514274, 1616698833.1923037]
[1616698832.7845466, 1616698833.4887722]
[1616698832.9317, 1616698833.6597555]
[1616698832.7934842, 1616698833.4882312]
[1616698832.9071193, 1616698834.327214]
[1616698832.955111, 1616698833.8744066]
[1616698832.8694549, 1616698833.5622466]
[1616698832.9147792, 1616698833.6053884]
[1616698833.0798192, 1616698833.8352325]
[1616698833.2049263, 1616698833.8790333]
[1616698832.7830844, 1616698834.6133847]
[1616698833.1719775, 1616698833.8289535]
[1616698833.3373652, 1616698834.0275822]
[1616698833.2845428, 1616698833.9868488]
[1616698833.4071472, 1616698834.664361]
[1616698833.3310115, 1616698842.1825469]
[1616698833.3292348, 1616698833.9870067]
[1616698833.6832504, 1616698834.3845565]
[1616698833.4971027, 1616698834.2059698]
[1616698833.4878302, 1616698834.223476]
[1616698833.4431202, 1616698834.151988]
[1616698833.8733542, 1616698834.6273408]
[1616698833.7343345, 1616698834.4441032]
[1616698833.9825678, 1616698834.6884017]
[1616698834.0744064, 1616698834.740999]
[1616698833.9263542, 1616698834.6052628]
[1616698834.114162, 1616698834.8236573]
[1616698834.0113623, 1616698836.026541]
[1616698834.2248702, 1616698834.9229822]
[1616698834.1311538, 1616698836.5002558]
[1616698834.1041048, 1616698834.7415285]
[1616698834.2053149, 1616698835.885738]
[1616698834.3099813, 1616698835.7449832]
[1616698834.4866445, 1616698836.3042202]
[1616698834.397792, 1616698835.1097097]
[1616698834.406749, 1616698835.1123734]
[1616698834.4687512, 1616698835.144342]
[1616698834.5305705, 1616698836.3894455]
[1616698834.3856688, 1616698835.0886314]
[1616698834.5107172, 1616698835.2783518]
[1616698834.6266716, 1616698835.3430476]
[1616698834.691413, 1616698839.6720169]
[1616698834.6559181, 1616698835.3825176]
[1616698834.781807, 1616698837.250735]
[1616698834.8068213, 1616698835.45592]
[1616698834.7452962, 1616698835.4203792]
[1616698834.7283843, 1616698835.6441324]
[1616698835.104879, 1616698835.8060472]
[1616698834.8029413, 1616698836.5264592]
[1616698835.0620415, 1616698835.750171]
[1616698835.1406763, 1616698836.527927]
[1616698835.3454726, 1616698836.0928667]
[1616698835.033547, 1616698835.8266332]
[1616698835.2673728, 1616698835.958776]
[1616698835.4271803, 1616698836.1759377]
[1616698835.4719198, 1616698836.1450107]
[1616698835.4954326, 1616698838.5616312]
[1616698835.468125, 1616698836.187574]
[1616698835.498532, 1616698836.188285]
[1616698835.5269053, 1616698836.1871967]
[1616698835.5063424, 1616698837.0506625]
[1616698835.4548879, 1616698836.1484096]
[1616698835.529924, 1616698837.3517091]
[1616698835.618839, 1616698836.3254383]
[1616698835.649018, 1616698839.8197713]
[1616698835.7731538, 1616698836.905453]
[1616698835.7060683, 1616698836.7343106]
[1616698835.9255235, 1616698837.9916828]
[1616698836.0320253, 1616698838.7745478]
[1616698835.9097037, 1616698836.6837263]
[1616698836.1262226, 1616698839.3613503]
[1616698835.9232445, 1616698836.629836]
[1616698835.9024, 1616698839.1899307]
[1616698836.2070282, 1616698836.9562712]
[1616698835.92516, 1616698836.6559634]
[1616698836.378818, 1616698837.046349]
[1616698836.3727787, 1616698837.8190515]
[1616698836.4423351, 1616698837.1502829]
[1616698836.1937923, 1616698836.8490973]
[1616698836.2785137, 1616698836.9844809]
[1616698836.4038215, 1616698839.2833157]
[1616698836.4349146, 1616698837.1215327]
[1616698836.559467, 1616698837.1887767]
[1616698836.5081592, 1616698839.3833225]
[1616698836.4937444, 1616698837.472726]
[1616698836.619663, 1616698837.315766]
[1616698836.534387, 1616698842.2629378]
[1616698836.9760969, 1616698837.6516683]
[1616698836.8392653, 1616698837.5529733]
[1616698837.025134, 1616698837.6672647]
[1616698836.8621662, 1616698838.5603344]
[1616698837.1070385, 1616698837.7360637]
[1616698837.0420353, 1616698837.6953974]
[1616698836.938688, 1616698838.565202]
[1616698837.2769544, 1616698837.9843059]
[1616698836.8555398, 1616698837.5331352]
[1616698837.370615, 1616698838.008721]
[1616698837.0666988, 1616698840.1285756]
[1616698837.3269224, 1616698837.9888222]
[1616698837.2006295, 1616698837.8557675]
[1616698837.5489235, 1616698838.2932184]
[1616698837.5487335, 1616698838.2628326]
[1616698837.5470135, 1616698838.2123938]
[1616698837.5489166, 1616698838.2219632]
[1616698837.574884, 1616698843.652254]
[1616698837.686072, 1616698838.3693695]
[1616698837.9294348, 1616698838.843607]
[1616698837.9387743, 1616698839.4028873]
[1616698837.7359326, 1616698838.4126856]
[1616698838.062279, 1616698842.5045233]
[1616698838.0176995, 1616698839.7090518]
[1616698837.9394941, 1616698838.6039157]
[1616698837.8222024, 1616698838.4582982]
[1616698837.9130783, 1616698838.6002142]
[1616698837.9899511, 1616698838.7007682]
[1616698837.9590623, 1616698838.7036655]
[1616698838.0748618, 1616698838.7284966]
[1616698838.2306187, 1616698838.9750056]
[1616698838.2430477, 1616698838.8950381]
[1616698838.2335932, 1616698838.8713436]
[1616698838.277051, 1616698838.978786]
[1616698838.67044, 1616698839.3807976]
[1616698838.3998742, 1616698839.069182]
[1616698838.3351114, 1616698839.0200946]
[1616698838.4393492, 1616698839.0875554]
[1616698838.5986333, 1616698840.319714]
[1616698838.6217186, 1616698839.3375661]
[1616698838.6043928, 1616698839.2819598]
[1616698838.797936, 1616698839.5297353]
[1616698838.725576, 1616698839.4493291]
[1616698838.9263194, 1616698839.5679388]
[1616698838.622936, 1616698840.4113784]
[1616698838.8934634, 1616698841.262792]
[1616698839.1066716, 1616698839.8271155]
[1616698839.0230858, 1616698842.6413505]
[1616698838.967949, 1616698840.0987563]
[1616698839.1694539, 1616698839.8735693]
[1616698839.0862584, 1616698839.7916236]
[1616698839.1533346, 1616698842.3066797]
[1616698839.298988, 1616698840.021532]
[1616698839.2510376, 1616698839.9330306]
[1616698839.0512164, 1616698839.7440786]
[1616698839.2075953, 1616698839.895087]
[1616698839.2209108, 1616698840.2006078]
[1616698839.654159, 1616698840.311604]
[1616698839.5632854, 1616698840.2492192]
[1616698839.8204083, 1616698845.2558856]
[1616698839.7845988, 1616698840.4190667]
[1616698839.713185, 1616698840.4100494]
[1616698839.7832553, 1616698840.4924152]
[1616698840.0063872, 1616698840.7301674]
[1616698839.8099527, 1616698840.7909327]
[1616698839.8423512, 1616698840.5255527]
[1616698839.978985, 1616698840.6116107]
[1616698839.8722436, 1616698840.6121728]
[1616698839.8416722, 1616698841.4478307]
[1616698839.8880062, 1616698841.8913338]
[1616698839.828816, 1616698840.5144634]
[1616698840.070323, 1616698840.7962484]
[1616698840.0308607, 1616698845.0546691]
[1616698839.9142299, 1616698840.570806]
[1616698840.1871543, 1616698840.8347003]
[1616698840.4074638, 1616698841.847151]
[1616698840.2037108, 1616698840.9459372]
[1616698840.39056, 1616698841.6157296]
[1616698840.388033, 1616698841.9530914]
[1616698840.4711192, 1616698841.1046183]
[1616698840.3098302, 1616698841.0347435]
[1616698840.655623, 1616698841.304559]
[1616698840.6291683, 1616698841.3551824]
[1616698840.7377968, 1616698841.421164]
[1616698840.7086487, 1616698841.40405]
[1616698840.78398, 1616698841.5386539]
[1616698840.6669693, 1616698841.3982816]
[1616698841.0027428, 1616698841.7123253]
[1616698841.0092783, 1616698841.6582537]
[1616698841.0612826, 1616698841.740005]
[1616698840.7876122, 1616698841.4643605]
[1616698841.0033367, 1616698841.635284]
[1616698841.1456888, 1616698841.80412]
[1616698841.2268088, 1616698841.8879156]
[1616698841.1515715, 1616698841.8077822]
[1616698841.1085255, 1616698842.1479337]
[1616698841.300012, 1616698841.9511244]
[1616698841.3778818, 1616698842.0205548]
[1616698841.163707, 1616698841.8439116]
[1616698841.5420582, 1616698842.2614043]
[1616698841.3649564, 1616698842.088093]
[1616698841.4596236, 1616698842.1149297]
[1616698841.5399528, 1616698842.2250092]
[1616698841.325623, 1616698843.1519291]
[1616698841.557677, 1616698842.354788]
[1616698841.5425432, 1616698843.2775667]
[1616698841.750179, 1616698842.4203408]
[1616698841.7587926, 1616698842.4736671]
[1616698841.8390381, 1616698842.518137]
[1616698841.9299724, 1616698842.5864758]
[1616698841.7154367, 1616698842.3779075]
[1616698841.755228, 1616698843.380638]
[1616698842.0040295, 1616698842.7073336]
[1616698841.7007172, 1616698842.4786088]
[1616698842.1012437, 1616698843.8805754]
[1616698842.1343927, 1616698843.942542]
[1616698842.1422653, 1616698842.7861304]
[1616698842.2428484, 1616698843.6026258]
[1616698842.2559283, 1616698842.982153]
[1616698842.2144432, 1616698842.9232411]
[1616698842.2583606, 1616698842.917975]
[1616698842.3780077, 1616698843.1171212]
[1616698842.2937665, 1616698842.9882588]
[1616698842.292179, 1616698843.277482]
[1616698842.5157382, 1616698843.176933]
[1616698842.5523894, 1616698843.1887248]
[1616698842.5896382, 1616698849.5657432]
[1616698842.6438806, 1616698843.363173]
[1616698842.6183567, 1616698843.3273475]
[1616698842.5791128, 1616698843.5995405]
[1616698842.8580794, 1616698843.5349345]
[1616698842.719466, 1616698843.4223163]
[1616698842.9233792, 1616698844.802765]
[1616698842.8996904, 1616698843.5780756]
[1616698843.177007, 1616698843.842201]
[1616698842.8615506, 1616698845.1690433]
[1616698842.9110773, 1616698844.589262]
[1616698842.98126, 1616698843.701665]
[1616698843.0575457, 1616698844.16542]
[1616698843.0776916, 1616698843.7832153]
[1616698843.3071518, 1616698844.0299165]
[1616698843.4304502, 1616698844.2160668]
[1616698843.2849958, 1616698844.0287783]
[1616698843.1923223, 1616698848.0304291]
[1616698843.5406625, 1616698844.2325907]
[1616698843.3210945, 1616698843.9559402]
[1616698843.6138024, 1616698844.333081]
[1616698843.622614, 1616698844.3035223]
[1616698843.8252077, 1616698844.4902472]
[1616698843.5864155, 1616698844.238239]
[1616698843.7001445, 1616698844.350641]
[1616698843.9734626, 1616698844.7126088]
[1616698843.722663, 1616698844.7232425]
[1616698843.8628325, 1616698844.508536]
[1616698844.1738045, 1616698845.8903005]
[1616698844.0391455, 1616698844.7970915]
[1616698844.1271644, 1616698844.8347833]
[1616698843.981605, 1616698844.7154438]
[1616698844.1029108, 1616698845.6914704]
[1616698844.16715, 1616698844.8405578]
[1616698844.2896814, 1616698845.0173836]
[1616698844.399967, 1616698846.6159806]
[1616698844.3999832, 1616698845.209734]
[1616698844.1312284, 1616698844.8036003]
[1616698844.2395904, 1616698844.9259553]
[1616698844.4327953, 1616698845.1505752]
[1616698844.5704784, 1616698846.2191856]
[1616698844.3852522, 1616698845.0918853]
[1616698844.7407055, 1616698845.4295537]
[1616698844.5900068, 1616698846.363289]
[1616698844.7487402, 1616698845.530896]
[1616698844.8396516, 1616698845.5659523]
[1616698844.6576102, 1616698845.3097034]
[1616698844.7106802, 1616698845.3734689]
[1616698844.9407008, 1616698845.631792]
[1616698844.966955, 1616698846.5492241]
[1616698845.1460178, 1616698845.8794057]
[1616698845.0985396, 1616698845.8092194]
[1616698844.9240189, 1616698845.5684867]
[1616698844.8711658, 1616698846.2488954]
[1616698845.1001198, 1616698846.805677]
[1616698845.0971644, 1616698845.919446]
[1616698845.1252406, 1616698845.8347106]
[1616698845.2232444, 1616698849.0470297]
[1616698845.2780244, 1616698845.9439204]
[1616698845.5221622, 1616698846.3898354]
[1616698845.4021893, 1616698846.12823]
[1616698845.4314682, 1616698846.1889632]
[1616698845.3620293, 1616698846.0877829]
[1616698845.7544677, 1616698846.4931335]
[1616698845.3187022, 1616698845.981806]
[1616698845.5022197, 1616698847.321845]
[1616698845.6295834, 1616698847.1545055]
[1616698845.5672705, 1616698846.380603]
[1616698845.7049196, 1616698846.4157276]
[1616698845.7845037, 1616698846.5402935]
[1616698846.1693342, 1616698852.274949]
[1616698845.9798315, 1616698846.6298516]
[1616698845.955086, 1616698846.6158328]
[1616698846.2266598, 1616698846.9389255]
[1616698846.2390072, 1616698846.945843]
[1616698846.0689209, 1616698846.716253]
[1616698846.207481, 1616698848.71668]
[1616698846.0970767, 1616698846.8296096]
[1616698845.900671, 1616698847.2094812]
[1616698846.2306082, 1616698846.893656]
[1616698846.340031, 1616698847.0888505]
[1616698846.4463754, 1616698847.1011944]
[1616698846.4183183, 1616698847.548417]
[1616698846.3868759, 1616698847.1125164]
[1616698846.5974846, 1616698847.264858]
[1616698846.5031152, 1616698847.1871846]
[1616698846.5423021, 1616698847.2371626]
[1616698846.5021834, 1616698847.2632935]
[1616698846.767237, 1616698847.4356856]
[1616698846.8365214, 1616698847.481809]
[1616698846.7916255, 1616698847.47637]
[1616698846.8123999, 1616698847.4868968]
[1616698846.976109, 1616698847.7210476]
[1616698846.8107238, 1616698847.752949]
[1616698847.0061944, 1616698847.6552544]
[1616698847.1481361, 1616698847.848113]
[1616698847.0651984, 1616698848.4285026]
[1616698846.8813848, 1616698847.565226]
[1616698847.1360219, 1616698847.9000137]
[1616698847.239004, 1616698850.0143476]
[1616698847.5096898, 1616698848.1693063]
[1616698847.459557, 1616698848.1075032]
[1616698847.482818, 1616698848.1400216]
[1616698847.5203252, 1616698848.218478]
[1616698847.5610719, 1616698848.308859]
[1616698847.5769587, 1616698848.234695]
[1616698847.5853252, 1616698848.3030488]
[1616698847.6318338, 1616698848.665223]
[1616698847.7136424, 1616698848.3588986]
[1616698847.5839245, 1616698848.2370818]
[1616698847.6369467, 1616698849.0044475]
[1616698847.7291634, 1616698859.3722186]
[1616698847.7537372, 1616698849.0721436]
[1616698847.8402638, 1616698848.5862596]
[1616698847.8433478, 1616698848.5166302]
[1616698847.935622, 1616698848.6162593]
[1616698847.901661, 1616698848.5671852]
[1616698848.2242892, 1616698848.9022024]
[1616698848.1122997, 1616698848.7510605]
[1616698848.1924686, 1616698850.6136045]
[1616698848.3703814, 1616698849.050957]
[1616698848.1619406, 1616698848.8018456]
[1616698848.3411388, 1616698849.9101841]
[1616698848.420898, 1616698849.1015172]
[1616698848.5924964, 1616698849.3237677]
[1616698848.4979384, 1616698850.3998334]
[1616698848.6734784, 1616698849.3158054]
[1616698848.5337765, 1616698849.1671135]
[1616698848.5148377, 1616698849.2676976]
[1616698848.6970973, 1616698849.357997]
[1616698848.5557005, 1616698849.2272866]
[1616698848.442609, 1616698849.1239066]
[1616698848.63907, 1616698849.9891028]
[1616698848.755701, 1616698849.4061663]
[1616698849.0095124, 1616698849.7199178]
[1616698848.9303474, 1616698849.5930793]
[1616698848.9919508, 1616698849.6629806]
[1616698848.9122767, 1616698849.6695786]
[1616698848.985224, 1616698849.7226577]
[1616698849.2510078, 1616698849.9502883]
[1616698849.1341486, 1616698849.7686992]
[1616698849.427827, 1616698850.1046276]
[1616698848.9995868, 1616698849.751675]
[1616698849.4183314, 1616698852.9790998]
[1616698849.3060226, 1616698850.2156842]
[1616698849.415263, 1616698850.0950232]
[1616698849.6047025, 1616698850.2676537]
[1616698849.508553, 1616698850.3635495]
[1616698849.4203105, 1616698851.1233904]
[1616698849.4705331, 1616698851.2092614]
[1616698849.6801817, 1616698850.372197]
[1616698849.7304401, 1616698850.4953434]
[1616698849.6987927, 1616698850.417735]
[1616698849.6645777, 1616698854.2033393]
[1616698849.7049932, 1616698850.364948]
[1616698849.9283164, 1616698851.0995443]
[1616698850.1027086, 1616698851.4056659]
[1616698849.9345863, 1616698850.666277]
[1616698849.9150069, 1616698850.630537]
[1616698850.1515906, 1616698850.795365]
[1616698850.10854, 1616698851.5061297]
[1616698850.225665, 1616698850.9096522]
[1616698850.2844334, 1616698850.9483058]
[1616698850.2165253, 1616698850.9132793]
[1616698850.2728348, 1616698850.9128213]
[1616698850.1791854, 1616698850.816705]
[1616698850.4732985, 1616698852.3080013]
[1616698850.3303976, 1616698850.982883]
[1616698850.6905503, 1616698851.4380841]
[1616698850.6622539, 1616698851.5113235]
[1616698850.5828724, 1616698851.271689]
[1616698850.6641965, 1616698851.3400996]
[1616698850.6997705, 1616698851.4057534]
[1616698850.89169, 1616698851.5517304]
[1616698850.6778631, 1616698851.5365746]
[1616698850.7766018, 1616698851.4385345]
[1616698850.841811, 1616698851.5108857]
[1616698850.791703, 1616698851.5024176]
[1616698850.915045, 1616698852.085456]
[1616698850.9309335, 1616698851.8898706]
[1616698850.9963722, 1616698851.6354141]
[1616698851.102441, 1616698851.7493644]
[1616698851.0145311, 1616698851.7028966]
[1616698851.4159355, 1616698852.0805163]
[1616698851.1606898, 1616698852.4287314]
[1616698851.3085814, 1616698852.0349035]
[1616698851.4216664, 1616698852.1040847]
[1616698851.5077055, 1616698852.2819533]
[1616698851.4724362, 1616698852.1543612]
[1616698851.6119962, 1616698852.356861]
[1616698851.4341884, 1616698852.1029718]
[1616698851.4680514, 1616698852.929055]
[1616698851.6167653, 1616698852.3196523]
[1616698851.6093621, 1616698852.2919743]
[1616698851.6519501, 1616698852.3265488]
[1616698851.8436167, 1616698852.5032728]
[1616698851.724583, 1616698853.4971154]
[1616698851.851305, 1616698852.7666798]
[1616698851.6114657, 1616698853.129139]
[1616698851.9638145, 1616698852.9778945]
[1616698851.9476216, 1616698852.628202]
[1616698851.9779878, 1616698852.6807845]
[1616698851.9845958, 1616698852.641706]
[1616698851.9213421, 1616698852.5697787]
[1616698852.175893, 1616698852.8442883]
[1616698852.1782467, 1616698852.9185386]
[1616698852.2079077, 1616698853.4653118]
[1616698852.0249057, 1616698852.7174006]
[1616698852.274656, 1616698852.9771361]
[1616698852.321039, 1616698852.9711847]
[1616698852.4231815, 1616698854.3178382]
[1616698852.5351253, 1616698853.214462]
[1616698852.608142, 1616698853.2998097]
[1616698852.5344412, 1616698858.9559522]
[1616698852.7816825, 1616698853.448216]
[1616698852.726425, 1616698853.4196215]
[1616698853.0323365, 1616698853.6862671]
[1616698853.0751677, 1616698854.3790095]
[1616698853.003313, 1616698854.436776]
[1616698853.04191, 1616698853.6825469]
[1616698852.8564413, 1616698853.542608]
[1616698852.8953042, 1616698853.5800233]
[1616698853.2300406, 1616698854.9904912]
[1616698853.240488, 1616698853.8940692]
[1616698853.124827, 1616698853.8245306]
[1616698853.1392794, 1616698853.8907216]
[1616698853.070476, 1616698854.8285594]
[1616698853.407867, 1616698854.170412]
[1616698853.097888, 1616698853.7638078]
[1616698853.367977, 1616698854.0539033]
[1616698853.4913905, 1616698854.1543612]
[1616698853.5684702, 1616698854.2656014]
[1616698853.4125025, 1616698854.060947]
[1616698853.5146346, 1616698854.1696565]
[1616698853.6666315, 1616698855.9895372]
[1616698853.4929006, 1616698855.1603382]
[1616698853.5684342, 1616698854.2757773]
[1616698853.7871323, 1616698854.4895353]
[1616698853.6307998, 1616698855.027742]
[1616698853.8442523, 1616698854.4959133]
[1616698853.8308587, 1616698854.4962344]
[1616698853.8353536, 1616698854.4996467]
[1616698854.0004222, 1616698854.716709]
[1616698854.2008438, 1616698854.8650763]
[1616698853.906112, 1616698854.6074123]
[1616698853.9510128, 1616698854.6372356]
[1616698854.0949578, 1616698861.1373575]
[1616698853.99956, 1616698854.6723642]
[1616698854.0721498, 1616698854.7803025]
[1616698854.1676805, 1616698854.8875585]
[1616698854.1648884, 1616698855.7253845]
[1616698854.182343, 1616698854.8633394]
[1616698854.278931, 1616698854.9460816]
[1616698854.345499, 1616698855.0282445]
[1616698854.3085303, 1616698855.355623]
[1616698854.354546, 1616698857.4720922]
[1616698854.3340325, 1616698855.0517237]
[1616698854.584873, 1616698855.2651994]
[1616698854.6416283, 1616698855.3366098]
[1616698854.6233747, 1616698855.2920241]
[1616698854.57666, 1616698855.6014104]
[1616698854.9287171, 1616698862.7115705]
[1616698854.8942575, 1616698855.5786772]
[1616698854.7818286, 1616698855.4832969]
[1616698854.9447496, 1616698855.6762295]
[1616698855.1101663, 1616698855.8849306]
[1616698855.0286975, 1616698855.722747]
[1616698855.2221143, 1616698857.0344763]
[1616698855.2966766, 1616698855.9664185]
[1616698855.4724948, 1616698856.1098056]
[1616698855.3531387, 1616698855.9903295]
[1616698855.2306097, 1616698855.9139168]
[1616698855.365544, 1616698856.1068146]
[1616698855.4700458, 1616698856.1571326]
[1616698855.724312, 1616698856.4554121]
[1616698855.8026416, 1616698856.4547772]
[1616698855.6580565, 1616698856.3177505]
[1616698855.697177, 1616698856.3564]
[1616698855.512038, 1616698856.2334967]
[1616698855.5946267, 1616698856.2854226]
[1616698855.662803, 1616698856.3476424]
[1616698855.7453907, 1616698856.4472806]
[1616698855.6505249, 1616698856.3308866]
[1616698856.0706253, 1616698856.7767272]
[1616698856.0587652, 1616698856.7506535]
[1616698856.213066, 1616698856.9321468]
[1616698856.084132, 1616698856.876172]
[1616698856.122806, 1616698857.1418219]
[1616698856.3861375, 1616698858.0183535]
[1616698856.250827, 1616698857.3264656]
[1616698856.3178284, 1616698856.9664416]
[1616698856.3652, 1616698857.072847]
[1616698856.2358043, 1616698856.9022048]
[1616698856.434967, 1616698857.0930107]
[1616698856.7297118, 1616698857.712257]
[1616698856.6719155, 1616698857.4487133]
[1616698856.3886292, 1616698857.460561]
[1616698856.6513238, 1616698857.3054838]
[1616698856.663764, 1616698861.7205071]
[1616698856.6263685, 1616698857.330107]
[1616698856.6824725, 1616698857.7461517]
[1616698856.6332653, 1616698860.132872]
[1616698856.729359, 1616698857.393134]
[1616698856.693001, 1616698857.3601794]
[1616698856.944322, 1616698857.9876373]
[1616698857.0707512, 1616698858.1663241]
[1616698856.9066072, 1616698857.6706343]
[1616698857.0473344, 1616698857.797298]
[1616698857.062322, 1616698857.7483304]
[1616698856.8604465, 1616698857.5562615]
[1616698857.1808522, 1616698862.7860513]
[1616698857.1513264, 1616698857.841539]
[1616698857.231414, 1616698857.9475956]
[1616698857.2326446, 1616698858.6210084]
[1616698857.4169858, 1616698858.0746071]
[1616698857.2273233, 1616698857.9086905]
[1616698857.3145635, 1616698857.9946084]
[1616698857.4700894, 1616698858.1203911]
[1616698857.5155256, 1616698858.2537386]
[1616698857.554327, 1616698858.2652526]
[1616698857.5410073, 1616698858.261583]
[1616698857.6239095, 1616698864.06838]
[1616698857.6812105, 1616698858.5922694]
[1616698857.7884855, 1616698860.4045274]
[1616698857.6307826, 1616698858.328127]
[1616698858.0389185, 1616698858.770041]
[1616698858.0616462, 1616698858.8070335]
[1616698858.1228313, 1616698861.4149938]
[1616698858.0420825, 1616698858.992423]
[1616698858.1516757, 1616698858.8174236]
[1616698857.933665, 1616698858.5895736]
[1616698858.035155, 1616698858.7700374]
[1616698858.1783829, 1616698858.855424]
[1616698858.3988557, 1616698859.248997]
[1616698858.2287624, 1616698859.8379407]
[1616698858.2561836, 1616698858.904873]
[1616698858.308663, 1616698859.047453]
[1616698858.2743354, 1616698859.1288316]
[1616698858.2632322, 1616698859.3624525]
[1616698858.7308238, 1616698859.4747944]
[1616698858.3919468, 1616698859.2204752]
[1616698858.625338, 1616698859.3570447]
[1616698858.6493664, 1616698860.1266408]
[1616698858.60636, 1616698860.1289883]
[1616698858.7184596, 1616698859.38255]
[1616698858.8227332, 1616698859.5302563]
[1616698858.5032768, 1616698862.124339]
[1616698858.8154628, 1616698859.566046]
[1616698858.809289, 1616698859.567778]
[1616698858.9475338, 1616698859.612082]
[1616698859.2130053, 1616698859.9700668]
[1616698859.0985374, 1616698859.8361526]
[1616698859.105502, 1616698860.0134826]
[1616698859.2290134, 1616698859.9668148]
[1616698859.4339757, 1616698862.4086413]
[1616698859.515378, 1616698860.1902921]
[1616698859.3799417, 1616698860.1253798]
[1616698859.1964717, 1616698859.8847845]
[1616698859.3856645, 1616698860.0410845]
[1616698859.0197144, 1616698859.7232497]
[1616698859.3425033, 1616698860.718358]
[1616698859.4832282, 1616698861.2696164]
[1616698859.371317, 1616698865.23707]
[1616698859.6543639, 1616698861.4650407]
[1616698859.8670192, 1616698860.5678563]
[1616698859.619326, 1616698860.3202336]
[1616698859.6561053, 1616698862.692651]
[1616698859.668835, 1616698860.366962]
[1616698859.9606836, 1616698860.6104457]
[1616698860.1399953, 1616698860.7918487]
[1616698860.0843961, 1616698863.4836023]
[1616698860.2591329, 1616698860.9105847]
[1616698860.1270237, 1616698860.8595958]
[1616698860.2834334, 1616698861.025145]
[1616698860.2903903, 1616698862.0891542]
[1616698860.1723073, 1616698860.913621]
[1616698860.1160831, 1616698860.8511534]
[1616698860.070149, 1616698866.3994727]
[1616698860.4006982, 1616698861.0799828]
[1616698860.4762309, 1616698861.2156448]
[1616698860.433322, 1616698861.135986]
[1616698860.484713, 1616698862.0670009]
[1616698860.4752004, 1616698861.1915262]
[1616698860.543015, 1616698861.282839]
[1616698860.7222016, 1616698862.4398293]
[1616698860.6569853, 1616698861.3719187]
[1616698860.6401722, 1616698861.3199804]
[1616698860.5309987, 1616698861.2428076]
[1616698860.8743465, 1616698861.5716815]
[1616698861.1245124, 1616698869.2083173]
[1616698860.9602253, 1616698861.7162035]
[1616698861.060659, 1616698861.7095401]
[1616698860.8210583, 1616698861.470258]
[1616698861.23466, 1616698863.8514194]
[1616698860.8930783, 1616698861.6289058]
[1616698861.06067, 1616698861.7174447]
[1616698861.1662712, 1616698861.8908536]
[1616698861.1229482, 1616698862.9568245]
[1616698861.2097013, 1616698862.0917315]
[1616698861.4557185, 1616698862.1725454]
[1616698861.2107484, 1616698861.9174597]
[1616698861.083595, 1616698861.7891512]
[1616698861.450171, 1616698862.190851]
[1616698861.2630851, 1616698861.9938474]
[1616698861.6012614, 1616698862.8633235]
[1616698861.4399827, 1616698863.14274]
[1616698861.7896461, 1616698862.5097432]
[1616698861.5498402, 1616698862.2916996]
[1616698861.8770819, 1616698862.6076393]
[1616698861.8645508, 1616698862.6249368]
[1616698861.6420639, 1616698862.7755032]
[1616698862.0478425, 1616698862.8093603]
[1616698861.6137156, 1616698862.324626]
[1616698861.9615076, 1616698862.991776]
[1616698861.9524598, 1616698862.6928031]
[1616698862.0962987, 1616698862.8587198]
[1616698862.4092162, 1616698863.0761895]
[1616698862.3232553, 1616698862.9913251]
[1616698862.331039, 1616698863.0505254]
[1616698862.2243466, 1616698862.9266005]
[1616698862.1552613, 1616698863.1230757]
[1616698862.4056768, 1616698865.7474678]
[1616698861.9209728, 1616698862.6479871]
[1616698862.5507073, 1616698863.3087296]
[1616698862.3863122, 1616698863.1094103]
[1616698862.5367002, 1616698863.2081945]
[1616698862.3929965, 1616698863.1162012]
[1616698862.921109, 1616698863.6526527]
[1616698862.7278576, 1616698863.4639263]
[1616698863.069974, 1616698864.4087548]
[1616698862.887386, 1616698864.435793]
[1616698863.1124346, 1616698863.755981]
[1616698863.0491722, 1616698863.7155972]
[1616698863.0397792, 1616698863.7306921]
[1616698862.912063, 1616698864.0352585]
[1616698863.0047045, 1616698863.6780105]
[1616698862.8763673, 1616698863.5928786]
[1616698863.0580761, 1616698864.6713672]
[1616698863.0014522, 1616698863.6709514]
[1616698863.2314405, 1616698863.9435086]
[1616698863.3766596, 1616698864.201198]
[1616698863.6236143, 1616698864.3304126]
[1616698863.6041927, 1616698864.2946894]
[1616698863.4469776, 1616698864.0831544]
[1616698863.558624, 1616698864.2440693]
[1616698863.70623, 1616698864.4145296]
[1616698863.6176896, 1616698864.2738264]
[1616698863.6816456, 1616698864.3881662]
[1616698863.8182256, 1616698864.5119748]
[1616698863.7452655, 1616698864.9880528]
[1616698863.986169, 1616698864.7520113]
[1616698864.011546, 1616698864.883602]
[1616698864.0234816, 1616698864.717338]
[1616698864.0153434, 1616698864.7566097]
[1616698864.1452422, 1616698864.8878548]
[1616698864.078124, 1616698866.0780141]
[1616698863.8349397, 1616698864.5130804]
[1616698863.9518805, 1616698864.6149402]
[1616698863.995426, 1616698864.665306]
[1616698864.260934, 1616698865.014339]
[1616698864.1378155, 1616698864.7904491]
[1616698864.4989927, 1616698865.213102]
[1616698864.365754, 1616698865.0808642]
[1616698864.5784135, 1616698873.526649]
[1616698864.4225242, 1616698866.1835468]
[1616698864.3283129, 1616698865.07373]
[1616698864.5982003, 1616698865.238079]
[1616698864.591172, 1616698865.2715027]
[1616698864.778454, 1616698865.4852674]
[1616698864.84147, 1616698866.0194547]
[1616698864.9743366, 1616698865.9816127]
[1616698864.592299, 1616698865.2581792]
[1616698864.9870708, 1616698865.6653519]
[1616698865.047197, 1616698866.559777]
[1616698864.8404295, 1616698865.528325]
[1616698864.8532033, 1616698865.5274076]
[1616698864.9879696, 1616698865.6366038]
[1616698864.827147, 1616698865.4766328]
[1616698865.040256, 1616698865.7221832]
[1616698865.242146, 1616698865.9121246]
[1616698865.2247775, 1616698865.91494]
[1616698865.1071873, 1616698865.851666]
[1616698865.2314937, 1616698865.9450595]
[1616698865.2386134, 1616698865.9697006]
[1616698865.3781247, 1616698866.0981057]
[1616698865.5973074, 1616698867.3344047]
[1616698865.622726, 1616698867.3643453]
[1616698864.9937372, 1616698872.219064]
[1616698865.3826642, 1616698866.3167279]
[1616698865.343748, 1616698866.023627]
[1616698865.672987, 1616698866.3163087]
[1616698865.546784, 1616698866.2668488]
[1616698865.662431, 1616698866.3586874]
[1616698865.681539, 1616698866.3873916]
[1616698865.7874537, 1616698866.444001]
[1616698865.96372, 1616698867.8453026]
[1616698865.923674, 1616698866.5833952]
[1616698866.0860531, 1616698866.80409]
[1616698866.0389252, 1616698867.628925]
[1616698865.871928, 1616698866.5628254]
[1616698865.9750056, 1616698866.6566896]
[1616698866.042949, 1616698866.6978405]
[1616698866.0981712, 1616698867.6884272]
[1616698866.1779552, 1616698866.841679]
[1616698866.237556, 1616698866.9123843]
[1616698866.3184814, 1616698867.0082028]
[1616698866.472168, 1616698867.1652539]
[1616698866.599848, 1616698867.2866206]
[1616698866.689131, 1616698867.5244915]
[1616698866.5090504, 1616698867.334416]
[1616698866.5617156, 1616698867.223208]
[1616698866.883443, 1616698867.572047]
[1616698866.5627835, 1616698867.2960641]
[1616698866.843635, 1616698868.877458]
[1616698866.7307994, 1616698867.3904324]
[1616698866.474704, 1616698867.1254961]
[1616698866.8581524, 1616698867.5241003]
[1616698866.7482126, 1616698867.6226785]
[1616698866.8712513, 1616698872.551649]
[1616698866.6991987, 1616698867.4521954]
[1616698867.0556734, 1616698867.7307703]
[1616698866.9396389, 1616698867.6550364]
[1616698867.509961, 1616698868.1719441]
[1616698867.2855215, 1616698867.9667392]
[1616698867.3830354, 1616698868.0839927]
[1616698867.510713, 1616698868.1666327]
[1616698867.6181643, 1616698868.2738192]
[1616698867.486494, 1616698869.1850922]
[1616698867.5339625, 1616698868.26737]
[1616698867.538556, 1616698869.1794841]
[1616698867.7528377, 1616698868.5159893]
[1616698867.800725, 1616698868.4716134]
[1616698867.6894617, 1616698868.3395917]
[1616698867.905856, 1616698868.5869207]
[1616698867.700615, 1616698868.426498]
[1616698868.0028188, 1616698868.7315724]
[1616698867.966728, 1616698869.0678134]
[1616698867.9273465, 1616698870.807656]
[1616698868.0498624, 1616698868.7715313]
[1616698868.0613477, 1616698879.8481543]
[1616698868.1867638, 1616698868.9215722]
[1616698868.1421611, 1616698868.8713372]
[1616698868.1212049, 1616698868.8291142]
[1616698868.1878674, 1616698869.1419687]
[1616698868.2420094, 1616698868.9288008]
[1616698868.1424658, 1616698868.8710492]
[1616698868.2620735, 1616698868.938848]
[1616698868.3592036, 1616698871.3159924]
[1616698868.3654969, 1616698869.0884194]
[1616698868.083062, 1616698868.8274405]
[1616698868.5601056, 1616698869.238211]
[1616698868.5924969, 1616698869.3122208]
[1616698868.839351, 1616698869.522853]
[1616698868.6350892, 1616698869.3361526]
[1616698868.867904, 1616698870.0291276]
[1616698868.888989, 1616698869.6316578]
[1616698868.8489122, 1616698871.9659011]
[1616698868.7544599, 1616698869.438178]
[1616698868.702727, 1616698869.4072304]
[1616698868.975085, 1616698869.7453418]
[1616698868.9419212, 1616698869.66506]
[1616698868.9534616, 1616698869.6866026]
[1616698869.137336, 1616698872.8158498]
[1616698869.1704936, 1616698869.9761026]
[1616698869.133177, 1616698869.8031065]
[1616698869.3061798, 1616698870.0263531]
[1616698869.3954058, 1616698870.5825639]
[1616698869.3711374, 1616698870.072665]
[1616698869.4312901, 1616698870.1426582]
[1616698869.6425362, 1616698871.2438285]
[1616698869.5734694, 1616698870.2491226]
[1616698869.6438808, 1616698870.3846512]
[1616698869.6121662, 1616698870.380221]
[1616698869.3962626, 1616698870.675122]
[1616698869.4694633, 1616698870.1412659]
[1616698869.731346, 1616698870.4258833]
[1616698869.866642, 1616698870.7137148]
[1616698869.9811122, 1616698882.6139963]
[1616698869.7619343, 1616698871.4014812]
[1616698870.0409088, 1616698870.6820061]
[1616698869.8647668, 1616698870.5503824]
[1616698869.83564, 1616698870.5083206]
[1616698869.9947693, 1616698870.8093808]
[1616698870.0509865, 1616698871.5592937]
[1616698870.2885132, 1616698870.9874775]
[1616698870.2530973, 1616698871.7978663]
[1616698870.3960822, 1616698872.1590605]
[1616698870.43821, 1616698871.7049546]
[1616698870.3257985, 1616698871.0210955]
[1616698870.2620714, 1616698870.9199255]
[1616698870.4636917, 1616698871.1470616]
[1616698870.5397248, 1616698871.325472]
[1616698870.545788, 1616698871.2826807]
[1616698870.4437423, 1616698871.1916118]
[1616698870.43367, 1616698873.0440934]
[1616698870.7031991, 1616698871.344945]
[1616698870.6708193, 1616698872.417499]
[1616698870.7182896, 1616698871.3986728]
[1616698870.911726, 1616698872.3418484]
[1616698870.8392441, 1616698871.596836]
[1616698870.7135358, 1616698872.9417443]
[1616698870.9879606, 1616698871.6394486]
[1616698871.0540848, 1616698871.790644]
[1616698871.1255972, 1616698871.8477185]
[1616698871.0773108, 1616698871.821159]
[1616698870.9925623, 1616698872.2618644]
[1616698871.183139, 1616698874.0828946]
[1616698871.3473723, 1616698872.0605035]
[1616698871.232607, 1616698871.9025037]
[1616698871.3630395, 1616698872.094777]
[1616698871.1539965, 1616698871.9032285]
[1616698871.426077, 1616698872.1523643]
[1616698871.4296646, 1616698872.1102576]
[1616698871.396366, 1616698874.5051897]
[1616698871.421338, 1616698872.5183296]
[1616698871.7946107, 1616698872.6906383]
[1616698871.8282259, 1616698872.5170133]
[1616698871.7334924, 1616698873.4923089]
[1616698871.7036757, 1616698873.6031055]
[1616698871.8500137, 1616698872.6730502]
[1616698871.8936152, 1616698872.6635334]
[1616698871.6153338, 1616698872.3781953]
[1616698871.8403573, 1616698872.5277925]
[1616698871.7976568, 1616698872.4891965]
[1616698871.7239337, 1616698872.3750196]
[1616698872.1386747, 1616698872.857186]
[1616698871.882727, 1616698872.6257327]
[1616698872.0606732, 1616698873.1672306]
[1616698872.2001011, 1616698872.9249666]
[1616698872.181034, 1616698874.4969904]
[1616698872.2654407, 1616698873.7569213]
[1616698872.3888335, 1616698873.0578623]
[1616698872.5286481, 1616698873.19175]
[1616698872.3937654, 1616698873.0999947]
[1616698872.348834, 1616698875.841472]
[1616698872.4496996, 1616698878.3350692]
[1616698872.6840396, 1616698874.4414876]
[1616698872.6229522, 1616698873.6511467]
[1616698872.5343962, 1616698874.1084611]
[1616698872.6844838, 1616698873.4629314]
[1616698872.9766843, 1616698873.6261508]
[1616698872.6189053, 1616698873.2945807]
[1616698872.7813892, 1616698874.3555632]
[1616698872.831708, 1616698873.9300747]
[1616698872.8444262, 1616698873.55601]
[1616698873.118644, 1616698873.7910504]
[1616698873.043168, 1616698873.7160313]
[1616698872.985802, 1616698874.2710989]
[1616698873.0440743, 1616698874.8478105]
[1616698873.1582472, 1616698873.8001564]
[1616698873.1493757, 1616698873.8675225]
[1616698873.200661, 1616698873.8883002]
[1616698873.0103478, 1616698875.8130128]
[1616698872.8858144, 1616698874.3330963]
[1616698873.2968926, 1616698874.082023]
[1616698873.4643373, 1616698874.146902]
[1616698873.6241033, 1616698874.330829]
[1616698873.5363815, 1616698874.6761281]
[1616698873.5879154, 1616698874.2662303]
[1616698873.5863755, 1616698874.7114615]
[1616698873.8867598, 1616698874.5223856]
[1616698873.606641, 1616698874.2896602]
[1616698873.671722, 1616698874.3976674]
[1616698873.8868618, 1616698874.5797377]
[1616698873.7066758, 1616698874.4177177]
[1616698873.6940303, 1616698874.3963654]
[1616698873.9987535, 1616698874.7250302]
[1616698874.0408044, 1616698874.7214422]
[1616698874.0805027, 1616698874.807047]
[1616698874.1024811, 1616698875.6876256]
[1616698874.1465497, 1616698875.0309274]
[1616698874.0696418, 1616698874.8053045]
[1616698874.255274, 1616698874.9416258]
[1616698874.1790195, 1616698876.529743]
[1616698874.38583, 1616698875.038073]
[1616698874.3657906, 1616698875.0911012]
[1616698874.361757, 1616698875.3264577]
[1616698874.419933, 1616698875.4475877]
[1616698874.412528, 1616698875.1134317]
[1616698874.4035144, 1616698875.1014092]
[1616698874.3030677, 1616698875.3742912]
[1616698874.2533665, 1616698875.292052]
[1616698874.5387604, 1616698875.1780937]
[1616698874.7460654, 1616698876.780053]
[1616698874.5020084, 1616698880.207478]
[1616698874.8748252, 1616698877.2381883]
[1616698874.9303403, 1616698875.6117496]
[1616698874.894784, 1616698875.6391845]
[1616698875.2095408, 1616698876.6783307]
[1616698875.0520046, 1616698875.7390945]
[1616698875.1332147, 1616698877.413246]
[1616698875.1403549, 1616698875.8431625]
[1616698875.0370739, 1616698876.1051733]
[1616698875.380791, 1616698876.0657282]
[1616698875.2392247, 1616698875.9529326]
[1616698875.3985126, 1616698877.1882334]
[1616698875.162875, 1616698875.8664675]
[1616698875.6270902, 1616698876.317113]
[1616698875.6204786, 1616698876.33319]
[1616698875.5697486, 1616698876.2130547]
[1616698875.8481839, 1616698876.5559864]
[1616698875.3505986, 1616698876.7843232]
[1616698875.686948, 1616698876.385593]
[1616698875.7639658, 1616698876.8533618]
[1616698875.547051, 1616698876.2129228]
[1616698875.7671747, 1616698876.4394417]
[1616698875.7896082, 1616698876.4685128]
[1616698875.8448157, 1616698876.5715249]
[1616698876.0582337, 1616698876.7319956]
[1616698876.0194948, 1616698876.7432642]
[1616698875.733663, 1616698877.2616744]
[1616698876.1602466, 1616698876.8770494]
[1616698875.7015743, 1616698876.4137762]
[1616698875.8183153, 1616698877.3932147]
[1616698876.235442, 1616698876.8764386]
[1616698876.3555338, 1616698877.0524623]
[1616698876.3245876, 1616698877.5132616]
[1616698876.4499996, 1616698878.2802122]
[1616698876.1005058, 1616698879.5327632]
[1616698876.1398776, 1616698876.8108108]
[1616698876.541138, 1616698878.2308757]
[1616698876.3310626, 1616698877.0309317]
[1616698876.5561845, 1616698877.3403254]
[1616698876.4092343, 1616698877.9051137]
[1616698876.4537532, 1616698877.5899453]
[1616698876.527107, 1616698878.4144566]
[1616698876.51399, 1616698877.1401548]
[1616698876.798876, 1616698877.5282328]
[1616698876.6497903, 1616698877.593672]
[1616698876.7479236, 1616698877.445008]
[1616698876.9761214, 1616698877.6170568]
[1616698877.062786, 1616698877.7866018]
[1616698876.8320246, 1616698889.9270947]
[1616698876.9899158, 1616698877.7213278]
[1616698877.148738, 1616698877.8234086]
[1616698877.2260532, 1616698877.9072263]
[1616698877.3694322, 1616698878.0194395]
[1616698877.3546517, 1616698878.7856836]
[1616698877.3342357, 1616698877.9992115]
[1616698877.444426, 1616698878.827966]
[1616698877.5051007, 1616698878.2011216]
[1616698877.414846, 1616698878.1161175]
[1616698877.4174256, 1616698878.0716398]
[1616698877.5774355, 1616698878.3272748]
[1616698877.3224506, 1616698878.987373]
[1616698877.5876622, 1616698883.3643541]
[1616698877.458545, 1616698878.1315997]
[1616698877.747868, 1616698878.4696975]
[1616698877.8713992, 1616698878.5573912]
[1616698877.7023723, 1616698878.4255638]
[1616698877.6878815, 1616698878.4181168]
[1616698877.8496182, 1616698878.5308995]
[1616698877.7350125, 1616698878.4695299]
[1616698877.8204477, 1616698878.4836278]
[1616698877.9967299, 1616698878.6470997]
[1616698877.9867918, 1616698878.7519343]
[1616698877.960799, 1616698878.6462917]
[1616698878.1627119, 1616698878.856333]
[1616698877.9721606, 1616698878.6505747]
[1616698878.2569096, 1616698878.8929992]
[1616698878.5304039, 1616698879.1821613]
[1616698878.4714625, 1616698879.1860878]
[1616698878.5121026, 1616698879.7876523]
[1616698878.3898978, 1616698879.0573142]
[1616698878.2920077, 1616698879.046999]
[1616698878.5717933, 1616698879.2413368]
[1616698878.9173152, 1616698879.641068]
[1616698878.6265786, 1616698879.3688343]
[1616698878.6174002, 1616698879.345262]
[1616698878.6411054, 1616698880.092812]
[1616698878.7709966, 1616698882.4343917]
[1616698878.8832717, 1616698880.3193965]
[1616698878.7925951, 1616698879.4957716]
[1616698878.9805443, 1616698879.660861]
[1616698878.6272023, 1616698879.366024]
[1616698878.880365, 1616698879.5605016]
[1616698879.0485024, 1616698879.750779]
[1616698878.8805933, 1616698879.5988302]
[1616698878.9784245, 1616698879.6794083]
[1616698879.1831164, 1616698879.9424856]
[1616698879.0995123, 1616698879.82314]
[1616698879.2037044, 1616698879.9127493]
[1616698878.975669, 1616698884.7151327]
[1616698879.1288395, 1616698879.8610823]
[1616698879.2140725, 1616698879.874107]
[1616698879.4652948, 1616698880.1840549]
[1616698879.2237933, 1616698880.9946766]
[1616698879.3215733, 1616698880.1322162]
[1616698879.590939, 1616698880.3123057]
[1616698879.720577, 1616698880.9338021]
[1616698879.5180662, 1616698881.1448543]
[1616698879.3390055, 1616698880.0219672]
[1616698879.5609996, 1616698881.3505292]
[1616698879.668533, 1616698880.612371]
[1616698879.6719148, 1616698880.3167822]
[1616698879.6790516, 1616698880.8518372]
[1616698879.763508, 1616698880.4718218]
[1616698879.7048826, 1616698880.3927941]
[1616698879.6621244, 1616698880.3517325]
[1616698879.7638965, 1616698880.4223475]
[1616698879.8181102, 1616698880.533236]
[1616698879.9272826, 1616698880.5843084]
[1616698880.0116708, 1616698880.6627862]
[1616698879.9686036, 1616698881.701396]
[1616698880.1877992, 1616698880.9007185]
[1616698880.18346, 1616698880.8966644]
[1616698880.0555196, 1616698880.8219512]
[1616698880.3271575, 1616698882.0098977]
[1616698880.046226, 1616698880.7571797]
[1616698880.2148454, 1616698880.9294417]
[1616698880.4390035, 1616698881.1074421]
[1616698880.286686, 1616698880.9979703]
[1616698880.161392, 1616698880.8688126]
[1616698880.5274513, 1616698881.1965983]
[1616698880.3641586, 1616698881.4782138]
[1616698880.4068072, 1616698891.8964474]
[1616698880.445749, 1616698881.19843]
[1616698880.3763695, 1616698881.0362318]
[1616698880.4190748, 1616698881.3072016]
[1616698880.642081, 1616698881.814864]
[1616698880.4673612, 1616698881.106103]
[1616698880.5726025, 1616698881.2749457]
[1616698880.8577385, 1616698882.0511005]
[1616698880.7941291, 1616698881.4780831]
[1616698880.7097409, 1616698881.376082]
[1616698880.8368678, 1616698881.5738852]
[1616698881.1928513, 1616698882.2174978]
[1616698880.9379268, 1616698881.6660185]
[1616698881.0592015, 1616698881.7172232]
[1616698881.1485224, 1616698882.9601164]
[1616698881.1642518, 1616698881.8642514]
[1616698881.0703943, 1616698881.7673435]
[1616698881.1748374, 1616698881.8573332]
[1616698881.236332, 1616698881.9168904]
[1616698880.9217062, 1616698881.8875625]
[1616698880.9014444, 1616698881.5843642]
[1616698881.2266104, 1616698888.0207715]
[1616698881.1332107, 1616698881.8652918]
[1616698881.2715514, 1616698881.9692063]
[1616698881.1739962, 1616698881.8565657]
[1616698881.2870612, 1616698887.7371366]
[1616698881.3135042, 1616698881.981112]
[1616698881.3359838, 1616698882.0102732]
[1616698881.3229692, 1616698882.0830543]
[1616698881.4639301, 1616698882.1252081]
[1616698881.7014427, 1616698882.3899875]
[1616698881.4781651, 1616698882.2187657]
[1616698881.313822, 1616698882.0096433]
[1616698881.6699982, 1616698882.3952315]
[1616698881.5028644, 1616698882.3029394]
[1616698881.2832189, 1616698885.672613]
[1616698881.2014108, 1616698881.9029853]
[1616698881.4583268, 1616698882.1229467]
[1616698881.8840759, 1616698883.4616003]
[1616698881.732727, 1616698882.5076876]
[1616698881.6779206, 1616698883.3860047]
[1616698881.7721338, 1616698882.4800808]
[1616698881.6228616, 1616698882.3344038]
[1616698881.4901888, 1616698882.1384842]
[1616698881.79505, 1616698887.2073104]
[1616698881.7236807, 1616698884.9887347]
[1616698881.664577, 1616698886.2393394]
[1616698881.8999064, 1616698884.1894543]
[1616698881.88093, 1616698883.531822]
[1616698882.0027654, 1616698885.8313189]
[1616698881.9855409, 1616698882.6774433]
[1616698881.8845391, 1616698883.6477628]
[1616698881.9632425, 1616698887.1252615]
[1616698881.878083, 1616698882.5389762]
[1616698881.9749072, 1616698887.611024]
[1616698882.068664, 1616698882.7569788]
[1616698882.0349023, 1616698882.7211094]
[1616698882.2221768, 1616698882.9624877]
[1616698882.0325882, 1616698882.6946485]
[1616698882.1487718, 1616698883.2794752]
[1616698881.9382646, 1616698882.6213174]
[1616698881.9259155, 1616698882.6147575]
[1616698882.0783577, 1616698882.7419648]
[1616698882.1738725, 1616698884.0333874]
[1616698882.1223083, 1616698882.86842]
[1616698882.1243484, 1616698882.7792976]
[1616698882.1874695, 1616698882.8637588]
[1616698882.0120084, 1616698882.6793134]
[1616698882.1913779, 1616698882.9656577]
[1616698882.3508914, 1616698887.542844]
[1616698882.2901795, 1616698882.9676387]
[1616698882.3437703, 1616698883.0355985]
[1616698882.3290548, 1616698882.9943457]
[1616698882.3679051, 1616698883.0397148]
[1616698882.4317727, 1616698884.5381403]
[1616698882.3996587, 1616698883.114877]
[1616698882.5671806, 1616698885.5378122]
[1616698882.7262006, 1616698883.4256513]
[1616698882.3817973, 1616698883.087104]
[1616698882.5110538, 1616698891.006496]
[1616698882.4707446, 1616698883.1616726]
[1616698882.6189647, 1616698883.3089068]
[1616698882.5623991, 1616698883.2771695]
[1616698882.423973, 1616698884.7557116]
[1616698882.6397405, 1616698883.2941506]
[1616698882.5045848, 1616698883.20337]
[1616698882.619993, 1616698884.8214765]
[1616698882.5385525, 1616698883.2081578]
[1616698882.6264095, 1616698883.3139286]
[1616698882.6846087, 1616698885.6126869]
[1616698882.5901241, 1616698883.2432916]
[1616698882.6668506, 1616698884.4817245]
[1616698882.7010424, 1616698883.415637]
[1616698882.6718705, 1616698883.3668466]
[1616698882.6870358, 1616698883.3199341]
[1616698882.6979277, 1616698883.7817457]
[1616698882.7865267, 1616698883.4337623]
[1616698882.7299805, 1616698885.673084]
[1616698882.7373474, 1616698883.3872306]
[1616698883.1099622, 1616698884.6149414]
[1616698882.8387594, 1616698885.9018505]
[1616698882.8561368, 1616698884.365663]
[1616698882.8227797, 1616698886.6878667]
[1616698882.8339689, 1616698884.5454292]
[1616698882.7209752, 1616698890.35671]
[1616698882.918335, 1616698883.5515733]
[1616698883.0182261, 1616698886.158637]
[1616698882.8514092, 1616698883.4882398]
[1616698882.889999, 1616698883.6968935]
[1616698883.0496163, 1616698883.7185273]
[1616698883.1082325, 1616698884.3270295]
[1616698883.0676596, 1616698884.0693407]
[1616698883.1102426, 1616698887.0317185]
[1616698883.0150714, 1616698883.7410228]
[1616698882.9762826, 1616698883.6901047]
[1616698882.9288433, 1616698883.6497123]
[1616698883.0077848, 1616698883.699907]
[1616698883.0851388, 1616698886.3328867]
[1616698882.791464, 1616698883.4907732]
[1616698883.0501108, 1616698884.7772274]
[1616698882.9552205, 1616698883.6454093]
[1616698882.9656754, 1616698884.2307305]
[1616698883.0314574, 1616698884.6999297]
[1616698883.0649605, 1616698886.0079355]
[1616698883.0653963, 1616698883.7307158]
[1616698883.0489974, 1616698883.9579525]
[1616698883.1745372, 1616698883.8598974]
[1616698883.118307, 1616698886.0426884]
[1616698883.1376605, 1616698883.8233547]
[1616698883.0773573, 1616698883.7615716]
[1616698883.207007, 1616698886.6507437]
[1616698883.1445992, 1616698884.789526]
[1616698883.0576365, 1616698886.43387]
[1616698883.2359662, 1616698886.001851]
[1616698883.1622434, 1616698885.302506]
[1616698883.1698442, 1616698883.8803318]
[1616698883.2662523, 1616698883.9234731]
[1616698883.1917093, 1616698886.299009]
[1616698883.1735365, 1616698883.8516138]
[1616698883.1107452, 1616698883.7590969]
[1616698883.280853, 1616698884.107972]
[1616698883.2759733, 1616698884.855701]
[1616698883.2989612, 1616698884.6641865]
[1616698883.2694962, 1616698885.0524795]
[1616698883.2405891, 1616698883.881908]
[1616698883.1687634, 1616698887.1538475]
[1616698883.1587453, 1616698886.4858346]
[1616698883.289398, 1616698883.9553497]
[1616698883.3032284, 1616698884.0991037]
[1616698883.2349768, 1616698883.8662784]
[1616698883.2744706, 1616698883.9440992]
[1616698883.2674556, 1616698884.2680202]
[1616698883.2590275, 1616698884.4123554]
[1616698883.2957435, 1616698884.9151804]
[1616698883.3129504, 1616698883.9910989]
[1616698883.2614505, 1616698885.1603248]
[1616698883.314112, 1616698884.0364957]
[1616698883.3383994, 1616698884.8879347]
[1616698883.3159628, 1616698883.9928925]
[1616698883.3287227, 1616698887.653691]
[1616698883.3342443, 1616698884.4791892]
[1616698883.2232776, 1616698884.129621]
[1616698883.347693, 1616698884.037035]
[1616698883.2694883, 1616698885.0053816]
[1616698883.320604, 1616698884.5592911]
[1616698883.333273, 1616698884.9336593]
