[1616698670.828406, 1616698671.582912]
[1616698670.5637643, 1616698671.2684643]
[1616698670.693796, 1616698671.3867507]
[1616698670.2377322, 1616698670.909381]
[1616698670.497666, 1616698671.2583046]
[1616698670.3497124, 1616698671.2181664]
[1616698670.5364206, 1616698671.2114234]
[1616698670.7305527, 1616698671.41847]
[1616698670.3333735, 1616698671.756598]
[1616698670.7062943, 1616698672.5316334]
[1616698670.5634103, 1616698671.2658057]
[1616698671.0248535, 1616698671.6744561]
[1616698670.8582873, 1616698671.6602094]
[1616698670.6806977, 1616698671.4580588]
[1616698670.8284023, 1616698671.495936]
[1616698670.6293104, 1616698671.302536]
[1616698670.744492, 1616698675.5212486]
[1616698670.7455893, 1616698671.8659427]
[1616698670.890668, 1616698671.607336]
[1616698671.1203513, 1616698671.7712038]
[1616698671.1027677, 1616698672.202392]
[1616698671.3187828, 1616698672.0316024]
[1616698671.3259509, 1616698672.0702069]
[1616698670.731208, 1616698671.4696383]
[1616698671.1208868, 1616698671.778716]
[1616698671.486124, 1616698672.1677682]
[1616698671.5434072, 1616698673.2451062]
[1616698671.8357785, 1616698672.5364878]
[1616698671.5276139, 1616698672.195549]
[1616698671.5575233, 1616698672.256617]
[1616698671.7642317, 1616698675.346599]
[1616698671.8825183, 1616698672.5438862]
[1616698671.8806489, 1616698673.6626737]
[1616698672.0860815, 1616698672.8059778]
[1616698671.9354587, 1616698672.6108813]
[1616698672.1103425, 1616698672.7611132]
[1616698672.1083028, 1616698672.8676815]
[1616698672.2491562, 1616698672.9498746]
[1616698671.9851797, 1616698677.0238528]
[1616698672.6840086, 1616698673.4459505]
[1616698672.449843, 1616698673.1022005]
[1616698672.7663481, 1616698676.0881975]
[1616698672.8343968, 1616698673.5186367]
[1616698673.1741903, 1616698673.8610096]
[1616698672.8296857, 1616698673.5574567]
[1616698673.0948083, 1616698673.7478015]
[1616698673.2035518, 1616698673.8827004]
[1616698673.3277156, 1616698674.007724]
[1616698673.6550345, 1616698674.3016248]
[1616698673.1462913, 1616698673.8131485]
[1616698673.4213479, 1616698674.141041]
[1616698673.5811625, 1616698674.3098023]
[1616698673.620609, 1616698674.6343477]
[1616698674.1205087, 1616698674.8013794]
[1616698673.8257365, 1616698674.485586]
[1616698673.4784403, 1616698674.151202]
[1616698674.054971, 1616698674.7190506]
[1616698674.1369104, 1616698674.8447695]
[1616698674.4865406, 1616698676.0393016]
[1616698674.3230963, 1616698675.0018983]
[1616698674.3568683, 1616698675.031033]
[1616698674.3345137, 1616698674.977489]
[1616698674.5361462, 1616698675.1988366]
[1616698674.2538931, 1616698674.9553244]
[1616698674.3760087, 1616698675.0668857]
[1616698674.785311, 1616698675.4439425]
[1616698674.4872894, 1616698675.1654532]
[1616698674.7649505, 1616698675.4178586]
[1616698674.985791, 1616698675.62893]
[1616698675.1673, 1616698675.845709]
[1616698675.0029707, 1616698680.4730096]
[1616698675.0383408, 1616698675.7212737]
[1616698675.0575972, 1616698675.750112]
[1616698675.3529289, 1616698676.0615473]
[1616698675.5508487, 1616698676.1948109]
[1616698675.5497634, 1616698677.1218407]
[1616698675.4344335, 1616698676.1291516]
[1616698675.620142, 1616698676.2891476]
[1616698675.6293576, 1616698676.4168692]
[1616698675.5968328, 1616698676.2871034]
[1616698675.8189895, 1616698676.4995236]
[1616698676.025532, 1616698676.759729]
[1616698676.0193436, 1616698676.7129796]
[1616698676.0250204, 1616698676.9352252]
[1616698675.98978, 1616698676.6763165]
[1616698676.3859499, 1616698677.04951]
[1616698675.9230947, 1616698676.610696]
[1616698676.3767822, 1616698677.0756626]
[1616698676.4304354, 1616698677.890493]
[1616698676.1892087, 1616698676.9315846]
[1616698676.1809952, 1616698676.869486]
[1616698676.4122148, 1616698677.1382208]
[1616698676.3527462, 1616698677.0290492]
[1616698676.2968042, 1616698677.0127025]
[1616698676.818034, 1616698677.5458794]
[1616698676.7018445, 1616698677.3586507]
[1616698676.7201948, 1616698677.4582484]
[1616698676.6901014, 1616698677.360888]
[1616698676.8701925, 1616698684.382088]
[1616698676.5600984, 1616698677.2964075]
[1616698676.9453173, 1616698677.6049323]
[1616698676.4916322, 1616698677.2207978]
[1616698676.9171271, 1616698677.581672]
[1616698676.9866838, 1616698677.680998]
[1616698677.2479146, 1616698677.9384747]
[1616698677.4224303, 1616698678.1340144]
[1616698677.1620069, 1616698677.887065]
[1616698677.5528805, 1616698678.2843714]
[1616698677.3399398, 1616698680.401621]
[1616698677.5385134, 1616698678.229274]
[1616698677.6995935, 1616698678.4045298]
[1616698677.6781127, 1616698678.6901603]
[1616698677.8492951, 1616698678.531918]
[1616698677.7887385, 1616698678.43387]
[1616698677.984077, 1616698678.6291363]
[1616698678.0659168, 1616698678.722743]
[1616698677.8725526, 1616698678.5974324]
[1616698678.1633344, 1616698678.843922]
[1616698678.0304945, 1616698679.2274992]
[1616698678.0315986, 1616698678.7826107]
[1616698678.2677643, 1616698678.9719317]
[1616698678.3790004, 1616698679.0970612]
[1616698678.2392247, 1616698678.924198]
[1616698678.3488493, 1616698679.0735378]
[1616698678.7805893, 1616698679.4555874]
[1616698678.574877, 1616698679.2746139]
[1616698678.8740354, 1616698679.6439335]
[1616698678.9027138, 1616698679.5480008]
[1616698678.670124, 1616698679.3260503]
[1616698678.8215866, 1616698679.552842]
[1616698679.1336827, 1616698679.853562]
[1616698679.1911411, 1616698679.8896074]
[1616698679.1496024, 1616698680.32549]
[1616698679.2442904, 1616698679.934563]
[1616698679.2529428, 1616698681.5582075]
[1616698679.311806, 1616698680.0149271]
[1616698679.2493644, 1616698679.9627874]
[1616698679.3651874, 1616698682.1246996]
[1616698679.5176575, 1616698680.1950288]
[1616698679.3556242, 1616698680.010543]
[1616698679.3865051, 1616698680.14064]
[1616698679.6306124, 1616698680.392724]
[1616698679.8039672, 1616698680.4763196]
[1616698679.540018, 1616698680.3138921]
[1616698679.702072, 1616698680.9363556]
[1616698679.7768257, 1616698680.4613192]
[1616698679.8478098, 1616698680.507229]
[1616698679.9774826, 1616698680.7291634]
[1616698680.1391966, 1616698680.862178]
[1616698680.1127956, 1616698680.7755666]
[1616698680.3160546, 1616698680.9943898]
[1616698680.0664482, 1616698680.7512524]
[1616698680.1135647, 1616698680.8283596]
[1616698680.1567714, 1616698681.974398]
[1616698680.5142276, 1616698681.1913779]
[1616698680.37081, 1616698681.088725]
[1616698680.506009, 1616698681.1824524]
[1616698680.5286987, 1616698681.1822207]
[1616698680.4841988, 1616698681.1457512]
[1616698680.6334884, 1616698681.8189151]
[1616698680.7067673, 1616698681.446503]
[1616698680.7017996, 1616698681.3673537]
[1616698680.6734607, 1616698682.1742773]
[1616698680.5825577, 1616698681.3055007]
[1616698680.984904, 1616698681.7254076]
[1616698681.1341414, 1616698681.8700948]
[1616698681.0589585, 1616698681.730699]
[1616698681.0228815, 1616698681.730974]
[1616698681.0923793, 1616698682.9234731]
[1616698680.959592, 1616698681.6876085]
[1616698680.9822276, 1616698681.7218313]
[1616698681.1007204, 1616698681.813865]
[1616698681.2300317, 1616698681.8954825]
[1616698681.3812177, 1616698682.1078]
[1616698681.2253513, 1616698681.8736477]
[1616698681.275442, 1616698681.989051]
[1616698681.1373692, 1616698682.237339]
[1616698681.3666198, 1616698682.0391061]
[1616698681.3951476, 1616698682.1281807]
[1616698681.6842616, 1616698682.399706]
[1616698681.5785244, 1616698682.2589054]
[1616698681.637156, 1616698685.345094]
[1616698681.6592333, 1616698682.322618]
[1616698681.8618972, 1616698682.6163104]
[1616698681.7073338, 1616698682.8635507]
[1616698681.8884454, 1616698682.6091714]
[1616698681.9080453, 1616698682.608804]
[1616698681.821776, 1616698682.5698786]
[1616698681.798068, 1616698682.4720786]
[1616698682.0810437, 1616698682.7770743]
[1616698682.0261602, 1616698682.703358]
[1616698682.0300195, 1616698682.6902378]
[1616698682.080114, 1616698683.0125525]
[1616698682.2271683, 1616698684.9416091]
[1616698682.2127109, 1616698683.2820284]
[1616698682.3847785, 1616698683.0472097]
[1616698682.4593167, 1616698686.627179]
[1616698682.4816382, 1616698683.9258237]
[1616698682.6116178, 1616698683.2744944]
[1616698682.474291, 1616698683.551916]
[1616698682.7385876, 1616698683.4062774]
[1616698682.5204463, 1616698683.2351081]
[1616698682.737398, 1616698683.3964262]
[1616698682.4161832, 1616698683.1583023]
[1616698682.5907307, 1616698683.3537903]
[1616698682.7516704, 1616698683.5157948]
[1616698682.8700926, 1616698683.5812743]
[1616698682.941328, 1616698683.6521244]
[1616698682.9254727, 1616698683.6433165]
[1616698683.0707033, 1616698683.7441065]
[1616698683.1422374, 1616698683.839273]
[1616698683.2004454, 1616698683.8802726]
[1616698682.8430164, 1616698684.2493827]
[1616698683.26008, 1616698683.9686577]
[1616698683.1845741, 1616698683.8429449]
[1616698683.5179195, 1616698684.2042432]
[1616698683.1688266, 1616698683.9375868]
[1616698683.3109672, 1616698683.9701664]
[1616698683.5170887, 1616698684.2066565]
[1616698683.405963, 1616698684.0475636]
[1616698683.4924881, 1616698684.2020977]
[1616698683.6870215, 1616698685.8889012]
[1616698683.6884494, 1616698684.3886056]
[1616698683.6745923, 1616698684.7431743]
[1616698683.7321863, 1616698684.3863127]
[1616698683.8096871, 1616698685.3595722]
[1616698683.5401154, 1616698686.5386515]
[1616698683.7411346, 1616698684.4330816]
[1616698683.86476, 1616698684.5358262]
[1616698684.0081165, 1616698684.6669638]
[1616698683.9377115, 1616698684.654306]
[1616698684.0497925, 1616698685.3906913]
[1616698684.1130533, 1616698684.7534568]
[1616698684.1358092, 1616698684.811264]
[1616698684.163357, 1616698684.8526936]
[1616698684.3075085, 1616698684.9835496]
[1616698684.349851, 1616698685.0578]
[1616698684.2204497, 1616698684.9180644]
[1616698684.4175372, 1616698685.1060405]
[1616698684.4375873, 1616698685.200724]
[1616698684.3945012, 1616698685.059587]
[1616698684.6106024, 1616698685.3003876]
[1616698684.5227644, 1616698685.2477129]
[1616698684.7449548, 1616698685.458434]
[1616698684.815017, 1616698685.4793262]
[1616698684.7171383, 1616698685.4311461]
[1616698684.8649173, 1616698685.9303622]
[1616698684.9259708, 1616698686.067372]
[1616698684.9429278, 1616698685.5921662]
[1616698684.8814743, 1616698685.5613747]
[1616698684.81691, 1616698685.4969413]
[1616698684.8882277, 1616698685.521982]
[1616698684.863205, 1616698685.524225]
[1616698684.9332666, 1616698685.6663113]
[1616698685.1766589, 1616698685.8154817]
[1616698685.247271, 1616698685.9733949]
[1616698685.3342276, 1616698686.0327833]
[1616698685.2729259, 1616698685.9510915]
[1616698685.3330002, 1616698686.8181047]
[1616698685.4533644, 1616698686.1954517]
[1616698685.3895543, 1616698686.0881422]
[1616698685.6732893, 1616698686.3883488]
[1616698685.5497909, 1616698687.0527983]
[1616698685.5755496, 1616698686.2626927]
[1616698685.5215964, 1616698686.231943]
[1616698685.636425, 1616698687.1261787]
[1616698685.6747415, 1616698686.3440847]
[1616698685.9031508, 1616698686.599295]
[1616698686.0283046, 1616698687.345806]
[1616698685.9066203, 1616698686.591294]
[1616698685.9859324, 1616698686.7047226]
[1616698686.016579, 1616698687.3817294]
[1616698686.0778134, 1616698686.7414868]
[1616698686.0532134, 1616698686.7494984]
[1616698686.0531418, 1616698686.7030156]
[1616698686.1348922, 1616698686.8201692]
[1616698686.3008351, 1616698687.002647]
[1616698686.205659, 1616698687.3468099]
[1616698686.4139357, 1616698687.1862638]
[1616698686.3622935, 1616698687.4563873]
[1616698686.187882, 1616698686.9264116]
[1616698686.1884034, 1616698686.8844357]
[1616698686.3669162, 1616698687.050844]
[1616698686.6534708, 1616698687.3895648]
[1616698686.4974644, 1616698687.1975832]
[1616698686.6842558, 1616698687.3431747]
[1616698686.61402, 1616698687.2693257]
[1616698686.7263243, 1616698687.4616807]
[1616698686.9744766, 1616698690.6565554]
[1616698686.7771955, 1616698687.459221]
[1616698686.9305933, 1616698687.578489]
[1616698686.797236, 1616698687.4802155]
[1616698687.0855868, 1616698688.0615304]
[1616698687.012162, 1616698687.6788874]
[1616698687.1675591, 1616698687.8372438]
[1616698686.8938994, 1616698687.965639]
[1616698687.1623538, 1616698688.223191]
[1616698687.1792984, 1616698687.8157935]
[1616698687.2117698, 1616698687.900164]
[1616698687.3277607, 1616698687.9915245]
[1616698687.171761, 1616698687.850723]
[1616698687.3672893, 1616698688.1422272]
[1616698687.3398402, 1616698688.0716612]
[1616698687.1891441, 1616698687.8957493]
[1616698687.6733613, 1616698689.2330685]
[1616698687.730816, 1616698688.3983183]
[1616698687.664327, 1616698688.3324592]
[1616698687.7427917, 1616698688.7896516]
[1616698687.675799, 1616698688.376936]
[1616698687.8305144, 1616698688.5195582]
[1616698687.8115237, 1616698689.5482838]
[1616698687.826439, 1616698688.9454741]
[1616698687.7309756, 1616698688.3901796]
[1616698688.011428, 1616698689.7157986]
[1616698688.058744, 1616698688.8286984]
[1616698688.0641081, 1616698688.768651]
[1616698688.0692923, 1616698688.7601516]
[1616698688.284315, 1616698688.9414995]
[1616698688.1428015, 1616698688.9134388]
[1616698688.4307292, 1616698689.1045218]
[1616698688.3059208, 1616698689.982898]
[1616698688.308134, 1616698688.9942725]
[1616698688.5489304, 1616698689.8402586]
[1616698688.434155, 1616698689.2026753]
[1616698688.4191685, 1616698689.0982883]
[1616698688.637964, 1616698689.2817183]
[1616698688.3838587, 1616698689.088553]
[1616698688.417576, 1616698689.160973]
[1616698688.3269181, 1616698689.2197483]
[1616698688.4868016, 1616698689.2805066]
[1616698688.6768901, 1616698689.4509184]
[1616698688.8050947, 1616698689.4587827]
[1616698688.804662, 1616698690.3825917]
[1616698688.942173, 1616698689.7118793]
[1616698688.9228604, 1616698689.6398277]
[1616698688.9580514, 1616698689.614663]
[1616698689.0569284, 1616698689.765189]
[1616698689.0732644, 1616698689.7160735]
[1616698689.026775, 1616698689.8342252]
[1616698689.0620644, 1616698690.3800375]
[1616698689.076189, 1616698689.7588563]
[1616698689.341722, 1616698690.0409937]
[1616698689.6023586, 1616698690.7407858]
[1616698689.408429, 1616698690.0871882]
[1616698689.4108653, 1616698690.1531193]
[1616698689.360471, 1616698691.2026258]
[1616698689.3896506, 1616698690.0617383]
[1616698689.6241078, 1616698690.3058043]
[1616698689.4188993, 1616698690.0910208]
[1616698689.579045, 1616698690.3120797]
[1616698689.6965296, 1616698690.3834891]
[1616698689.6792583, 1616698690.477664]
[1616698689.6612263, 1616698690.3459086]
[1616698689.7418265, 1616698690.4420228]
[1616698689.8261428, 1616698690.5753264]
[1616698689.9271278, 1616698690.59376]
[1616698690.1575093, 1616698690.8524554]
[1616698690.0933058, 1616698690.7622654]
[1616698690.2310479, 1616698690.9287543]
[1616698690.1377635, 1616698691.2595346]
[1616698689.983173, 1616698690.71259]
[1616698690.1339967, 1616698690.8247375]
[1616698690.4983892, 1616698691.1783025]
[1616698690.464816, 1616698691.1404853]
[1616698690.3553276, 1616698691.0251968]
[1616698690.4898605, 1616698692.8932018]
[1616698690.343749, 1616698691.1158016]
[1616698690.4769847, 1616698692.274621]
[1616698690.502853, 1616698691.2245414]
[1616698690.6175888, 1616698691.2917764]
[1616698690.773647, 1616698691.4225876]
[1616698690.7709248, 1616698691.4585385]
[1616698690.9713345, 1616698692.6062872]
[1616698690.9701295, 1616698691.6933033]
[1616698690.85638, 1616698691.6538281]
[1616698690.8903663, 1616698691.5728111]
[1616698691.0622375, 1616698691.7087288]
[1616698691.129574, 1616698691.843658]
[1616698691.0849206, 1616698691.7985137]
[1616698691.3186219, 1616698692.0412416]
[1616698691.087683, 1616698691.7944546]
[1616698691.2101743, 1616698693.0940402]
[1616698691.473158, 1616698692.3585508]
[1616698691.311527, 1616698691.9496462]
[1616698691.3517954, 1616698692.074199]
[1616698691.5245645, 1616698692.2237563]
[1616698691.4218354, 1616698692.076436]
[1616698691.4724393, 1616698693.5800657]
[1616698691.5074127, 1616698692.1851785]
[1616698691.6144557, 1616698692.338197]
[1616698691.4570284, 1616698692.1209517]
[1616698691.557145, 1616698692.2158668]
[1616698691.6505754, 1616698692.4741855]
[1616698691.5988371, 1616698692.29755]
[1616698691.6989267, 1616698692.4310024]
[1616698691.8543193, 1616698693.7583442]
[1616698691.8298943, 1616698692.8075006]
[1616698691.9851432, 1616698692.6970901]
[1616698691.8828, 1616698692.6054788]
[1616698692.3080523, 1616698692.9902527]
[1616698692.211985, 1616698698.8922157]
[1616698692.0385394, 1616698693.3943489]
[1616698692.0319874, 1616698692.729257]
[1616698691.9240224, 1616698692.56242]
[1616698692.2148678, 1616698692.8912544]
[1616698692.2695348, 1616698692.9509]
[1616698692.504645, 1616698693.2617753]
[1616698692.309978, 1616698694.1443472]
[1616698692.5486927, 1616698693.1993563]
[1616698692.5506248, 1616698693.2648745]
[1616698692.0939436, 1616698692.751254]
[1616698692.3550785, 1616698693.3088586]
[1616698692.555739, 1616698695.417945]
[1616698692.791408, 1616698693.45106]
[1616698692.49007, 1616698697.4147432]
[1616698692.6522908, 1616698693.3744333]
[1616698692.660655, 1616698693.3584895]
[1616698692.982365, 1616698693.684463]
[1616698692.751588, 1616698693.4561474]
[1616698692.8533168, 1616698693.5301683]
[1616698692.9954872, 1616698693.8522592]
[1616698692.8406992, 1616698694.6788335]
[1616698692.6892745, 1616698693.5649724]
[1616698693.131958, 1616698693.8420372]
[1616698693.2954643, 1616698700.6730726]
[1616698693.370557, 1616698694.1176095]
[1616698693.3630512, 1616698695.017214]
[1616698693.2260227, 1616698693.8614523]
[1616698693.3150923, 1616698694.0092964]
[1616698693.3453422, 1616698694.0434093]
[1616698693.8333986, 1616698695.262718]
[1616698693.3139546, 1616698694.1072307]
[1616698693.5234878, 1616698694.249906]
[1616698693.4473157, 1616698694.109953]
[1616698693.5883265, 1616698694.2945719]
[1616698693.9634247, 1616698694.6800423]
[1616698693.852457, 1616698695.9863858]
[1616698693.9058454, 1616698694.5455675]
[1616698693.6815217, 1616698694.417555]
[1616698693.8985822, 1616698695.4408226]
[1616698693.9118729, 1616698694.6217089]
[1616698694.011845, 1616698694.7136927]
[1616698694.0656285, 1616698694.896003]
[1616698694.0980043, 1616698694.8085787]
[1616698694.0386648, 1616698695.8038757]
[1616698694.1245935, 1616698699.4294772]
[1616698694.1012902, 1616698694.7501078]
[1616698694.478032, 1616698695.1167648]
[1616698694.2205913, 1616698695.8569772]
[1616698694.221549, 1616698694.8996751]
[1616698694.4287171, 1616698696.837116]
[1616698694.5259995, 1616698696.3682802]
[1616698694.5851517, 1616698695.3070734]
[1616698694.566753, 1616698695.2474313]
[1616698694.52332, 1616698695.246526]
[1616698694.632583, 1616698695.3748116]
[1616698694.6970105, 1616698695.392612]
[1616698694.9692757, 1616698695.6534975]
[1616698694.856425, 1616698695.6091075]
[1616698694.8945794, 1616698695.6411254]
[1616698694.8442252, 1616698695.6063466]
[1616698694.8657024, 1616698696.2713916]
[1616698694.6941814, 1616698696.0611625]
[1616698695.1086428, 1616698696.7466724]
[1616698695.0457773, 1616698695.7350142]
[1616698695.2406673, 1616698705.2980924]
[1616698695.2123625, 1616698698.3758821]
[1616698695.1712785, 1616698695.8600326]
[1616698695.2169445, 1616698695.9659963]
[1616698695.3068786, 1616698698.7898207]
[1616698695.2432745, 1616698695.9657989]
[1616698695.597043, 1616698697.1308312]
[1616698695.5686977, 1616698696.2505574]
[1616698695.5420933, 1616698696.2107656]
[1616698695.6132276, 1616698697.2978578]
[1616698695.7014537, 1616698696.3811738]
[1616698695.6084492, 1616698696.3023531]
[1616698695.7160423, 1616698696.646358]
[1616698695.8911347, 1616698696.604377]
[1616698695.5371795, 1616698703.3324964]
[1616698695.6976476, 1616698696.3877192]
[1616698695.8116786, 1616698696.522503]
[1616698695.8249075, 1616698696.5480504]
[1616698696.038552, 1616698696.7529225]
[1616698695.962629, 1616698696.599941]
[1616698695.987128, 1616698696.6788325]
[1616698696.089639, 1616698696.785989]
[1616698696.2055137, 1616698696.9081602]
[1616698696.1773212, 1616698696.9277468]
[1616698696.4359517, 1616698697.1808946]
[1616698696.3665226, 1616698697.0738573]
[1616698696.5101206, 1616698698.6749423]
[1616698695.939951, 1616698699.0043087]
[1616698696.2698796, 1616698696.949255]
[1616698696.6417902, 1616698697.2931497]
[1616698696.0951946, 1616698697.8582914]
[1616698696.5488331, 1616698697.2223942]
[1616698696.637582, 1616698697.2963061]
[1616698696.491406, 1616698698.8955843]
[1616698696.5795596, 1616698707.1511178]
[1616698696.9098048, 1616698698.4361725]
[1616698696.7798276, 1616698697.5083072]
[1616698696.9219327, 1616698697.594964]
[1616698696.7006102, 1616698697.349872]
[1616698696.8900907, 1616698697.5437427]
[1616698696.8966568, 1616698697.6463509]
[1616698697.1085649, 1616698697.76693]
[1616698696.767411, 1616698697.4751961]
[1616698697.0609927, 1616698697.72965]
[1616698697.2661211, 1616698697.934578]
[1616698697.4589965, 1616698698.205381]
[1616698697.2854006, 1616698697.9785814]
[1616698697.3302066, 1616698698.0409632]
[1616698697.417995, 1616698698.1292117]
[1616698697.4928932, 1616698702.3311715]
[1616698697.4071417, 1616698698.096332]
[1616698697.6496289, 1616698699.0759795]
[1616698697.5563934, 1616698698.201443]
[1616698697.3744965, 1616698698.086976]
[1616698697.5251112, 1616698698.21976]
[1616698697.6783314, 1616698699.256843]
[1616698697.6395988, 1616698698.3317819]
[1616698697.8262997, 1616698698.5052629]
[1616698697.7367442, 1616698698.4025753]
[1616698697.7839499, 1616698699.1422074]
[1616698698.0026875, 1616698698.734479]
[1616698697.7587006, 1616698698.435899]
[1616698698.0492966, 1616698698.7690377]
[1616698698.035238, 1616698698.736439]
[1616698698.0359163, 1616698698.7562432]
[1616698698.2089663, 1616698698.9018595]
[1616698698.1731474, 1616698698.8932948]
[1616698698.27485, 1616698698.98277]
[1616698698.5108008, 1616698699.227219]
[1616698698.2276776, 1616698698.9717414]
[1616698698.3739917, 1616698699.1252337]
[1616698698.4856408, 1616698699.1395767]
[1616698698.7162573, 1616698699.4364827]
[1616698698.4769454, 1616698699.1484003]
[1616698698.6420867, 1616698699.8792102]
[1616698698.6574466, 1616698700.4405086]
[1616698698.6201882, 1616698699.2666867]
[1616698698.7021189, 1616698699.351473]
[1616698698.7769423, 1616698699.5017672]
[1616698698.691426, 1616698700.6072989]
[1616698698.7106056, 1616698699.5060182]
[1616698699.0731003, 1616698699.7754614]
[1616698699.301065, 1616698699.9909499]
[1616698698.643164, 1616698699.3381195]
[1616698699.2206912, 1616698700.001225]
[1616698699.1044652, 1616698699.802576]
[1616698699.2456656, 1616698700.7688286]
[1616698699.2839315, 1616698699.9326408]
[1616698699.220526, 1616698700.0354722]
[1616698699.3313377, 1616698700.0623522]
[1616698699.4620934, 1616698705.6475344]
[1616698699.478957, 1616698700.1259549]
[1616698699.1821337, 1616698699.8585417]
[1616698699.2158139, 1616698699.9284868]
[1616698699.6307943, 1616698700.6429698]
[1616698699.5422745, 1616698700.208016]
[1616698699.598413, 1616698700.2672822]
[1616698699.573949, 1616698700.335554]
[1616698699.7608223, 1616698701.7692974]
[1616698700.03682, 1616698700.6967576]
[1616698699.8259132, 1616698700.6164796]
[1616698699.8373983, 1616698700.5050547]
[1616698699.835187, 1616698700.6097105]
[1616698700.014744, 1616698700.678184]
[1616698699.8399978, 1616698700.5227723]
[1616698699.9705312, 1616698700.6381261]
[1616698700.2744575, 1616698700.9240527]
[1616698700.2016902, 1616698700.8531778]
[1616698700.391292, 1616698701.9268188]
[1616698700.2034638, 1616698700.8517282]
[1616698700.3185213, 1616698701.0010793]
[1616698700.3770814, 1616698701.1375535]
[1616698700.3806086, 1616698701.0697107]
[1616698700.603611, 1616698701.2991986]
[1616698700.319717, 1616698701.0002067]
[1616698700.6148944, 1616698701.323488]
[1616698700.6218169, 1616698701.3604124]
[1616698700.6351624, 1616698701.3276188]
[1616698700.7064278, 1616698701.4265008]
[1616698700.603195, 1616698701.6634893]
[1616698700.8336484, 1616698702.6339529]
[1616698700.621499, 1616698701.421295]
[1616698700.8453126, 1616698701.520523]
[1616698700.855357, 1616698701.5982168]
[1616698700.983156, 1616698701.6867073]
[1616698700.9179215, 1616698701.5694926]
[1616698700.9381073, 1616698701.6225905]
[1616698700.9822748, 1616698701.768693]
[1616698701.138425, 1616698701.8346376]
[1616698701.2902882, 1616698702.0456688]
[1616698701.2387464, 1616698702.1737733]
[1616698701.3531284, 1616698702.066594]
[1616698701.3273766, 1616698702.9655077]
[1616698701.603448, 1616698702.289124]
[1616698701.1512365, 1616698701.853346]
[1616698701.4364254, 1616698702.1061444]
[1616698701.4972115, 1616698702.191509]
[1616698701.7052667, 1616698702.4470136]
[1616698701.601493, 1616698703.0533316]
[1616698701.8831446, 1616698702.616298]
[1616698701.7978482, 1616698702.7774217]
[1616698701.493709, 1616698702.2447062]
[1616698701.886129, 1616698703.298902]
[1616698701.8961928, 1616698702.5585117]
[1616698701.8782494, 1616698705.5070965]
[1616698701.9013608, 1616698703.5682306]
[1616698701.9617732, 1616698702.724681]
[1616698702.0353565, 1616698702.7147555]
[1616698702.2526128, 1616698703.1714678]
[1616698701.954501, 1616698702.7110813]
[1616698702.2697406, 1616698703.5444345]
[1616698702.3432705, 1616698705.720137]
[1616698702.2368934, 1616698704.0526505]
[1616698702.4394987, 1616698703.0923347]
[1616698702.1517973, 1616698702.8552973]
[1616698702.4463646, 1616698703.171105]
[1616698702.4506657, 1616698703.124883]
[1616698702.651778, 1616698703.363523]
[1616698702.545998, 1616698703.2663178]
[1616698702.6941226, 1616698704.3604524]
[1616698702.756741, 1616698703.4971015]
[1616698702.7689269, 1616698703.421864]
[1616698702.5617795, 1616698703.5690477]
[1616698702.743632, 1616698706.645289]
[1616698702.7669086, 1616698703.479129]
[1616698703.1459823, 1616698703.786195]
[1616698703.2684512, 1616698703.995746]
[1616698703.013504, 1616698703.722064]
[1616698703.0975368, 1616698703.7583163]
[1616698702.824869, 1616698703.6002479]
[1616698702.7427595, 1616698705.2302923]
[1616698703.1449795, 1616698703.8365912]
[1616698703.2389867, 1616698703.921779]
[1616698703.5340264, 1616698704.3064647]
[1616698703.6106572, 1616698705.311277]
[1616698703.4965885, 1616698704.227527]
[1616698703.625899, 1616698704.305196]
[1616698703.7358515, 1616698704.4480686]
[1616698703.6080775, 1616698704.2713187]
[1616698703.4785776, 1616698704.1910841]
[1616698703.5612297, 1616698704.5422208]
[1616698703.8143291, 1616698704.713001]
[1616698703.8812213, 1616698704.643826]
[1616698703.7344835, 1616698705.5087667]
[1616698703.8395553, 1616698704.6046941]
[1616698703.8141308, 1616698704.4768572]
[1616698704.07423, 1616698704.7399273]
[1616698703.8694835, 1616698704.8891442]
[1616698704.1353996, 1616698704.835816]
[1616698704.0454519, 1616698705.6442592]
[1616698703.98499, 1616698704.6980538]
[1616698704.230099, 1616698704.8794956]
[1616698704.3675904, 1616698705.0783162]
[1616698704.2834723, 1616698704.9362066]
[1616698704.460759, 1616698705.206276]
[1616698704.1365988, 1616698704.8416448]
[1616698704.2374873, 1616698705.7790034]
[1616698704.384865, 1616698705.199136]
[1616698704.6261613, 1616698705.3393846]
[1616698704.4724262, 1616698705.6227484]
[1616698704.6727114, 1616698705.3679934]
[1616698704.6579647, 1616698706.4943702]
[1616698704.841208, 1616698705.545967]
[1616698704.6133473, 1616698705.340374]
[1616698704.7410088, 1616698705.4656198]
[1616698704.717437, 1616698706.3540123]
[1616698704.9159298, 1616698707.087754]
[1616698704.7671065, 1616698705.4155586]
[1616698705.0343688, 1616698705.6820982]
[1616698704.8804975, 1616698705.6103358]
[1616698704.91973, 1616698705.6102772]
[1616698705.1066308, 1616698705.8008573]
[1616698705.2735, 1616698705.97645]
[1616698705.2561195, 1616698705.9187088]
[1616698705.2040477, 1616698705.9769268]
[1616698705.1501586, 1616698705.8257542]
[1616698705.4376018, 1616698706.1253402]
[1616698705.2491891, 1616698705.9257221]
[1616698705.2816243, 1616698705.9890854]
[1616698705.6220336, 1616698706.289455]
[1616698705.5195436, 1616698706.2432966]
[1616698705.6211154, 1616698706.2889125]
[1616698705.3905652, 1616698706.1204247]
[1616698705.6771238, 1616698706.4166784]
[1616698705.6597996, 1616698706.3381276]
[1616698705.9528203, 1616698706.6129825]
[1616698705.8546734, 1616698706.506478]
[1616698705.8668532, 1616698706.5852666]
[1616698705.7648425, 1616698706.434196]
[1616698705.8597617, 1616698706.7913978]
[1616698706.1278012, 1616698706.797555]
[1616698706.1424656, 1616698706.8194797]
[1616698706.0502586, 1616698706.742197]
[1616698705.9274795, 1616698706.9642928]
[1616698706.1868246, 1616698706.8800802]
[1616698706.0783734, 1616698706.804003]
[1616698706.1646953, 1616698706.8294375]
[1616698706.087074, 1616698708.1322563]
[1616698706.0018587, 1616698708.2351785]
[1616698706.5823216, 1616698707.287211]
[1616698706.5107458, 1616698707.1953883]
[1616698706.4735737, 1616698707.1533365]
[1616698706.576669, 1616698707.2298293]
[1616698706.6925204, 1616698707.6296966]
[1616698706.4707963, 1616698707.1131008]
[1616698706.6927588, 1616698707.33808]
[1616698706.7787864, 1616698707.4611099]
[1616698706.7364964, 1616698707.3823688]
[1616698706.6588345, 1616698707.324744]
[1616698706.4170232, 1616698707.909429]
[1616698706.7181525, 1616698708.5040638]
[1616698706.736761, 1616698707.5416262]
[1616698706.819914, 1616698707.5065997]
[1616698706.8267138, 1616698709.3099484]
[1616698706.938773, 1616698707.6017213]
[1616698707.31187, 1616698710.7637904]
[1616698707.3187635, 1616698709.2260416]
[1616698706.9837658, 1616698707.6560695]
[1616698707.175817, 1616698707.8481612]
[1616698707.1128953, 1616698707.7710814]
[1616698707.3295906, 1616698707.978713]
[1616698707.4612114, 1616698708.127683]
[1616698707.5024843, 1616698708.1963484]
[1616698707.3481889, 1616698707.9916294]
[1616698707.4794037, 1616698708.1736417]
[1616698707.499825, 1616698708.7603102]
[1616698707.8699858, 1616698708.5325954]
[1616698707.6594932, 1616698708.3983672]
[1616698707.6624103, 1616698708.435379]
[1616698707.8390641, 1616698708.5779645]
[1616698707.8686855, 1616698708.5225425]
[1616698708.1110876, 1616698708.7761853]
[1616698707.7635715, 1616698708.4351983]
[1616698708.0303495, 1616698708.713598]
[1616698707.948098, 1616698708.6475916]
[1616698708.081564, 1616698708.758836]
[1616698708.183534, 1616698708.8602512]
[1616698708.0016205, 1616698708.6876967]
[1616698708.2218018, 1616698708.8993807]
[1616698708.385801, 1616698709.0673053]
[1616698708.161193, 1616698708.8755233]
[1616698708.1699278, 1616698708.8302624]
[1616698708.0860033, 1616698709.0110297]
[1616698708.703559, 1616698709.355389]
[1616698708.8818824, 1616698709.6154811]
[1616698708.7017393, 1616698709.5567884]
[1616698708.5824833, 1616698709.2892783]
[1616698708.8587167, 1616698709.5651429]
[1616698708.753316, 1616698709.4091868]
[1616698708.7818756, 1616698709.4941652]
[1616698708.7220497, 1616698709.8840182]
[1616698709.0292263, 1616698709.7266042]
[1616698708.693408, 1616698710.082621]
[1616698708.820033, 1616698710.610556]
[1616698709.1262088, 1616698716.0037282]
[1616698708.8415337, 1616698709.4950886]
[1616698709.101461, 1616698709.779563]
[1616698709.145008, 1616698710.9892514]
[1616698709.3858857, 1616698710.0448313]
[1616698709.1644146, 1616698710.779372]
[1616698709.2194943, 1616698709.927122]
[1616698709.2708466, 1616698709.9639237]
[1616698709.2296786, 1616698709.8802838]
[1616698709.293914, 1616698709.940734]
[1616698709.353087, 1616698710.3680255]
[1616698709.552128, 1616698710.235443]
[1616698709.8328424, 1616698710.4524796]
[1616698709.7282515, 1616698710.4601128]
[1616698709.5573912, 1616698710.2961988]
[1616698709.7322323, 1616698710.3935947]
[1616698709.9446356, 1616698710.6369812]
[1616698709.7796087, 1616698710.455737]
[1616698709.7519934, 1616698711.257828]
[1616698709.6768298, 1616698710.3610692]
[1616698709.8798232, 1616698711.4646301]
[1616698710.086906, 1616698710.7504532]
[1616698709.9727607, 1616698710.623064]
[1616698710.1660094, 1616698710.8868775]
[1616698710.1132572, 1616698710.8126314]
[1616698710.161708, 1616698710.8876772]
[1616698710.1511934, 1616698710.8771412]
[1616698710.0016866, 1616698710.6397293]
[1616698710.1484144, 1616698710.8131716]
[1616698710.4456952, 1616698711.1271737]
[1616698710.5258315, 1616698711.8328693]
[1616698710.5635805, 1616698711.2590623]
[1616698710.511058, 1616698711.7107892]
[1616698710.7178657, 1616698711.3543808]
[1616698710.7057471, 1616698711.3807297]
[1616698710.5814342, 1616698711.3260207]
[1616698710.8182976, 1616698711.4967084]
[1616698710.5429735, 1616698711.2187996]
[1616698710.6856096, 1616698711.5739985]
[1616698710.6272802, 1616698711.5083706]
[1616698710.9723084, 1616698712.2256904]
[1616698710.906729, 1616698711.5936034]
[1616698711.0607684, 1616698711.7317991]
[1616698710.8102827, 1616698711.545465]
[1616698710.9543834, 1616698711.7114463]
[1616698711.2062953, 1616698711.8724914]
[1616698710.9725974, 1616698711.6214669]
[1616698711.390155, 1616698712.0580027]
[1616698711.2578602, 1616698711.9290419]
[1616698711.3833928, 1616698712.035588]
[1616698711.726541, 1616698712.3997767]
[1616698711.4382377, 1616698712.0880227]
[1616698711.1620982, 1616698711.8534257]
[1616698711.5264237, 1616698712.2190566]
[1616698711.4367034, 1616698712.0852714]
[1616698711.4493039, 1616698712.1268742]
[1616698711.547124, 1616698712.689504]
[1616698711.5652647, 1616698712.2569032]
[1616698711.9069793, 1616698712.5492074]
[1616698711.8105035, 1616698712.5522847]
[1616698711.629934, 1616698712.3565607]
[1616698711.9904852, 1616698712.6193252]
[1616698712.1468396, 1616698712.9000452]
[1616698711.6574013, 1616698712.3864074]
[1616698711.6857433, 1616698713.4261909]
[1616698712.1321318, 1616698712.8044508]
[1616698712.153143, 1616698712.8248804]
[1616698712.1665988, 1616698712.824932]
[1616698712.302095, 1616698713.0009441]
[1616698712.2468433, 1616698712.945117]
[1616698712.1657908, 1616698712.8803616]
[1616698712.2665215, 1616698713.0085573]
[1616698712.55187, 1616698715.1818688]
[1616698712.4307919, 1616698713.164692]
[1616698712.4450197, 1616698715.3935363]
[1616698712.5421312, 1616698713.2190497]
[1616698712.4919922, 1616698713.526533]
[1616698712.4584577, 1616698713.0942996]
[1616698712.7414575, 1616698713.4327068]
[1616698712.4619052, 1616698713.1139486]
[1616698712.6356366, 1616698713.2589595]
[1616698712.6945462, 1616698713.4041042]
[1616698713.0780659, 1616698713.7725604]
[1616698713.0947227, 1616698714.5632706]
[1616698712.912693, 1616698713.6068447]
[1616698713.0895228, 1616698713.760404]
[1616698713.0055592, 1616698713.7269156]
[1616698713.0818887, 1616698713.7679582]
[1616698713.4722269, 1616698714.120538]
[1616698713.2340083, 1616698713.895561]
[1616698713.46997, 1616698715.0035875]
[1616698713.4363682, 1616698715.0845118]
[1616698713.6845167, 1616698714.337762]
[1616698713.3721492, 1616698714.0496645]
[1616698713.2002249, 1616698713.8677936]
[1616698713.5240343, 1616698714.1629646]
[1616698713.5465121, 1616698715.3499227]
[1616698713.4435909, 1616698714.4060955]
[1616698713.7676437, 1616698716.516522]
[1616698713.4350297, 1616698716.066085]
[1616698713.9890838, 1616698714.702383]
[1616698713.7654572, 1616698714.4515398]
[1616698713.5713582, 1616698714.2052026]
[1616698713.6094277, 1616698714.292966]
[1616698713.9014466, 1616698714.9651377]
[1616698713.9326227, 1616698714.6302214]
[1616698713.8358111, 1616698714.5569115]
[1616698714.2020826, 1616698714.9743688]
[1616698713.97363, 1616698714.7094948]
[1616698714.2025657, 1616698714.857277]
[1616698714.266717, 1616698715.790337]
[1616698714.2440627, 1616698714.916063]
[1616698714.1240988, 1616698714.7697732]
[1616698714.2346795, 1616698715.0028791]
[1616698714.2982116, 1616698715.0310462]
[1616698714.2326865, 1616698714.8839815]
[1616698714.4977338, 1616698715.9406176]
[1616698714.5211902, 1616698715.2006145]
[1616698714.538115, 1616698715.285852]
[1616698714.5872786, 1616698715.726579]
[1616698714.5422595, 1616698715.495505]
[1616698714.591203, 1616698715.323649]
[1616698714.960783, 1616698715.6248884]
[1616698714.5064611, 1616698715.1632667]
[1616698714.5987473, 1616698715.323383]
[1616698714.5617688, 1616698715.236378]
[1616698714.939149, 1616698715.9845233]
[1616698715.00001, 1616698716.2928548]
[1616698715.1963105, 1616698715.9041939]
[1616698715.263326, 1616698715.9403849]
[1616698714.9404414, 1616698718.200737]
[1616698715.0623128, 1616698715.7612736]
[1616698714.9239712, 1616698715.5956943]
[1616698714.9875522, 1616698715.6988757]
[1616698715.3960934, 1616698716.1749172]
[1616698715.3179524, 1616698716.394586]
[1616698715.2196841, 1616698715.921591]
[1616698715.5378678, 1616698716.2629926]
[1616698715.1143723, 1616698715.8199747]
[1616698715.292952, 1616698715.9668994]
[1616698715.4343712, 1616698716.089053]
[1616698715.2782733, 1616698716.4501767]
[1616698715.7084768, 1616698719.3522577]
[1616698715.6364024, 1616698716.3309836]
[1616698715.7367556, 1616698716.389437]
[1616698715.614999, 1616698716.2966247]
[1616698715.833377, 1616698716.621787]
[1616698716.1526072, 1616698716.8456354]
[1616698715.9319708, 1616698716.6196663]
[1616698715.8784554, 1616698716.622124]
[1616698715.96948, 1616698716.7081532]
[1616698716.0495489, 1616698716.8014274]
[1616698716.1990983, 1616698716.915644]
[1616698715.9879532, 1616698716.707559]
[1616698716.2446697, 1616698716.9045863]
[1616698716.2946453, 1616698717.0216928]
[1616698716.3030994, 1616698717.113718]
[1616698716.2217712, 1616698716.874445]
[1616698716.2088368, 1616698717.107825]
[1616698716.2884722, 1616698716.9513273]
[1616698716.8271797, 1616698718.5875509]
[1616698716.6034806, 1616698717.2653368]
[1616698716.2940333, 1616698716.977752]
[1616698716.575035, 1616698717.2393806]
[1616698716.5590312, 1616698717.2718976]
[1616698716.9727542, 1616698717.6969032]
[1616698716.880322, 1616698717.5583885]
[1616698716.910641, 1616698717.5826569]
[1616698716.8377802, 1616698717.7493603]
[1616698717.3634732, 1616698718.065805]
[1616698717.2864845, 1616698718.022596]
[1616698716.9148257, 1616698717.5872684]
[1616698716.9967394, 1616698717.740053]
[1616698717.2433732, 1616698717.9920106]
[1616698716.9893801, 1616698717.6197274]
[1616698717.5170584, 1616698718.2275918]
[1616698717.3158777, 1616698718.0070577]
[1616698717.287487, 1616698718.5181386]
[1616698717.6853583, 1616698718.3563952]
[1616698717.399019, 1616698718.059128]
[1616698717.5835721, 1616698718.7707362]
[1616698717.5804887, 1616698718.2316277]
[1616698717.6227283, 1616698719.0225027]
[1616698717.644959, 1616698718.2896066]
[1616698717.904963, 1616698718.5898986]
[1616698717.8191435, 1616698719.3432484]
[1616698718.0977657, 1616698719.47148]
[1616698717.5637364, 1616698718.2727573]
[1616698717.6906724, 1616698718.508853]
[1616698717.9784212, 1616698718.6648939]
[1616698718.1399455, 1616698718.8061259]
[1616698718.153485, 1616698719.7622752]
[1616698717.935492, 1616698718.6249025]
[1616698718.1753123, 1616698718.8652585]
[1616698718.24648, 1616698719.514633]
[1616698718.406223, 1616698719.1752448]
[1616698718.42234, 1616698719.1945918]
[1616698718.2159824, 1616698718.9034815]
[1616698718.2817473, 1616698720.046305]
[1616698718.389274, 1616698727.962444]
[1616698718.3819675, 1616698719.1217928]
[1616698718.589032, 1616698720.2214022]
[1616698718.6856072, 1616698720.356755]
[1616698718.7726078, 1616698719.4567707]
[1616698718.4014313, 1616698719.079358]
[1616698718.3435733, 1616698718.9830148]
[1616698718.6572752, 1616698719.3017442]
[1616698718.9219892, 1616698720.5870466]
[1616698719.2089143, 1616698719.9414613]
[1616698719.0295987, 1616698722.1125448]
[1616698718.799716, 1616698719.5236933]
[1616698718.866556, 1616698719.5440328]
[1616698718.9680614, 1616698719.627247]
[1616698718.9121006, 1616698719.5907662]
[1616698719.0055993, 1616698719.6910813]
[1616698719.1820211, 1616698719.8679414]
[1616698719.1218565, 1616698719.8138049]
[1616698719.306679, 1616698719.970634]
[1616698719.5029585, 1616698720.9851077]
[1616698719.3265183, 1616698720.0133505]
[1616698719.4920356, 1616698720.216979]
[1616698719.1038206, 1616698720.8741682]
[1616698719.52365, 1616698720.1556084]
[1616698719.4800653, 1616698721.01705]
[1616698719.4958825, 1616698720.1348832]
[1616698719.5766492, 1616698720.2961836]
[1616698719.7290416, 1616698720.4967198]
[1616698719.6400409, 1616698720.7408864]
[1616698719.8746593, 1616698720.6298406]
[1616698719.7185156, 1616698720.4060743]
[1616698719.6436706, 1616698720.3133752]
[1616698719.770567, 1616698721.6238723]
[1616698719.8250325, 1616698720.4921777]
[1616698720.1958396, 1616698720.916452]
[1616698719.9583118, 1616698720.7033856]
[1616698719.9458253, 1616698720.7054617]
[1616698720.1211395, 1616698720.8257296]
[1616698720.007678, 1616698721.7445304]
[1616698720.1646423, 1616698720.8182604]
[1616698720.0594568, 1616698720.7360966]
[1616698720.2471993, 1616698720.9665136]
[1616698720.27467, 1616698720.9723945]
[1616698720.1543856, 1616698720.8219059]
[1616698720.6865664, 1616698721.4495652]
[1616698720.4793122, 1616698721.1566486]
[1616698720.439168, 1616698721.0945163]
[1616698720.6581974, 1616698721.452861]
[1616698720.4195309, 1616698721.0926497]
[1616698720.7478395, 1616698724.002993]
[1616698720.836549, 1616698721.9022036]
[1616698721.0228834, 1616698721.76839]
[1616698720.7643788, 1616698721.4830089]
[1616698720.8860185, 1616698721.5795615]
[1616698721.1864245, 1616698721.8696046]
[1616698720.712255, 1616698721.4597676]
[1616698720.69636, 1616698721.4699233]
[1616698720.841618, 1616698721.519795]
[1616698720.955447, 1616698722.6584451]
[1616698721.0092838, 1616698721.668587]
[1616698721.086172, 1616698721.7759328]
[1616698721.2190452, 1616698721.900896]
[1616698721.1428957, 1616698722.8242543]
[1616698721.3119, 1616698722.0405867]
[1616698721.2834008, 1616698721.980394]
[1616698721.633608, 1616698722.6347594]
[1616698721.5265493, 1616698722.1925397]
[1616698721.4269454, 1616698722.1640372]
[1616698721.8831282, 1616698722.5690336]
[1616698721.5801885, 1616698722.3129308]
[1616698721.8412063, 1616698722.676169]
[1616698721.761701, 1616698722.4328704]
[1616698721.9843442, 1616698722.7375062]
[1616698721.5017252, 1616698722.1950889]
[1616698721.7959683, 1616698722.5551708]
[1616698721.7473814, 1616698722.4038272]
[1616698721.9014275, 1616698723.5746148]
[1616698722.1334453, 1616698722.8312535]
[1616698722.1840847, 1616698722.8969345]
[1616698722.338851, 1616698722.9717193]
[1616698722.273425, 1616698723.8448505]
[1616698722.1295593, 1616698722.7656863]
[1616698722.3244746, 1616698722.969278]
[1616698722.259388, 1616698722.9162288]
[1616698722.0758047, 1616698725.21366]
[1616698722.2228248, 1616698722.8842802]
[1616698722.200489, 1616698729.4487379]
[1616698722.2868366, 1616698723.9349039]
[1616698722.4180775, 1616698723.1021807]
[1616698722.4855103, 1616698723.2230926]
[1616698722.7329395, 1616698723.5745513]
[1616698722.5584726, 1616698723.2260056]
[1616698722.592876, 1616698723.285468]
[1616698722.7401073, 1616698723.455323]
[1616698723.0442839, 1616698723.7333107]
[1616698722.5971344, 1616698723.3070028]
[1616698722.7092624, 1616698723.4123082]
[1616698722.6645107, 1616698723.9953785]
[1616698722.9053047, 1616698723.639344]
[1616698723.0821521, 1616698723.7643874]
[1616698723.2377167, 1616698723.8733826]
[1616698722.9644125, 1616698723.6219049]
[1616698723.360947, 1616698724.087732]
[1616698723.194262, 1616698724.3319726]
[1616698723.4438798, 1616698724.108259]
[1616698723.369449, 1616698724.0836415]
[1616698722.937343, 1616698723.5737767]
[1616698723.315553, 1616698725.1160629]
[1616698723.6345358, 1616698724.2904227]
[1616698723.4219477, 1616698724.9505613]
[1616698723.5325897, 1616698724.1654093]
[1616698723.4896948, 1616698724.2323375]
[1616698723.5334935, 1616698724.1674285]
[1616698723.3774133, 1616698724.0806265]
[1616698723.6358328, 1616698725.8459]
[1616698723.9233935, 1616698724.619413]
[1616698723.711877, 1616698729.5420365]
[1616698723.9065313, 1616698724.5696564]
[1616698723.8863037, 1616698724.524071]
[1616698723.9055915, 1616698724.5704937]
[1616698723.7561038, 1616698724.4268355]
[1616698723.8971128, 1616698724.6062818]
[1616698724.307719, 1616698725.040973]
[1616698724.2098298, 1616698724.850774]
[1616698724.050672, 1616698724.7274992]
[1616698724.1396582, 1616698724.780802]
[1616698724.0169892, 1616698724.70045]
[1616698724.3501632, 1616698725.0443795]
[1616698724.2232032, 1616698724.893413]
[1616698724.409998, 1616698725.04414]
[1616698724.2788033, 1616698724.938504]
[1616698724.2543452, 1616698724.9943948]
[1616698724.6625803, 1616698725.3431568]
[1616698724.4260082, 1616698725.0677323]
[1616698724.4611866, 1616698725.1293716]
[1616698724.4673052, 1616698725.2284029]
[1616698724.8078704, 1616698727.5861833]
[1616698724.837839, 1616698725.5024054]
[1616698724.7502449, 1616698725.3996947]
[1616698724.9382994, 1616698725.7151825]
[1616698724.7289042, 1616698725.3871574]
[1616698724.7599065, 1616698725.8589125]
[1616698724.935235, 1616698725.5740182]
[1616698724.9868817, 1616698727.8853827]
[1616698724.7902687, 1616698725.4454098]
[1616698724.8810306, 1616698725.5403578]
[1616698724.8979447, 1616698725.5250714]
[1616698725.0565588, 1616698726.2915092]
[1616698725.165403, 1616698726.2304626]
[1616698725.128328, 1616698725.7956972]
[1616698725.0942218, 1616698725.7254393]
[1616698725.4976568, 1616698726.1562037]
[1616698725.2244253, 1616698725.9146156]
[1616698725.3005986, 1616698726.7208648]
[1616698725.364581, 1616698726.0015934]
[1616698725.4455068, 1616698726.1006517]
[1616698725.7303035, 1616698726.5327625]
[1616698725.896939, 1616698726.587948]
[1616698725.6871405, 1616698726.372714]
[1616698725.632073, 1616698726.3259192]
[1616698725.750531, 1616698726.3965335]
[1616698725.5929248, 1616698726.2239513]
[1616698725.894086, 1616698726.5495875]
[1616698725.983219, 1616698726.6605768]
[1616698725.9199307, 1616698726.6110554]
[1616698725.8179264, 1616698728.4628901]
[1616698725.865087, 1616698726.5252483]
[1616698725.884768, 1616698726.612389]
[1616698726.2308583, 1616698726.9280179]
[1616698726.109287, 1616698726.8076174]
[1616698726.3851457, 1616698727.023616]
[1616698726.0647807, 1616698726.7526777]
[1616698726.189686, 1616698726.8515027]
[1616698726.259437, 1616698726.9522705]
[1616698726.509338, 1616698727.1588068]
[1616698726.3775373, 1616698727.8002071]
[1616698726.484069, 1616698727.1304688]
[1616698726.2541652, 1616698727.0108654]
[1616698726.5128388, 1616698727.2515898]
[1616698726.5626419, 1616698727.1981843]
[1616698726.665568, 1616698727.6016984]
[1616698726.7499459, 1616698727.477113]
[1616698726.602016, 1616698727.2704062]
[1616698726.6687036, 1616698727.4403777]
[1616698726.719202, 1616698727.3715239]
[1616698726.9772654, 1616698727.6189387]
[1616698726.811679, 1616698727.4823852]
[1616698727.0256405, 1616698730.0297756]
[1616698727.0112665, 1616698727.6857646]
[1616698727.12781, 1616698727.7909713]
[1616698727.318754, 1616698727.9683578]
[1616698727.2442677, 1616698727.9166121]
[1616698727.0838528, 1616698727.7564175]
[1616698727.264957, 1616698728.5990462]
[1616698727.096477, 1616698727.7658503]
[1616698727.248048, 1616698729.0353398]
[1616698727.3198428, 1616698727.9626079]
[1616698727.4258657, 1616698728.0875773]
[1616698727.3400724, 1616698728.0536282]
[1616698727.4842494, 1616698728.2009273]
[1616698727.7256896, 1616698728.421616]
[1616698727.6068819, 1616698728.2602913]
[1616698727.6420324, 1616698728.2942135]
[1616698727.733009, 1616698728.4808362]
[1616698727.8063755, 1616698729.4433553]
[1616698727.9309232, 1616698728.6089392]
[1616698727.823721, 1616698728.501843]
[1616698728.026724, 1616698728.7203171]
[1616698727.8684862, 1616698728.5151231]
[1616698728.013733, 1616698728.6575415]
[1616698728.0248072, 1616698729.1877909]
[1616698728.3876529, 1616698729.0876834]
[1616698728.154611, 1616698728.8940609]
[1616698728.1098793, 1616698728.744643]
[1616698728.4114764, 1616698729.1193268]
[1616698728.4320123, 1616698729.1329334]
[1616698728.5627472, 1616698729.445116]
[1616698728.4568708, 1616698731.3061337]
[1616698728.5060487, 1616698729.253252]
[1616698728.537567, 1616698729.245983]
[1616698728.4973998, 1616698730.1765506]
[1616698728.498399, 1616698729.1596465]
[1616698728.8105116, 1616698729.4749322]
[1616698728.7811282, 1616698729.453537]
[1616698728.8239079, 1616698729.5038288]
[1616698729.0027902, 1616698729.681023]
[1616698728.843999, 1616698729.5778363]
[1616698728.8068204, 1616698730.6803813]
[1616698729.223652, 1616698730.1745646]
[1616698729.0515165, 1616698729.7343102]
[1616698729.0508265, 1616698729.735186]
[1616698729.0614965, 1616698729.7270617]
[1616698729.2278605, 1616698729.876984]
[1616698729.5754201, 1616698730.3048596]
[1616698729.3064106, 1616698739.7749205]
[1616698729.4422271, 1616698730.927547]
[1616698729.2467337, 1616698729.9574342]
[1616698729.1949859, 1616698729.8321579]
[1616698729.346367, 1616698729.9890335]
[1616698729.219554, 1616698730.8714921]
[1616698729.503419, 1616698730.1354523]
[1616698729.1743224, 1616698729.8775566]
[1616698729.3962758, 1616698730.065784]
[1616698729.441993, 1616698730.8776574]
[1616698729.4937901, 1616698730.123008]
[1616698729.8539684, 1616698731.5682967]
[1616698729.8484633, 1616698730.5246513]
[1616698729.6954782, 1616698730.4146423]
[1616698729.782677, 1616698730.5134943]
[1616698730.0339108, 1616698731.4574697]
[1616698729.985616, 1616698732.7062812]
[1616698729.8015456, 1616698730.5034711]
[1616698730.1598723, 1616698730.8441021]
[1616698729.9501193, 1616698730.607222]
[1616698730.1698666, 1616698730.806385]
[1616698730.1231318, 1616698731.0552077]
[1616698730.0709713, 1616698730.7281456]
[1616698730.0182436, 1616698731.1018028]
[1616698730.3948994, 1616698731.0774136]
[1616698730.2997923, 1616698730.9755938]
[1616698730.4541357, 1616698731.224098]
[1616698730.4451146, 1616698731.1219397]
[1616698730.6527429, 1616698731.373783]
[1616698730.3652177, 1616698741.029567]
[1616698730.4505765, 1616698731.2269814]
[1616698730.7939868, 1616698732.074486]
[1616698730.8183107, 1616698731.5034797]
[1616698730.6686985, 1616698731.4280276]
[1616698730.6562557, 1616698731.30595]
[1616698730.822916, 1616698731.5355072]
[1616698730.998964, 1616698731.7118828]
[1616698730.9608808, 1616698731.7122881]
[1616698731.2274926, 1616698731.925399]
[1616698731.1228852, 1616698731.797065]
[1616698731.2204072, 1616698731.953151]
[1616698731.17432, 1616698731.827379]
[1616698731.2694993, 1616698731.9772613]
[1616698731.474528, 1616698732.160727]
[1616698731.025698, 1616698731.8020968]
[1616698731.527393, 1616698732.196171]
[1616698731.4998176, 1616698732.1976159]
[1616698731.4913373, 1616698734.357606]
[1616698731.6372645, 1616698732.319784]
[1616698731.4470165, 1616698732.084268]
[1616698731.7465675, 1616698732.5109828]
[1616698731.7259414, 1616698732.3598044]
[1616698731.662764, 1616698732.9328582]
[1616698731.7222188, 1616698732.4408987]
[1616698731.8857977, 1616698732.607894]
[1616698731.9330506, 1616698732.616222]
[1616698731.8598325, 1616698733.5938964]
[1616698731.9139252, 1616698732.5456576]
[1616698732.038249, 1616698733.7921348]
[1616698732.0252461, 1616698732.7376366]
[1616698732.2260225, 1616698732.9330692]
[1616698732.0874207, 1616698733.9432864]
[1616698732.1402385, 1616698732.7905924]
[1616698732.1530256, 1616698732.8382165]
[1616698732.2244828, 1616698732.9026232]
[1616698732.2509947, 1616698746.7298226]
[1616698732.1787167, 1616698732.8716166]
[1616698732.2125447, 1616698733.5210097]
[1616698732.3642383, 1616698733.0056374]
[1616698732.5487764, 1616698735.407597]
[1616698732.4340746, 1616698733.1212575]
[1616698732.5379763, 1616698733.21356]
[1616698732.500417, 1616698733.2078676]
[1616698732.603808, 1616698733.2333887]
[1616698732.6681187, 1616698733.4116306]
[1616698732.752398, 1616698733.4877512]
[1616698732.77878, 1616698733.5845122]
[1616698732.7699332, 1616698733.504071]
[1616698733.0552914, 1616698733.7264178]
[1616698732.9525015, 1616698733.6251671]
[1616698732.9966922, 1616698733.684026]
[1616698733.0424085, 1616698733.6906404]
[1616698733.1364794, 1616698734.2758684]
[1616698733.1259959, 1616698734.827267]
[1616698733.2003365, 1616698734.423004]
[1616698733.2811127, 1616698734.0040379]
[1616698733.2085938, 1616698733.8593311]
[1616698733.3386972, 1616698734.035118]
[1616698733.465006, 1616698734.227354]
[1616698733.4624276, 1616698734.193665]
[1616698733.4378273, 1616698734.1037416]
[1616698733.4661126, 1616698734.136205]
[1616698733.6315017, 1616698734.2771726]
[1616698733.874477, 1616698734.50751]
[1616698733.8630712, 1616698734.5726857]
[1616698733.7941227, 1616698734.4690576]
[1616698733.7949219, 1616698734.5086436]
[1616698733.861017, 1616698735.3249424]
[1616698733.6519902, 1616698734.3523653]
[1616698733.9972405, 1616698735.0426447]
[1616698733.8629193, 1616698736.8908052]
[1616698733.9688768, 1616698734.6092129]
[1616698734.0295007, 1616698734.6780064]
[1616698734.0443296, 1616698734.7000535]
[1616698734.290748, 1616698734.9325132]
[1616698734.1498637, 1616698735.9430156]
[1616698734.252816, 1616698735.3148754]
[1616698734.2314155, 1616698734.8901541]
[1616698734.257786, 1616698734.9989648]
[1616698734.1758995, 1616698741.6797268]
[1616698734.259958, 1616698735.041831]
[1616698734.3737814, 1616698735.0703838]
[1616698734.501929, 1616698735.234757]
[1616698734.3898325, 1616698738.1764307]
[1616698734.541923, 1616698744.7980196]
[1616698734.700889, 1616698735.3492124]
[1616698734.6048534, 1616698736.2380633]
[1616698734.3635418, 1616698735.0471754]
[1616698734.7832804, 1616698735.4428706]
[1616698734.5687032, 1616698735.2303488]
[1616698734.9726317, 1616698735.6666496]
[1616698734.6930296, 1616698737.8920298]
[1616698734.8049634, 1616698735.4842553]
[1616698734.8374197, 1616698735.513482]
[1616698734.9824731, 1616698735.6681652]
[1616698735.0161498, 1616698738.3693054]
[1616698735.0382988, 1616698738.424291]
[1616698735.0461931, 1616698736.137317]
[1616698735.0941312, 1616698738.8055086]
[1616698735.123221, 1616698735.8547955]
[1616698735.0893314, 1616698735.7437646]
[1616698735.1787572, 1616698735.864186]
[1616698735.0333078, 1616698736.5160356]
[1616698735.3474042, 1616698736.8147357]
[1616698735.3588097, 1616698736.0440543]
[1616698735.2679527, 1616698736.5653718]
[1616698735.2470293, 1616698735.887254]
[1616698735.4765987, 1616698736.137221]
[1616698735.3366218, 1616698736.0474489]
[1616698735.591589, 1616698736.2721999]
[1616698735.5138, 1616698736.238514]
[1616698735.638593, 1616698736.3410642]
[1616698735.6040854, 1616698736.3316176]
[1616698735.3833337, 1616698736.040516]
[1616698735.6402993, 1616698736.38173]
[1616698735.6193888, 1616698736.2952106]
[1616698735.7188709, 1616698736.3762512]
[1616698735.6155055, 1616698736.300391]
[1616698735.7054684, 1616698736.4130328]
[1616698735.6853986, 1616698736.3504934]
[1616698735.7556765, 1616698739.0690994]
[1616698735.853437, 1616698737.706665]
[1616698735.789239, 1616698738.8223333]
[1616698735.7996438, 1616698736.4449387]
[1616698735.853093, 1616698736.5227664]
[1616698735.8240707, 1616698737.2505827]
[1616698735.878256, 1616698736.5677176]
[1616698736.1699784, 1616698742.428427]
[1616698735.8963006, 1616698737.2084966]
[1616698736.0381594, 1616698736.7752879]
[1616698736.2164102, 1616698737.1474233]
[1616698735.9902651, 1616698736.6972399]
[1616698735.9605794, 1616698736.6861036]
[1616698736.2004552, 1616698736.880732]
[1616698736.1758187, 1616698736.8661325]
[1616698736.4184031, 1616698737.1045163]
[1616698736.2501247, 1616698736.9061282]
[1616698736.3447337, 1616698736.9866254]
[1616698736.2977343, 1616698736.9407477]
[1616698736.30369, 1616698736.9719045]
[1616698736.4361444, 1616698738.542291]
[1616698736.3581011, 1616698737.0658875]
[1616698736.4284427, 1616698742.010533]
[1616698736.4346685, 1616698737.1057262]
[1616698736.4871666, 1616698737.1456487]
[1616698736.4575648, 1616698737.1194255]
[1616698736.438737, 1616698739.3149195]
[1616698736.6741304, 1616698737.3619213]
[1616698736.5586185, 1616698737.3410475]
[1616698736.5449257, 1616698737.236634]
[1616698736.4491594, 1616698737.1047404]
[1616698736.561998, 1616698737.6532667]
[1616698736.6931987, 1616698737.3745198]
[1616698736.8559437, 1616698737.9696717]
[1616698736.7343507, 1616698737.5004785]
[1616698736.776743, 1616698737.3993833]
[1616698736.8548765, 1616698742.8852687]
[1616698736.7890713, 1616698737.5715077]
[1616698737.0273292, 1616698740.7087462]
[1616698736.876832, 1616698737.587171]
[1616698736.959507, 1616698738.0139465]
[1616698737.2054443, 1616698740.7497609]
[1616698736.9805148, 1616698739.8488781]
[1616698736.9520354, 1616698737.6024177]
[1616698737.0049987, 1616698737.6493514]
[1616698737.1887562, 1616698737.8388102]
[1616698736.9515846, 1616698737.5896456]
[1616698737.0326965, 1616698737.7068386]
[1616698737.0419636, 1616698737.7509642]
[1616698737.1031914, 1616698737.7832518]
[1616698737.3315241, 1616698738.1284277]
[1616698737.0030086, 1616698737.6403415]
[1616698737.0271604, 1616698738.8964496]
[1616698737.160873, 1616698737.8023214]
[1616698737.1453905, 1616698738.5994859]
[1616698737.1987593, 1616698739.4299471]
[1616698737.1356337, 1616698737.778768]
[1616698737.3062503, 1616698738.0167677]
[1616698737.2269125, 1616698743.1123164]
[1616698737.1779153, 1616698737.869645]
[1616698737.236941, 1616698737.9276738]
[1616698737.392431, 1616698738.1308408]
[1616698737.3500447, 1616698739.3534164]
[1616698737.3070834, 1616698740.171513]
[1616698737.3199477, 1616698737.9720056]
[1616698737.3049843, 1616698738.3876781]
[1616698737.5872993, 1616698739.2360272]
[1616698737.5993202, 1616698738.6152868]
[1616698737.885317, 1616698739.6212]
[1616698737.684345, 1616698738.4240417]
[1616698737.6119344, 1616698738.2541053]
[1616698737.7007945, 1616698739.539601]
[1616698737.6714833, 1616698738.343907]
[1616698737.589445, 1616698741.2887328]
[1616698737.7952495, 1616698738.4288557]
[1616698737.6235, 1616698738.2799306]
[1616698737.7489982, 1616698739.3770688]
[1616698737.7787666, 1616698739.4403176]
[1616698737.6731882, 1616698738.421719]
[1616698737.7314067, 1616698742.6078944]
[1616698737.660288, 1616698738.3145041]
[1616698737.6471677, 1616698738.3609421]
[1616698737.7790573, 1616698742.8571112]
[1616698737.7958992, 1616698738.4644432]
[1616698737.7857306, 1616698739.9342284]
[1616698737.9072824, 1616698740.126983]
[1616698737.8713531, 1616698738.5125694]
[1616698737.9025857, 1616698739.6316817]
[1616698737.8756392, 1616698738.5439959]
[1616698737.8627746, 1616698738.7303565]
[1616698738.066236, 1616698738.7285168]
[1616698737.9893343, 1616698738.648271]
[1616698737.9863243, 1616698741.8851826]
[1616698737.9553707, 1616698741.3194363]
[1616698738.0114594, 1616698738.7337315]
[1616698737.8764532, 1616698738.5453174]
[1616698737.901882, 1616698739.3033583]
[1616698737.958404, 1616698740.5375168]
[1616698738.0505757, 1616698738.77879]
[1616698737.9657953, 1616698739.498516]
[1616698737.912787, 1616698739.3979828]
[1616698737.9827795, 1616698738.6410697]
[1616698737.9997277, 1616698738.665839]
[1616698737.9646382, 1616698740.9742389]
[1616698738.0573993, 1616698739.2394166]
[1616698738.1402006, 1616698738.870547]
[1616698738.1031659, 1616698742.5301096]
[1616698738.191101, 1616698738.8917003]
[1616698738.093343, 1616698738.8400226]
[1616698738.1788504, 1616698738.8911107]
[1616698738.0901613, 1616698738.7770877]
[1616698738.0881305, 1616698739.741567]
[1616698738.0678356, 1616698738.7440505]
[1616698738.1023924, 1616698738.8511844]
[1616698738.2019908, 1616698741.8803017]
[1616698738.3165913, 1616698739.2844372]
[1616698738.2986238, 1616698740.870031]
[1616698738.2783782, 1616698738.9310362]
[1616698738.239455, 1616698740.7831757]
[1616698738.28688, 1616698738.9316993]
[1616698738.283297, 1616698738.9590018]
[1616698738.345784, 1616698740.8296044]
[1616698738.2757597, 1616698739.35906]
[1616698738.3112085, 1616698740.6899617]
[1616698738.3465786, 1616698739.312647]
[1616698738.3459783, 1616698744.3994393]
[1616698738.2860699, 1616698738.9369724]
[1616698738.226368, 1616698739.850016]
[1616698738.2058554, 1616698738.8903627]
[1616698738.2024891, 1616698738.8934665]
[1616698738.287131, 1616698741.6804118]
[1616698738.328399, 1616698741.8464096]
[1616698738.3201215, 1616698738.9833114]
[1616698738.3651493, 1616698739.9791765]
[1616698738.2869525, 1616698740.0111423]
[1616698738.3242273, 1616698738.9918833]
[1616698738.4121125, 1616698739.8470776]
[1616698738.3843694, 1616698739.5957768]
[1616698738.3242123, 1616698739.9859166]
[1616698738.3630996, 1616698745.412779]
[1616698738.36005, 1616698741.8967943]
[1616698738.2647977, 1616698740.9665148]
[1616698738.37763, 1616698742.0832663]
[1616698738.3824337, 1616698740.3970716]
[1616698738.4275348, 1616698739.818103]
[1616698738.40486, 1616698739.471038]
[1616698738.4270039, 1616698739.30147]
[1616698738.3605778, 1616698739.7627113]
[1616698738.3557734, 1616698739.0078206]
[1616698738.3650324, 1616698739.5992517]
[1616698738.4076188, 1616698739.6273863]
[1616698738.3986635, 1616698739.7921827]
[1616698738.365442, 1616698739.7357395]
[1616698738.4329433, 1616698739.187193]
[1616698738.383155, 1616698740.0645823]
[1616698738.3469489, 1616698739.7084534]
[1616698738.42441, 1616698739.0627978]
[1616698738.4588923, 1616698739.1089199]
