[1616797543.0059326, 1616797545.7037513]
[1616797543.1646783, 1616797545.8898163]
[1616797543.3571928, 1616797546.101772]
[1616797543.2435803, 1616797545.9545016]
[1616797543.1515422, 1616797545.890031]
[1616797543.321267, 1616797546.0519483]
[1616797543.3853562, 1616797546.1430805]
[1616797543.370008, 1616797546.1423264]
[1616797543.172774, 1616797545.8987973]
[1616797543.290572, 1616797546.0130107]
[1616797543.5107243, 1616797546.1938295]
[1616797543.81422, 1616797546.545989]
[1616797543.5788953, 1616797546.302573]
[1616797543.9972525, 1616797546.7312558]
[1616797543.381427, 1616797546.0999756]
[1616797543.5108097, 1616797546.210579]
[1616797543.566759, 1616797546.3074055]
[1616797543.6499677, 1616797546.3684194]
[1616797543.4017315, 1616797546.135388]
[1616797543.8207934, 1616797546.5496774]
[1616797544.216874, 1616797546.8647985]
[1616797544.352264, 1616797547.059537]
[1616797544.3189325, 1616797547.0557618]
[1616797543.8998513, 1616797546.5708318]
[1616797544.0584342, 1616797546.779176]
[1616797544.5552828, 1616797547.274423]
[1616797544.4187675, 1616797547.1607254]
[1616797544.8892705, 1616797547.6355035]
[1616797544.7327595, 1616797547.4302533]
[1616797544.6601653, 1616797547.3996599]
[1616797544.8309138, 1616797547.4925673]
[1616797545.0554802, 1616797547.7995818]
[1616797545.1086054, 1616797547.7860897]
[1616797544.9658754, 1616797547.6736243]
[1616797544.959364, 1616797547.663913]
[1616797545.24757, 1616797547.9351206]
[1616797545.1374826, 1616797547.8306425]
[1616797545.4540274, 1616797548.1664248]
[1616797545.5977223, 1616797548.3006673]
[1616797545.7276552, 1616797548.4490683]
[1616797545.729689, 1616797548.3904104]
[1616797545.7291503, 1616797548.4192367]
[1616797545.4252582, 1616797548.1313896]
[1616797546.099493, 1616797548.8380387]
[1616797545.9813945, 1616797548.7056396]
[1616797546.1265967, 1616797548.8572896]
[1616797546.1199458, 1616797548.840524]
[1616797546.1141624, 1616797548.8227065]
[1616797546.3032634, 1616797549.0299547]
[1616797546.41473, 1616797549.132989]
[1616797546.1066284, 1616797548.8421853]
[1616797546.4162192, 1616797549.1561344]
[1616797546.7843735, 1616797549.5207787]
[1616797546.4539087, 1616797549.1803787]
[1616797546.6087413, 1616797549.2786198]
[1616797546.8790936, 1616797549.5316923]
[1616797546.7922618, 1616797549.5074158]
[1616797546.8583431, 1616797549.596358]
[1616797546.7418094, 1616797549.4484863]
[1616797547.0308878, 1616797549.7121394]
[1616797547.3741584, 1616797550.1139867]
[1616797547.2854009, 1616797550.0005102]
[1616797547.4197376, 1616797550.1608937]
[1616797547.3973157, 1616797550.1259904]
[1616797547.5259964, 1616797550.1844313]
[1616797547.531962, 1616797550.231501]
[1616797547.6586313, 1616797550.3769705]
[1616797547.7970974, 1616797550.4747403]
[1616797547.9304397, 1616797550.63263]
[1616797547.864214, 1616797550.556527]
[1616797547.9606647, 1616797550.6839328]
[1616797548.0776706, 1616797550.8189025]
[1616797548.0932593, 1616797550.8395972]
[1616797547.9056664, 1616797550.6509585]
[1616797548.006784, 1616797550.723428]
[1616797548.138345, 1616797550.843179]
[1616797547.949364, 1616797550.643917]
[1616797548.224861, 1616797550.9190764]
[1616797548.3842833, 1616797551.0913024]
[1616797548.6361744, 1616797551.3003566]
[1616797548.5600631, 1616797551.2433205]
[1616797548.5592315, 1616797551.2568789]
[1616797548.6409452, 1616797551.3725758]
[1616797548.7321026, 1616797551.4385743]
[1616797548.7911017, 1616797551.5376556]
[1616797548.660776, 1616797551.37016]
[1616797549.07934, 1616797551.7731965]
[1616797548.8243647, 1616797551.552783]
[1616797548.9916458, 1616797551.7128708]
[1616797549.0193536, 1616797551.7348955]
[1616797548.8938928, 1616797551.6235785]
[1616797549.3978467, 1616797552.151893]
[1616797549.2611165, 1616797552.0023704]
[1616797549.19763, 1616797551.969272]
[1616797549.3742826, 1616797552.064268]
[1616797549.269974, 1616797551.9796455]
[1616797549.497526, 1616797552.21255]
[1616797549.4795012, 1616797552.163373]
[1616797549.4078918, 1616797552.158076]
[1616797549.7761314, 1616797552.4713078]
[1616797549.651909, 1616797552.3750865]
[1616797549.8337607, 1616797552.4772727]
[1616797550.0034497, 1616797552.69426]
[1616797549.8995645, 1616797552.6484582]
[1616797549.9719238, 1616797552.672322]
[1616797550.000053, 1616797552.6979885]
[1616797549.9593277, 1616797552.6751885]
[1616797550.177976, 1616797552.917445]
[1616797550.275618, 1616797552.9847255]
[1616797550.2956362, 1616797552.9502978]
[1616797550.4019268, 1616797553.1188004]
[1616797550.4719949, 1616797553.1833732]
[1616797550.5259712, 1616797553.1900408]
[1616797550.595239, 1616797553.3115766]
[1616797550.6719377, 1616797553.3655283]
[1616797550.7562304, 1616797553.4639552]
[1616797550.6604288, 1616797553.4045799]
[1616797550.6778595, 1616797553.3596845]
[1616797550.6987824, 1616797553.4182994]
[1616797550.960958, 1616797553.661628]
[1616797550.8016076, 1616797553.5415833]
[1616797550.8243077, 1616797553.5646977]
[1616797551.1292336, 1616797553.8368526]
[1616797551.119996, 1616797553.8370314]
[1616797551.18332, 1616797553.9151413]
[1616797551.225371, 1616797553.944726]
[1616797551.29473, 1616797553.993851]
[1616797551.7295542, 1616797554.4619405]
[1616797551.18786, 1616797553.9069571]
[1616797551.8673868, 1616797554.5952604]
[1616797551.6974382, 1616797554.4366796]
[1616797551.6454268, 1616797554.3638904]
[1616797551.87884, 1616797554.5921323]
[1616797551.6621127, 1616797554.3909993]
[1616797551.8558025, 1616797554.5592084]
[1616797551.9167178, 1616797554.6186557]
[1616797552.0894113, 1616797554.7857914]
[1616797551.8940732, 1616797554.6201072]
[1616797551.9252353, 1616797554.5811372]
[1616797552.1566916, 1616797554.9094512]
[1616797552.2639763, 1616797554.9702783]
[1616797552.2985454, 1616797555.0016744]
[1616797552.344443, 1616797555.0812278]
[1616797552.4188478, 1616797555.1711936]
[1616797552.4473195, 1616797555.1879854]
[1616797552.4190843, 1616797555.1716363]
[1616797552.520278, 1616797555.1818116]
[1616797552.2089303, 1616797554.891166]
[1616797552.5579307, 1616797555.2366729]
[1616797552.7253544, 1616797555.4239342]
[1616797552.6788957, 1616797555.3789668]
[1616797552.8201833, 1616797555.51385]
[1616797553.0122254, 1616797555.7580726]
[1616797552.941935, 1616797555.6966689]
[1616797553.0062134, 1616797555.6957202]
[1616797552.9669168, 1616797555.6234536]
[1616797552.8491216, 1616797555.564239]
[1616797552.8994114, 1616797555.6443079]
[1616797553.00352, 1616797555.7072902]
[1616797553.285252, 1616797556.0116618]
[1616797553.279098, 1616797555.9371874]
[1616797553.063817, 1616797555.7600124]
[1616797553.4020116, 1616797556.1193287]
[1616797553.1053386, 1616797555.8090532]
[1616797553.5542386, 1616797556.3004134]
[1616797553.5193799, 1616797556.2655745]
[1616797553.4394002, 1616797556.138465]
[1616797553.5618973, 1616797556.2760952]
[1616797553.4308774, 1616797556.1515093]
[1616797553.4374235, 1616797556.191986]
[1616797553.498934, 1616797556.1842341]
[1616797553.4733849, 1616797556.178743]
[1616797553.6369388, 1616797556.3939693]
[1616797553.6700604, 1616797556.3496807]
[1616797553.7214398, 1616797556.4129894]
[1616797553.6335459, 1616797556.345439]
[1616797553.8873498, 1616797556.618422]
[1616797553.9886918, 1616797556.8599432]
[1616797553.8699198, 1616797556.5734835]
[1616797554.23213, 1616797556.9509072]
[1616797554.2226155, 1616797556.9605541]
[1616797554.0478542, 1616797556.750188]
[1616797554.291261, 1616797557.01089]
[1616797554.255449, 1616797556.9804802]
[1616797554.3253827, 1616797556.998231]
[1616797554.423097, 1616797557.1517475]
[1616797554.4917438, 1616797557.2025568]
[1616797554.4969556, 1616797557.245641]
[1616797554.6106517, 1616797557.3232262]
[1616797554.5071998, 1616797557.2177892]
[1616797554.7606392, 1616797557.4099293]
[1616797554.776152, 1616797557.4968674]
[1616797554.6533506, 1616797557.397915]
[1616797554.7178578, 1616797557.4323337]
[1616797554.8193374, 1616797557.5123584]
[1616797554.7040777, 1616797557.4354403]
[1616797554.9799075, 1616797557.6913345]
[1616797554.991609, 1616797557.665155]
[1616797554.85869, 1616797557.5701203]
[1616797554.9905922, 1616797557.7232604]
[1616797555.313555, 1616797557.9681036]
[1616797555.0424051, 1616797557.7462234]
[1616797555.2868366, 1616797558.0327263]
[1616797555.4831834, 1616797558.232113]
[1616797555.250379, 1616797557.9240317]
[1616797555.5961106, 1616797558.3057861]
[1616797555.4899344, 1616797558.225556]
[1616797555.4589872, 1616797558.1691406]
[1616797555.6947005, 1616797558.4280186]
[1616797555.4233127, 1616797558.1420138]
[1616797555.5072646, 1616797558.2068558]
[1616797555.347768, 1616797558.0768256]
[1616797555.716532, 1616797558.4532616]
[1616797555.8668952, 1616797558.5707252]
[1616797555.9810414, 1616797558.6349056]
[1616797556.0403712, 1616797558.7489848]
[1616797555.8863726, 1616797558.5960147]
[1616797555.9356294, 1616797558.6329615]
[1616797556.1209562, 1616797558.8093798]
[1616797556.0022318, 1616797558.7585506]
[1616797556.280188, 1616797559.0031471]
[1616797556.1553934, 1616797558.8483083]
[1616797556.4131713, 1616797559.1712582]
[1616797556.4669826, 1616797559.1815543]
[1616797556.3266075, 1616797559.0563016]
[1616797556.4660625, 1616797559.218143]
[1616797556.471613, 1616797559.2137616]
[1616797556.6829891, 1616797559.39001]
[1616797556.3799691, 1616797559.0621347]
[1616797556.595288, 1616797559.2821407]
[1616797556.4407763, 1616797559.1929617]
[1616797556.5880163, 1616797559.3148503]
[1616797556.7491908, 1616797559.4585779]
[1616797556.7440295, 1616797559.4507446]
[1616797556.884984, 1616797559.626429]
[1616797557.2225933, 1616797559.9451227]
[1616797557.1623852, 1616797559.8877716]
[1616797557.0631208, 1616797559.7718482]
[1616797557.2253704, 1616797559.9613605]
[1616797557.1229382, 1616797559.7798235]
[1616797557.178497, 1616797559.9330783]
[1616797557.164147, 1616797559.862757]
[1616797557.2317266, 1616797559.9380007]
[1616797557.2204764, 1616797559.9295182]
[1616797557.3152263, 1616797560.0603814]
[1616797557.3745456, 1616797560.0928924]
[1616797557.5138545, 1616797560.2082365]
[1616797557.1823144, 1616797559.8913906]
[1616797557.4673433, 1616797560.1618474]
[1616797557.7822533, 1616797560.4834816]
[1616797557.6688251, 1616797560.396947]
[1616797557.463822, 1616797560.1725197]
[1616797557.9160297, 1616797560.6050353]
[1616797557.7338023, 1616797560.4706087]
[1616797557.8099294, 1616797560.5162332]
[1616797557.8395987, 1616797560.5115318]
[1616797557.8594701, 1616797560.5477953]
[1616797557.9222271, 1616797560.6475086]
[1616797557.905734, 1616797560.5850916]
[1616797558.0951138, 1616797560.8250248]
[1616797557.8763118, 1616797560.5431492]
[1616797557.9029918, 1616797560.6439083]
[1616797557.9906538, 1616797560.6399817]
[1616797558.0535927, 1616797560.8045444]
[1616797558.1992073, 1616797560.9107552]
[1616797558.1552474, 1616797560.8647594]
[1616797558.3312533, 1616797561.0461712]
[1616797558.4538493, 1616797561.1904318]
[1616797558.3006094, 1616797561.0085387]
[1616797558.4302726, 1616797561.1671882]
[1616797558.726699, 1616797561.4269783]
[1616797558.5734982, 1616797561.2960758]
[1616797558.6978016, 1616797561.4083269]
[1616797558.629166, 1616797561.3552275]
[1616797558.817233, 1616797561.5061655]
[1616797559.039163, 1616797561.753247]
[1616797558.6922648, 1616797561.3462567]
[1616797558.8641047, 1616797561.5842996]
[1616797559.0024097, 1616797561.748463]
[1616797559.0276294, 1616797561.7485933]
[1616797559.064027, 1616797561.8025758]
[1616797559.1464086, 1616797561.836415]
[1616797559.2255962, 1616797561.9512577]
[1616797559.1422608, 1616797561.8292646]
[1616797559.2585268, 1616797562.0098479]
[1616797559.2811599, 1616797561.9966035]
[1616797559.337842, 1616797562.035235]
[1616797559.390582, 1616797562.1532907]
[1616797559.2034695, 1616797561.8824263]
[1616797559.5207422, 1616797562.2369137]
[1616797559.3689349, 1616797562.0675738]
[1616797559.458354, 1616797562.1746528]
[1616797559.576728, 1616797562.2628093]
[1616797559.512221, 1616797562.2321396]
[1616797559.5608568, 1616797562.2488234]
[1616797559.7062643, 1616797562.4286406]
[1616797559.8090112, 1616797562.4905841]
[1616797559.7759085, 1616797562.601746]
[1616797559.9410317, 1616797562.6810818]
[1616797559.8225653, 1616797562.540372]
[1616797559.883033, 1616797562.6001544]
[1616797559.8787925, 1616797562.5754375]
[1616797559.9152088, 1616797562.6404579]
[1616797560.0974543, 1616797562.8137004]
[1616797560.1349978, 1616797562.878718]
[1616797560.1881855, 1616797562.900415]
[1616797560.2438662, 1616797562.9423163]
[1616797560.3608985, 1616797563.0762987]
[1616797560.2424088, 1616797562.9447014]
[1616797560.2728682, 1616797562.9852247]
[1616797560.495205, 1616797563.2222452]
[1616797560.4228933, 1616797563.1469772]
[1616797560.3925068, 1616797563.1023524]
[1616797560.4885545, 1616797563.2353704]
[1616797560.5067532, 1616797563.216407]
[1616797560.5534322, 1616797563.2138205]
[1616797560.6636581, 1616797563.379562]
[1616797560.8340018, 1616797563.5897646]
[1616797560.8045597, 1616797563.4797466]
[1616797560.6868715, 1616797563.418599]
[1616797560.8870273, 1616797563.6258004]
[1616797560.8699918, 1616797563.5726683]
[1616797561.0249157, 1616797563.7417603]
[1616797561.086084, 1616797563.8046467]
[1616797560.9176228, 1616797563.616304]
[1616797561.0283847, 1616797563.7232263]
[1616797561.2779715, 1616797564.0195513]
[1616797561.253931, 1616797563.9786665]
[1616797561.4384391, 1616797564.1371858]
[1616797561.280023, 1616797563.9657612]
[1616797561.3290706, 1616797564.0281272]
[1616797561.4850714, 1616797564.2108212]
[1616797561.5255425, 1616797564.2085886]
[1616797561.5660307, 1616797564.2832274]
[1616797561.5585692, 1616797564.2526135]
[1616797561.5531979, 1616797564.2042382]
[1616797561.4454575, 1616797564.1633825]
[1616797561.824919, 1616797564.5402365]
[1616797561.7382913, 1616797564.4237254]
[1616797561.743597, 1616797564.4287577]
[1616797561.9583883, 1616797564.6705537]
[1616797561.8564286, 1616797564.55099]
[1616797561.8104033, 1616797564.5551891]
[1616797561.8821511, 1616797564.5931807]
[1616797562.064541, 1616797564.837184]
[1616797562.04464, 1616797564.7908096]
[1616797561.9138155, 1616797564.6000369]
[1616797562.210368, 1616797564.9158206]
[1616797562.1666703, 1616797564.9479535]
[1616797562.2806063, 1616797564.9889033]
[1616797562.4606395, 1616797565.18063]
[1616797562.227386, 1616797564.9145184]
[1616797562.5050156, 1616797565.1967125]
[1616797562.6071317, 1616797565.334342]
[1616797562.7177732, 1616797565.461456]
[1616797562.613055, 1616797565.3613384]
[1616797562.7979157, 1616797565.5076551]
[1616797562.5651262, 1616797565.2788603]
[1616797562.6803873, 1616797565.415191]
[1616797562.729408, 1616797565.4500217]
[1616797562.9734557, 1616797565.673762]
[1616797562.7878351, 1616797565.4804711]
[1616797562.8220358, 1616797565.557854]
[1616797563.2026293, 1616797565.915522]
[1616797563.037144, 1616797565.7712615]
[1616797563.1441362, 1616797565.8298833]
[1616797563.2618234, 1616797565.99604]
[1616797563.2292333, 1616797565.943605]
[1616797563.2730775, 1616797565.9782321]
[1616797563.0716264, 1616797565.7878118]
[1616797563.2911098, 1616797565.9567335]
[1616797563.189569, 1616797565.921629]
[1616797563.1744325, 1616797565.9128602]
[1616797563.3674707, 1616797566.127061]
[1616797563.3986244, 1616797566.1126065]
[1616797563.552318, 1616797566.276737]
[1616797563.5053477, 1616797566.1624877]
[1616797563.4187458, 1616797566.1401339]
[1616797563.584214, 1616797566.2840123]
[1616797563.6072502, 1616797566.3514676]
[1616797563.7937582, 1616797566.4887455]
[1616797563.796912, 1616797566.4992926]
[1616797563.9286063, 1616797566.6468868]
[1616797563.7900984, 1616797566.5140786]
[1616797564.0184267, 1616797566.7321782]
[1616797563.711657, 1616797566.4563751]
[1616797564.058962, 1616797566.742542]
[1616797563.947743, 1616797566.6511292]
[1616797564.0419416, 1616797566.7428727]
[1616797564.0549273, 1616797566.8011403]
[1616797564.3121047, 1616797567.0002868]
[1616797564.3752992, 1616797567.0320992]
[1616797564.2954996, 1616797567.0012338]
[1616797564.3472767, 1616797567.0383666]
[1616797564.3381019, 1616797567.0562503]
[1616797564.3742206, 1616797567.0861506]
[1616797564.4202166, 1616797567.1305053]
[1616797564.421099, 1616797567.1438725]
[1616797564.7308867, 1616797567.4367292]
[1616797564.704416, 1616797567.4299376]
[1616797564.607145, 1616797567.2987247]
[1616797564.728234, 1616797567.470838]
[1616797564.8027556, 1616797567.5079389]
[1616797564.8102372, 1616797567.526645]
[1616797564.7040384, 1616797567.414021]
[1616797564.8687105, 1616797567.6251254]
[1616797564.960098, 1616797567.7262805]
[1616797564.805133, 1616797567.5385149]
[1616797564.8359919, 1616797567.51428]
[1616797564.9763486, 1616797567.684318]
[1616797564.995422, 1616797567.6890028]
[1616797565.2391515, 1616797567.987929]
[1616797565.1210291, 1616797567.8349724]
[1616797565.1783254, 1616797567.9232252]
[1616797565.2375727, 1616797567.9341094]
[1616797565.37285, 1616797568.0957448]
[1616797565.1846588, 1616797567.9087884]
[1616797565.445721, 1616797568.1581056]
[1616797565.4502852, 1616797568.1874888]
[1616797565.4886353, 1616797568.2172189]
[1616797565.5083668, 1616797568.2526028]
[1616797565.6021037, 1616797568.3518052]
[1616797565.5404327, 1616797568.2564616]
[1616797565.777525, 1616797568.5034006]
[1616797565.7514381, 1616797568.4590256]
[1616797565.784941, 1616797568.5049925]
[1616797565.9109788, 1616797568.6693115]
[1616797565.9309473, 1616797568.6696405]
[1616797565.794581, 1616797568.5063381]
[1616797566.0573115, 1616797568.763493]
[1616797565.9004269, 1616797568.6126902]
[1616797566.16937, 1616797568.828908]
[1616797565.8993876, 1616797568.5975683]
[1616797566.0473983, 1616797568.7958376]
[1616797566.3207474, 1616797569.0410302]
[1616797566.308504, 1616797569.0393443]
[1616797566.2185802, 1616797568.9498801]
[1616797566.3446312, 1616797569.0843637]
[1616797566.4140549, 1616797569.1355627]
[1616797566.6151776, 1616797569.3082168]
[1616797566.471236, 1616797569.2098546]
[1616797566.5407877, 1616797569.2805262]
[1616797566.5758102, 1616797569.2736669]
[1616797566.6285915, 1616797569.337352]
[1616797566.7629552, 1616797569.4632838]
[1616797566.65655, 1616797569.3682816]
[1616797566.7645783, 1616797569.449845]
[1616797566.7009811, 1616797569.4371693]
[1616797566.8951774, 1616797569.540211]
[1616797566.8573427, 1616797569.5797844]
[1616797566.8540254, 1616797569.6120002]
[1616797567.073382, 1616797569.8004196]
[1616797567.2512412, 1616797569.9477353]
[1616797567.1009436, 1616797569.8275506]
[1616797567.2202046, 1616797569.9353802]
[1616797567.212686, 1616797569.9360437]
[1616797567.3254037, 1616797569.9824367]
[1616797567.3627992, 1616797570.070866]
[1616797567.6078265, 1616797570.323758]
[1616797567.4027572, 1616797570.0939727]
[1616797567.3233783, 1616797569.9976428]
[1616797567.531772, 1616797570.214195]
[1616797567.625383, 1616797570.3090076]
[1616797567.688171, 1616797570.4107773]
[1616797567.637111, 1616797570.4025102]
[1616797567.6295283, 1616797570.3368306]
[1616797567.6925654, 1616797570.402143]
[1616797567.7179692, 1616797570.4014888]
[1616797568.0493093, 1616797570.7763023]
[1616797567.900558, 1616797570.5883713]
[1616797567.9892135, 1616797570.7309153]
[1616797567.8331084, 1616797570.620281]
[1616797568.1030383, 1616797570.8238354]
[1616797567.948559, 1616797570.6350243]
[1616797568.1150575, 1616797570.836911]
[1616797568.4026494, 1616797571.108622]
[1616797568.292012, 1616797570.9985843]
[1616797568.377972, 1616797571.0887523]
[1616797568.4011388, 1616797571.144246]
[1616797568.4825323, 1616797571.1799376]
[1616797568.5785282, 1616797571.2633579]
[1616797568.429026, 1616797571.1565516]
[1616797568.5863626, 1616797571.2888534]
[1616797568.6449602, 1616797571.3516195]
[1616797568.681048, 1616797571.4240239]
[1616797568.740508, 1616797571.4675834]
[1616797568.8460658, 1616797571.524979]
[1616797568.909606, 1616797571.638597]
[1616797568.9209747, 1616797571.6354184]
[1616797568.9477878, 1616797571.6711407]
[1616797568.8928268, 1616797571.6262336]
[1616797568.912435, 1616797571.6450756]
[1616797569.068918, 1616797571.8055491]
[1616797569.1055748, 1616797571.858375]
[1616797569.084658, 1616797571.7814813]
[1616797569.1261802, 1616797571.8225994]
[1616797569.1108506, 1616797571.8587825]
[1616797569.3663995, 1616797572.0663512]
[1616797569.3021388, 1616797572.0138307]
[1616797569.398996, 1616797572.1163845]
[1616797569.503464, 1616797572.176134]
[1616797569.3639624, 1616797572.0801487]
[1616797569.470986, 1616797572.1881294]
[1616797569.7493968, 1616797572.4962208]
[1616797569.554841, 1616797572.2169046]
[1616797569.8769293, 1616797572.6168478]
[1616797569.865174, 1616797572.5870411]
[1616797569.7626755, 1616797572.476174]
[1616797569.9306993, 1616797572.6465628]
[1616797569.8665695, 1616797572.5981562]
[1616797569.867489, 1616797572.5723255]
[1616797569.8885896, 1616797572.6225786]
[1616797570.067733, 1616797572.7393577]
[1616797569.8676, 1616797572.5823739]
[1616797570.035314, 1616797572.7240715]
[1616797570.059557, 1616797572.730431]
[1616797570.282479, 1616797572.9954875]
[1616797570.2210023, 1616797572.9147549]
[1616797570.1578584, 1616797572.8486767]
[1616797570.2087836, 1616797572.9079208]
[1616797570.2170565, 1616797572.9378414]
[1616797570.5626395, 1616797573.2517478]
[1616797570.433657, 1616797573.1627307]
[1616797570.3563902, 1616797573.0725515]
[1616797570.442088, 1616797573.1865478]
[1616797570.5829356, 1616797573.2909129]
[1616797570.5033514, 1616797573.2195697]
[1616797570.7605715, 1616797573.5036304]
[1616797570.8934786, 1616797573.6158993]
[1616797570.8280702, 1616797573.5465863]
[1616797570.662278, 1616797573.3468697]
[1616797571.1251516, 1616797573.827039]
[1616797571.0002158, 1616797573.6842794]
[1616797570.891766, 1616797573.6337714]
[1616797571.0587466, 1616797573.7761261]
[1616797570.9042983, 1616797573.6654837]
[1616797571.2293804, 1616797573.9395585]
[1616797571.412011, 1616797574.1178956]
[1616797571.3593044, 1616797574.0627024]
[1616797571.2483056, 1616797573.987936]
[1616797571.2930057, 1616797573.9912188]
[1616797571.432039, 1616797574.1571164]
[1616797571.5131812, 1616797574.2461736]
[1616797571.5956712, 1616797574.2464619]
[1616797571.6784189, 1616797574.381919]
[1616797571.6965022, 1616797574.432697]
[1616797571.5098917, 1616797574.2383285]
[1616797571.8709223, 1616797574.587049]
[1616797571.7951083, 1616797574.5020795]
[1616797571.9615028, 1616797574.7326834]
[1616797571.6630623, 1616797574.3758]
[1616797571.8356593, 1616797574.5353942]
[1616797572.0577173, 1616797574.7712505]
[1616797571.8430147, 1616797574.6113434]
[1616797572.3139305, 1616797575.0095098]
[1616797572.1836312, 1616797574.9023278]
[1616797572.1826692, 1616797574.8748894]
[1616797572.0855372, 1616797574.7880216]
[1616797572.232903, 1616797574.9280076]
[1616797572.4451435, 1616797575.1265838]
[1616797572.227724, 1616797574.889281]
[1616797572.3831942, 1616797575.107687]
[1616797572.3419657, 1616797575.0737343]
[1616797572.3261516, 1616797575.022325]
[1616797572.5285397, 1616797575.271397]
[1616797572.5526764, 1616797575.2756116]
[1616797572.6187522, 1616797575.3476079]
[1616797572.6786728, 1616797575.395098]
[1616797572.724521, 1616797575.4562836]
[1616797572.8136613, 1616797575.5040092]
[1616797572.9260871, 1616797575.618199]
[1616797572.6960728, 1616797575.3993323]
[1616797572.6939557, 1616797575.4170916]
[1616797572.6254358, 1616797575.361266]
[1616797573.0914702, 1616797575.8007603]
[1616797573.0483508, 1616797575.761726]
[1616797572.9096427, 1616797575.6049824]
[1616797573.0684896, 1616797575.7683187]
[1616797573.1783066, 1616797575.9011376]
[1616797573.1546175, 1616797575.7868085]
[1616797572.9861655, 1616797575.7169702]
[1616797573.32077, 1616797576.0388136]
[1616797573.4230537, 1616797576.0826433]
[1616797573.5216558, 1616797576.267235]
[1616797573.442719, 1616797576.1336315]
[1616797573.6378927, 1616797576.3663788]
[1616797573.5450535, 1616797576.2464585]
[1616797573.5737262, 1616797576.3262646]
[1616797573.6850882, 1616797576.3583348]
[1616797573.68323, 1616797576.4079745]
[1616797573.755025, 1616797576.450458]
[1616797573.889908, 1616797576.5942814]
[1616797573.6816182, 1616797576.4401362]
[1616797573.559587, 1616797576.277782]
[1616797573.9607265, 1616797576.6536477]
[1616797573.9441803, 1616797576.6464365]
[1616797573.9051013, 1616797576.6120412]
[1616797574.1461258, 1616797576.8663404]
[1616797574.0292711, 1616797576.7440286]
[1616797574.1023962, 1616797576.8149135]
[1616797574.1793735, 1616797576.973607]
[1616797574.2905073, 1616797576.940208]
[1616797574.407527, 1616797577.106181]
[1616797574.3288953, 1616797577.0691373]
[1616797574.5603473, 1616797577.280391]
[1616797574.4191127, 1616797577.1422372]
[1616797574.3590403, 1616797577.0737948]
[1616797574.4927285, 1616797577.2141206]
[1616797574.570156, 1616797577.2632053]
[1616797574.5928822, 1616797577.3193815]
[1616797574.4986677, 1616797577.1613607]
[1616797574.5589128, 1616797577.2664769]
[1616797574.4567544, 1616797577.246278]
[1616797574.818762, 1616797577.523384]
[1616797575.0765283, 1616797577.7655983]
[1616797574.8277137, 1616797577.5334187]
[1616797575.0028958, 1616797577.7180355]
[1616797574.9389172, 1616797577.6363099]
[1616797575.0518723, 1616797577.7557702]
[1616797575.0829334, 1616797577.8181171]
[1616797575.26332, 1616797577.939286]
[1616797575.1179123, 1616797577.8337634]
[1616797575.0911648, 1616797577.7554991]
[1616797575.2829976, 1616797578.012429]
[1616797575.350982, 1616797578.0938208]
[1616797575.4607778, 1616797578.16054]
[1616797575.4510841, 1616797578.1666622]
[1616797575.4327347, 1616797578.1615095]
[1616797575.6149812, 1616797578.307959]
[1616797575.5188518, 1616797578.201206]
[1616797575.5432985, 1616797578.2630239]
[1616797575.6231747, 1616797578.3693738]
[1616797575.7387948, 1616797578.459025]
[1616797575.6858351, 1616797578.4044695]
[1616797575.8907857, 1616797578.5867708]
[1616797575.7594378, 1616797578.5051274]
[1616797575.7097774, 1616797578.385846]
[1616797575.6749685, 1616797578.3677762]
[1616797575.9215028, 1616797578.6734562]
[1616797575.8845248, 1616797578.524207]
[1616797575.8827522, 1616797578.5894253]
[1616797576.0411518, 1616797578.7741446]
[1616797575.9599519, 1616797578.6678455]
[1616797576.3165164, 1616797579.057188]
[1616797576.3841927, 1616797579.1197011]
[1616797576.3636146, 1616797579.045951]
[1616797576.219791, 1616797578.899011]
[1616797576.1418316, 1616797578.846175]
[1616797576.2855897, 1616797579.0152035]
[1616797576.3286602, 1616797579.0404615]
[1616797576.4831178, 1616797579.2023232]
[1616797576.4923146, 1616797579.2524698]
[1616797576.5036304, 1616797579.2295775]
[1616797576.5168688, 1616797579.2822993]
[1616797576.6111243, 1616797579.329556]
[1616797576.5476265, 1616797579.2623541]
[1616797576.712368, 1616797579.419998]
[1616797576.8926618, 1616797579.6100917]
[1616797576.884866, 1616797579.602379]
[1616797576.905438, 1616797579.610296]
[1616797576.934406, 1616797579.6469853]
[1616797577.0272248, 1616797579.7151859]
[1616797577.2507536, 1616797579.967832]
[1616797577.1350148, 1616797579.850549]
[1616797577.135019, 1616797579.8560312]
[1616797577.2228076, 1616797579.9495437]
[1616797577.0274575, 1616797579.807483]
[1616797577.2367413, 1616797579.92985]
[1616797577.3374827, 1616797580.0689757]
[1616797577.0785038, 1616797579.7983418]
[1616797577.543387, 1616797580.2623782]
[1616797577.4444783, 1616797580.134396]
[1616797577.6037142, 1616797580.3015769]
[1616797577.5668917, 1616797580.2547562]
[1616797577.5452864, 1616797580.2396557]
[1616797577.7269042, 1616797580.4304972]
[1616797577.6290665, 1616797580.435273]
[1616797577.8278704, 1616797580.5767536]
[1616797577.887791, 1616797580.5697198]
[1616797577.8293872, 1616797580.527864]
[1616797577.7950542, 1616797580.4893095]
[1616797577.8294299, 1616797580.4839997]
[1616797577.6472783, 1616797580.3464117]
[1616797577.8630965, 1616797580.5993016]
[1616797577.8081, 1616797580.5140626]
[1616797577.996774, 1616797580.682231]
[1616797578.1820688, 1616797580.8829138]
[1616797578.0787742, 1616797580.797691]
[1616797578.314214, 1616797581.0013144]
[1616797578.0945427, 1616797580.8000367]
[1616797578.3766248, 1616797581.110607]
[1616797578.2563765, 1616797580.9439402]
[1616797578.4683392, 1616797581.1746993]
[1616797578.4157948, 1616797581.1400604]
[1616797578.6129622, 1616797581.3165216]
[1616797578.7684412, 1616797581.5084083]
[1616797578.9067745, 1616797581.6086233]
[1616797578.4612944, 1616797581.13654]
[1616797578.981366, 1616797581.7074556]
[1616797578.796333, 1616797581.4980547]
[1616797578.8895066, 1616797581.5773532]
[1616797578.9296458, 1616797581.6808455]
[1616797578.9017725, 1616797581.555314]
[1616797578.8036735, 1616797581.5011256]
[1616797578.7804728, 1616797581.49452]
[1616797578.9668357, 1616797581.6693861]
[1616797579.1597831, 1616797581.8860583]
[1616797579.3606174, 1616797582.0920203]
[1616797579.1976416, 1616797581.9427567]
[1616797579.332503, 1616797582.1166854]
[1616797579.5871782, 1616797582.2562172]
[1616797579.3623862, 1616797582.0669034]
[1616797579.4171758, 1616797582.1732087]
[1616797579.6714382, 1616797582.3683186]
[1616797579.5731971, 1616797582.2543988]
[1616797579.5008378, 1616797582.2239413]
[1616797579.6576707, 1616797582.3940718]
[1616797579.428009, 1616797582.1517987]
[1616797579.7297657, 1616797582.388032]
[1616797579.6665912, 1616797582.3753664]
[1616797579.7534547, 1616797582.4781122]
[1616797579.9617724, 1616797582.6789496]
[1616797579.8073702, 1616797582.5230744]
[1616797579.8603868, 1616797582.5681891]
[1616797579.999571, 1616797582.6982348]
[1616797579.9887347, 1616797582.7204428]
[1616797580.0587325, 1616797582.7610965]
[1616797580.0551653, 1616797582.8244448]
[1616797580.2267914, 1616797582.9259481]
[1616797580.0072618, 1616797582.727419]
[1616797580.5781517, 1616797583.275251]
[1616797580.5348918, 1616797583.2279344]
[1616797580.3545198, 1616797583.0528731]
[1616797580.3629966, 1616797583.0681129]
[1616797580.2895553, 1616797583.030698]
[1616797580.5471444, 1616797583.2285743]
[1616797580.586879, 1616797583.3137379]
[1616797580.6952157, 1616797583.388814]
[1616797580.5324798, 1616797583.2306395]
[1616797580.5330966, 1616797583.228907]
[1616797580.6363995, 1616797583.3349717]
[1616797580.616215, 1616797583.3422203]
[1616797580.7497263, 1616797583.461019]
[1616797580.882215, 1616797583.5884264]
[1616797580.8230236, 1616797583.5525436]
[1616797581.0251021, 1616797583.7158682]
[1616797580.8283057, 1616797583.5538294]
[1616797581.2420073, 1616797583.914828]
[1616797580.8390255, 1616797583.5242727]
[1616797581.0945218, 1616797583.7912807]
[1616797581.1548355, 1616797583.8856997]
[1616797581.1466823, 1616797583.858058]
[1616797581.1808274, 1616797583.908718]
[1616797581.4158049, 1616797584.1535013]
[1616797581.5022767, 1616797584.4127805]
[1616797581.5477347, 1616797584.2529964]
[1616797581.2437618, 1616797583.9328809]
[1616797581.6712189, 1616797584.3194778]
[1616797581.6215591, 1616797584.3009927]
[1616797581.527724, 1616797584.2593944]
[1616797581.449953, 1616797584.161537]
[1616797581.3811243, 1616797584.0810854]
[1616797581.819851, 1616797584.5541556]
[1616797581.61043, 1616797584.2846565]
[1616797581.8605595, 1616797584.5953126]
[1616797581.8320928, 1616797584.4966252]
[1616797581.7607055, 1616797584.472219]
[1616797581.882203, 1616797584.620473]
[1616797581.969594, 1616797584.6763172]
[1616797581.9480104, 1616797584.693637]
[1616797581.8389726, 1616797584.5309033]
[1616797582.1932387, 1616797584.9092984]
[1616797582.1248608, 1616797584.822843]
[1616797582.2310994, 1616797584.9459]
[1616797582.2000117, 1616797584.9294453]
[1616797582.191479, 1616797584.9680932]
[1616797582.1449485, 1616797584.860533]
[1616797582.3143506, 1616797584.9947832]
[1616797582.1212354, 1616797584.9065104]
[1616797582.4428868, 1616797585.1498108]
[1616797582.5482063, 1616797585.2779024]
[1616797582.3906941, 1616797585.0911465]
[1616797582.760945, 1616797585.4555206]
[1616797582.7306585, 1616797585.437686]
[1616797582.8470812, 1616797585.5885987]
[1616797582.6987786, 1616797585.4145505]
[1616797582.6009421, 1616797585.3442795]
[1616797582.7075772, 1616797585.4143474]
[1616797582.6829762, 1616797585.409525]
[1616797582.8828452, 1616797585.5449665]
[1616797582.9652655, 1616797585.6529922]
[1616797582.877303, 1616797585.5694592]
[1616797582.9093404, 1616797585.6105068]
[1616797583.035536, 1616797585.711924]
[1616797582.95207, 1616797585.641608]
[1616797583.2221136, 1616797585.9488149]
[1616797582.983475, 1616797585.6720135]
[1616797583.068523, 1616797585.7692764]
[1616797583.1786482, 1616797585.844263]
[1616797583.558309, 1616797586.298507]
[1616797583.5429559, 1616797586.259464]
[1616797583.279404, 1616797585.9704854]
[1616797583.4467022, 1616797586.1256106]
[1616797583.5706983, 1616797586.2715924]
[1616797583.4648395, 1616797586.1820948]
[1616797583.449641, 1616797586.1591985]
[1616797583.5167232, 1616797586.2302248]
[1616797584.0849702, 1616797586.7601037]
[1616797583.9212654, 1616797586.6119046]
[1616797583.6592777, 1616797586.3515387]
[1616797583.9377587, 1616797586.6851504]
[1616797583.874532, 1616797586.6010685]
[1616797583.8905377, 1616797586.5641017]
[1616797584.0404398, 1616797586.728492]
[1616797584.0820305, 1616797586.8463993]
[1616797584.1111457, 1616797586.8152022]
[1616797584.210659, 1616797586.9197233]
[1616797584.149305, 1616797586.8850331]
[1616797584.2574978, 1616797586.9829955]
[1616797584.4119473, 1616797587.1148028]
[1616797584.1463296, 1616797586.8748443]
[1616797584.276828, 1616797587.0034707]
[1616797584.5054717, 1616797587.1812992]
[1616797584.3589172, 1616797587.0136409]
[1616797584.3955424, 1616797587.0855548]
[1616797584.296774, 1616797586.9652915]
[1616797584.5937161, 1616797587.338439]
[1616797584.500894, 1616797587.2233207]
[1616797584.5013185, 1616797587.226839]
[1616797584.629807, 1616797587.347092]
[1616797584.8949656, 1616797587.611159]
[1616797584.6790082, 1616797587.396916]
[1616797584.7864358, 1616797587.5102665]
[1616797584.9917874, 1616797587.7550187]
[1616797584.7832434, 1616797587.5302901]
[1616797584.9713736, 1616797587.6925046]
[1616797585.087149, 1616797587.7702677]
[1616797584.8501613, 1616797587.584896]
[1616797585.1920466, 1616797587.8993695]
[1616797585.3502276, 1616797588.069321]
[1616797585.412884, 1616797588.177386]
[1616797585.3221722, 1616797588.0433886]
[1616797585.3591897, 1616797588.0921342]
[1616797585.3626432, 1616797588.067027]
[1616797585.4488754, 1616797588.1807365]
[1616797585.2900665, 1616797588.0010407]
[1616797585.5845757, 1616797588.283993]
[1616797585.523962, 1616797588.2205925]
[1616797585.7406156, 1616797588.4309611]
[1616797585.5713518, 1616797588.2313707]
[1616797585.6279914, 1616797588.3405762]
[1616797585.572582, 1616797588.29377]
[1616797586.0819197, 1616797588.7932434]
[1616797585.9366834, 1616797588.6254861]
[1616797585.8667624, 1616797588.580368]
[1616797585.9882925, 1616797588.6747718]
[1616797585.8812954, 1616797588.582871]
[1616797586.180521, 1616797588.8980927]
[1616797586.3638318, 1616797589.0701568]
[1616797586.2314935, 1616797588.92971]
[1616797586.2500024, 1616797588.99248]
[1616797586.3469431, 1616797589.0755749]
[1616797586.414168, 1616797589.0860522]
[1616797586.3467948, 1616797589.0685227]
[1616797586.3838747, 1616797589.085219]
[1616797586.5526483, 1616797589.2494352]
[1616797586.621024, 1616797589.2947714]
[1616797586.421841, 1616797589.1244524]
[1616797586.6475534, 1616797589.4007642]
[1616797586.634253, 1616797589.36325]
[1616797586.73996, 1616797589.4214916]
[1616797586.6342604, 1616797589.3124163]
[1616797586.8891516, 1616797589.6136081]
[1616797586.7681863, 1616797589.4561343]
[1616797586.7777712, 1616797589.4896793]
[1616797587.1674297, 1616797589.8725228]
[1616797586.8204513, 1616797589.5129745]
[1616797587.0016954, 1616797589.72742]
[1616797586.9202163, 1616797589.6330402]
[1616797587.0373116, 1616797589.6875298]
[1616797587.0549135, 1616797589.7556999]
[1616797587.1794133, 1616797589.8556814]
[1616797587.2432332, 1616797589.9651291]
[1616797587.2475448, 1616797589.9840999]
[1616797587.372998, 1616797590.1127315]
[1616797587.4080827, 1616797590.1491969]
[1616797587.3927453, 1616797590.141367]
[1616797587.4948518, 1616797590.2214134]
[1616797587.5194244, 1616797590.248113]
[1616797587.4712312, 1616797590.1323636]
[1616797587.5698934, 1616797590.3268034]
[1616797587.8085983, 1616797590.5715675]
[1616797587.4393566, 1616797590.1135142]
[1616797587.5949392, 1616797590.3049836]
[1616797587.8586404, 1616797590.578476]
[1616797587.80681, 1616797590.4983506]
[1616797587.863722, 1616797590.5759425]
[1616797587.8914793, 1616797590.6607127]
[1616797588.1017506, 1616797590.860346]
[1616797588.2342076, 1616797590.9406774]
[1616797588.2854562, 1616797590.9941728]
[1616797588.1851819, 1616797590.8828921]
[1616797588.019373, 1616797590.7382317]
[1616797588.0782812, 1616797590.7879536]
[1616797588.209571, 1616797590.9763663]
[1616797588.3690672, 1616797591.08226]
[1616797588.5906332, 1616797591.2965045]
[1616797588.2777398, 1616797590.9302278]
[1616797588.3744085, 1616797591.1179779]
[1616797588.5909066, 1616797591.2872677]
[1616797588.613347, 1616797591.3285742]
[1616797588.607175, 1616797591.3201694]
[1616797588.58271, 1616797591.300147]
[1616797588.550326, 1616797591.2354405]
[1616797588.770949, 1616797591.4566514]
[1616797588.8866706, 1616797591.602408]
[1616797588.9688406, 1616797591.6713388]
[1616797588.9451458, 1616797591.6456234]
[1616797589.0889893, 1616797591.7969935]
[1616797589.0002477, 1616797591.7086008]
[1616797589.11653, 1616797591.780115]
[1616797589.1500938, 1616797591.8480635]
[1616797589.2727158, 1616797591.9659188]
[1616797589.1425805, 1616797591.8212986]
[1616797589.6051934, 1616797592.3040214]
[1616797589.40697, 1616797592.1592207]
[1616797589.5097713, 1616797592.187085]
[1616797589.5071502, 1616797592.1788554]
[1616797589.3826118, 1616797592.1198027]
[1616797589.50601, 1616797592.22547]
[1616797589.7820706, 1616797592.5133405]
[1616797589.6348283, 1616797592.362107]
[1616797589.9877107, 1616797592.7180142]
[1616797589.8630319, 1616797592.518378]
[1616797589.9260435, 1616797592.6185753]
[1616797589.6540203, 1616797592.3711298]
[1616797589.852906, 1616797592.4954023]
[1616797589.9123247, 1616797592.6453416]
[1616797589.7959075, 1616797592.5020134]
[1616797590.0524857, 1616797592.7547958]
[1616797590.025317, 1616797592.7532408]
[1616797590.1888602, 1616797592.8612297]
[1616797590.0674007, 1616797592.7997515]
[1616797590.173899, 1616797592.9124968]
[1616797590.1771066, 1616797592.9506514]
[1616797590.0301998, 1616797592.6905122]
[1616797590.3258758, 1616797593.0347543]
[1616797590.5193102, 1616797593.2278745]
[1616797590.3269322, 1616797593.0533693]
[1616797590.5519373, 1616797593.2637377]
[1616797590.7179475, 1616797593.4995942]
[1616797590.4836178, 1616797593.2369142]
[1616797590.58846, 1616797593.3012302]
[1616797590.6991262, 1616797593.402959]
[1616797590.8347478, 1616797593.542995]
[1616797590.6986463, 1616797593.4282446]
[1616797591.0288568, 1616797593.7342436]
[1616797590.942852, 1616797593.6535819]
[1616797590.9385822, 1616797593.5779939]
[1616797591.2046905, 1616797593.9502223]
[1616797591.266204, 1616797593.958795]
[1616797591.272872, 1616797593.9668221]
[1616797590.8537343, 1616797593.5516703]
[1616797591.4052756, 1616797594.107688]
[1616797591.317916, 1616797594.0295322]
[1616797591.203227, 1616797593.923751]
[1616797591.1967797, 1616797593.9140794]
[1616797591.445741, 1616797594.153145]
[1616797591.5071912, 1616797594.1865263]
[1616797591.6215124, 1616797594.3591633]
[1616797591.5447407, 1616797594.243592]
[1616797591.3905532, 1616797594.1036444]
[1616797591.6732414, 1616797594.3649318]
[1616797591.6990147, 1616797594.4028254]
[1616797591.6549978, 1616797594.3690095]
[1616797591.6532366, 1616797594.354965]
[1616797591.6335695, 1616797594.3031614]
[1616797592.1150038, 1616797594.8176432]
[1616797592.0980682, 1616797594.7958083]
[1616797592.3463655, 1616797595.0448272]
[1616797591.603716, 1616797594.335132]
[1616797591.8914902, 1616797594.5909753]
[1616797592.1872475, 1616797594.8774917]
[1616797592.1621766, 1616797594.8784983]
[1616797592.119541, 1616797594.8564293]
[1616797592.176694, 1616797594.9285028]
[1616797592.1986616, 1616797594.882826]
[1616797592.5266418, 1616797595.1972735]
[1616797592.2419133, 1616797594.9752953]
[1616797592.3693485, 1616797595.093078]
[1616797592.4002867, 1616797595.1121917]
[1616797592.4927754, 1616797595.2092445]
[1616797592.7492495, 1616797595.4745376]
[1616797592.4612885, 1616797595.1507158]
[1616797592.6291351, 1616797595.3156338]
[1616797592.7045214, 1616797595.364467]
[1616797592.842349, 1616797595.5956507]
[1616797592.6623468, 1616797595.3657272]
[1616797592.8317232, 1616797595.5362349]
[1616797592.8228054, 1616797595.5705843]
[1616797592.8854144, 1616797595.5692718]
[1616797593.171346, 1616797595.8852122]
[1616797593.2318928, 1616797595.9575446]
[1616797593.2148454, 1616797595.9492831]
[1616797593.2909908, 1616797595.9850197]
[1616797593.1760488, 1616797595.885547]
[1616797593.3967626, 1616797596.144847]
[1616797593.3327458, 1616797596.0561702]
[1616797593.2838497, 1616797596.0259738]
[1616797593.520799, 1616797596.2783425]
[1616797593.4855385, 1616797596.226437]
[1616797593.2760515, 1616797596.0354195]
[1616797593.5502322, 1616797596.2942197]
[1616797593.5495586, 1616797596.2577662]
[1616797593.603058, 1616797596.2526433]
[1616797593.5299308, 1616797596.225859]
[1616797593.8105109, 1616797596.4366996]
[1616797593.6377172, 1616797596.3520334]
[1616797593.8882954, 1616797596.610568]
[1616797593.7978241, 1616797596.4902554]
[1616797593.8201816, 1616797596.5147176]
[1616797593.7505279, 1616797596.4524803]
[1616797593.8491704, 1616797596.5815392]
[1616797594.1126254, 1616797596.8253524]
[1616797593.9611638, 1616797596.7123632]
[1616797594.1839185, 1616797596.8963423]
[1616797594.1053393, 1616797596.802891]
[1616797594.2206397, 1616797596.9035537]
[1616797594.273893, 1616797596.9753177]
[1616797594.3074853, 1616797596.9824173]
[1616797594.4249513, 1616797597.1622915]
[1616797594.1067498, 1616797596.8161325]
[1616797594.5309536, 1616797597.2630415]
[1616797594.5121822, 1616797597.1996398]
[1616797594.5211205, 1616797597.2295387]
[1616797594.579878, 1616797597.2654834]
[1616797594.4640815, 1616797597.1858792]
[1616797594.3078618, 1616797597.0261192]
[1616797594.6387024, 1616797597.3321407]
[1616797594.514618, 1616797597.2388515]
[1616797594.724889, 1616797597.4270103]
[1616797594.691893, 1616797597.4059343]
[1616797594.7014656, 1616797597.4196692]
[1616797594.7815576, 1616797597.469192]
[1616797594.8356073, 1616797597.5441616]
[1616797594.8318164, 1616797597.50768]
[1616797594.9737053, 1616797597.736274]
[1616797595.149784, 1616797597.8905773]
[1616797595.2705402, 1616797597.9446182]
[1616797595.1847458, 1616797597.8802624]
[1616797595.1273913, 1616797597.8392081]
[1616797595.2484624, 1616797597.9533494]
[1616797595.417838, 1616797598.0857167]
[1616797595.6014845, 1616797598.2877645]
[1616797595.3623497, 1616797598.0563807]
[1616797595.4465914, 1616797598.1557143]
[1616797595.3719165, 1616797598.0759084]
[1616797595.5400245, 1616797598.2582712]
[1616797595.6004708, 1616797598.2935548]
[1616797595.6269045, 1616797598.3588793]
[1616797595.5821092, 1616797598.3088367]
[1616797595.5082774, 1616797598.23714]
[1616797595.8660874, 1616797598.569888]
[1616797595.7761421, 1616797598.4739034]
[1616797595.8033397, 1616797598.5348234]
[1616797595.9012156, 1616797598.6227167]
[1616797595.8076828, 1616797598.5045369]
[1616797596.1167097, 1616797598.8392892]
[1616797595.9831376, 1616797598.709132]
[1616797595.9406254, 1616797598.6792228]
[1616797595.9916654, 1616797598.66757]
[1616797596.0937674, 1616797598.813219]
[1616797596.1773872, 1616797598.922934]
[1616797595.9993222, 1616797598.7514613]
[1616797596.311458, 1616797599.0366068]
[1616797596.2469366, 1616797598.9639938]
[1616797596.238646, 1616797598.9817545]
[1616797596.4560187, 1616797599.1191094]
[1616797596.5021074, 1616797599.25545]
[1616797596.2602742, 1616797598.9123464]
[1616797596.5569816, 1616797599.2578847]
[1616797596.9401352, 1616797599.6307762]
[1616797596.5670938, 1616797599.281468]
[1616797596.781902, 1616797599.5375326]
[1616797596.8848176, 1616797599.598882]
[1616797596.7822955, 1616797599.5062485]
[1616797597.0322707, 1616797599.7442687]
[1616797597.0378342, 1616797599.7438285]
[1616797597.0036218, 1616797599.6652865]
[1616797596.7168622, 1616797599.4288218]
[1616797596.8597975, 1616797599.6237352]
[1616797597.0297043, 1616797599.7358327]
[1616797597.3934166, 1616797600.1104763]
[1616797597.048731, 1616797599.7793496]
[1616797597.4989808, 1616797600.188045]
[1616797597.3581161, 1616797600.0404193]
[1616797597.342805, 1616797600.0194013]
[1616797597.594426, 1616797600.3000965]
[1616797597.5563157, 1616797600.2634919]
[1616797597.6124353, 1616797600.3283372]
[1616797597.7649434, 1616797600.5126543]
[1616797597.3650258, 1616797600.0892355]
[1616797597.8103945, 1616797600.5325592]
[1616797597.6299355, 1616797600.3615983]
[1616797597.5720954, 1616797600.2689362]
[1616797597.6616266, 1616797600.3633983]
[1616797597.7041254, 1616797600.4142048]
[1616797597.667063, 1616797600.3859725]
[1616797597.8444672, 1616797600.5541277]
[1616797597.9211946, 1616797600.6542366]
[1616797597.8357177, 1616797600.592089]
[1616797597.9897056, 1616797600.736412]
[1616797597.737151, 1616797600.4583166]
[1616797598.1783428, 1616797600.8677673]
[1616797598.3143187, 1616797601.0425224]
[1616797598.103662, 1616797600.7810922]
[1616797598.0619712, 1616797600.7635238]
[1616797598.6011522, 1616797601.3373466]
[1616797598.1771445, 1616797600.8854034]
[1616797598.1582131, 1616797600.8660502]
[1616797598.421507, 1616797601.145802]
[1616797598.6266754, 1616797601.3187988]
[1616797598.4267507, 1616797601.11936]
[1616797598.7046669, 1616797601.4225397]
[1616797598.7943375, 1616797601.544135]
[1616797598.8449466, 1616797601.572135]
[1616797598.5830865, 1616797601.3302023]
[1616797598.9047868, 1616797601.614648]
[1616797598.788283, 1616797601.5322664]
[1616797598.8214307, 1616797601.5440161]
[1616797598.811072, 1616797601.5027063]
[1616797598.8954122, 1616797601.6423564]
[1616797598.9588697, 1616797601.7018094]
[1616797599.1343076, 1616797601.8254366]
[1616797598.9983852, 1616797601.7230196]
[1616797599.0521834, 1616797601.7754533]
[1616797599.2020357, 1616797601.8945463]
[1616797599.0952938, 1616797601.8100736]
[1616797599.137928, 1616797601.8213084]
[1616797599.5405807, 1616797602.2696831]
[1616797599.394481, 1616797602.0970902]
[1616797599.5314183, 1616797602.2355318]
[1616797599.5244844, 1616797602.2449174]
[1616797599.500357, 1616797602.215285]
[1616797599.496396, 1616797602.2088408]
[1616797599.5574005, 1616797602.3085642]
[1616797599.7512348, 1616797602.4743218]
[1616797599.6417305, 1616797602.3390832]
[1616797599.6206176, 1616797602.3300872]
[1616797599.8151062, 1616797602.5120564]
[1616797599.8108838, 1616797602.506163]
[1616797600.0510314, 1616797602.728696]
[1616797599.9646192, 1616797602.6667886]
[1616797599.810455, 1616797602.5325432]
[1616797600.1500704, 1616797602.8646088]
[1616797600.1630056, 1616797602.926001]
[1616797600.4139771, 1616797603.1111825]
[1616797600.3603654, 1616797603.0669842]
[1616797600.3854065, 1616797603.0999305]
[1616797600.2311027, 1616797602.909794]
[1616797600.2518888, 1616797602.9746203]
[1616797600.3388567, 1616797603.0977936]
[1616797600.208021, 1616797602.8982453]
[1616797600.6103365, 1616797603.3760266]
[1616797600.4436631, 1616797603.2011876]
[1616797600.4649973, 1616797603.1932485]
[1616797600.5356019, 1616797603.3067205]
[1616797600.6494257, 1616797603.3621204]
[1616797600.4829245, 1616797603.1990433]
[1616797600.6748416, 1616797603.4090972]
[1616797600.552643, 1616797603.2866685]
[1616797600.861529, 1616797603.5694628]
[1616797600.7726054, 1616797603.4780195]
[1616797600.8244038, 1616797603.5136642]
[1616797601.0090933, 1616797603.7204003]
[1616797600.8906944, 1616797603.5903223]
[1616797601.0682673, 1616797603.8033328]
[1616797601.2347758, 1616797603.9400132]
[1616797601.263995, 1616797603.9840598]
[1616797601.2325432, 1616797603.934422]
[1616797601.2226956, 1616797604.00208]
[1616797601.4443758, 1616797604.1745374]
[1616797601.4143949, 1616797604.1406267]
[1616797601.495441, 1616797604.2107787]
[1616797601.4231868, 1616797604.1530118]
[1616797601.9338503, 1616797604.6254318]
[1616797601.5312765, 1616797604.210504]
[1616797601.8386114, 1616797604.5361176]
[1616797601.8151288, 1616797604.537511]
[1616797601.555475, 1616797604.3096206]
[1616797601.9716756, 1616797604.6849544]
[1616797601.9063911, 1616797604.6053157]
[1616797601.800799, 1616797604.5294626]
[1616797602.0983193, 1616797604.828774]
[1616797601.7732677, 1616797604.5119653]
[1616797602.070946, 1616797604.8189793]
[1616797601.9558551, 1616797604.6963212]
[1616797602.022037, 1616797604.7299535]
[1616797602.1173596, 1616797604.8412864]
[1616797602.253201, 1616797604.9745836]
[1616797602.151482, 1616797604.8887534]
[1616797602.2017744, 1616797604.9336917]
[1616797602.3614607, 1616797605.0508728]
[1616797602.1464412, 1616797604.9463603]
[1616797602.4413848, 1616797605.1988242]
[1616797602.4258466, 1616797605.1441166]
[1616797602.7305498, 1616797605.4368443]
[1616797602.6357806, 1616797605.3725536]
[1616797602.7307246, 1616797605.4166648]
[1616797602.7773929, 1616797605.472708]
[1616797602.7398868, 1616797605.4553256]
[1616797602.9423075, 1616797605.6827354]
[1616797602.869642, 1616797605.5868478]
[1616797602.8218718, 1616797605.54246]
[1616797602.8908844, 1616797605.6130283]
[1616797602.894173, 1616797605.631131]
[1616797602.976891, 1616797605.6829927]
[1616797603.0049865, 1616797605.7375674]
[1616797603.1696014, 1616797605.8654237]
[1616797603.0426407, 1616797605.740173]
[1616797603.0580158, 1616797605.7793293]
[1616797603.371193, 1616797606.113832]
[1616797603.421873, 1616797606.1748068]
[1616797603.299167, 1616797606.0189722]
[1616797603.3484437, 1616797606.0821352]
[1616797603.213918, 1616797605.9198122]
[1616797603.2067595, 1616797605.9168699]
[1616797603.3615932, 1616797606.0838225]
[1616797603.4942384, 1616797606.2004855]
[1616797603.609696, 1616797606.301568]
[1616797603.6125982, 1616797606.314405]
[1616797603.7791991, 1616797606.48801]
[1616797603.4565008, 1616797606.2172205]
[1616797603.5496032, 1616797606.2416337]
[1616797603.6882231, 1616797606.40828]
[1616797603.7841282, 1616797606.4997828]
[1616797604.0213754, 1616797606.7146757]
[1616797603.974863, 1616797606.7036693]
[1616797603.9432163, 1616797606.6503463]
[1616797604.0217946, 1616797606.75008]
[1616797604.061825, 1616797606.7755468]
[1616797604.3208213, 1616797607.0775506]
[1616797604.3490875, 1616797607.057312]
[1616797604.1928427, 1616797606.9319875]
[1616797604.2583046, 1616797606.9690938]
[1616797604.4540398, 1616797607.1701787]
[1616797604.4768195, 1616797607.185159]
[1616797604.8105772, 1616797607.5779064]
[1616797604.4472702, 1616797607.1900094]
[1616797604.522582, 1616797607.2534447]
[1616797604.7518237, 1616797607.4550085]
[1616797604.6942487, 1616797607.4237072]
[1616797604.9271464, 1616797607.62239]
[1616797604.8768682, 1616797607.5900376]
[1616797604.966687, 1616797607.7694514]
[1616797604.9056492, 1616797607.6560826]
[1616797604.9247062, 1616797607.6109245]
[1616797604.914981, 1616797607.6354666]
[1616797604.9929957, 1616797607.711213]
[1616797604.8676708, 1616797607.5791845]
[1616797605.0452561, 1616797607.775275]
[1616797605.0769448, 1616797607.7727063]
[1616797605.0576127, 1616797607.774332]
[1616797605.0666423, 1616797607.784692]
[1616797605.4357817, 1616797608.130869]
[1616797605.2972732, 1616797608.0505002]
[1616797605.4105773, 1616797608.1321378]
[1616797605.3900979, 1616797608.1092472]
[1616797605.3701775, 1616797608.0835845]
[1616797605.6463594, 1616797608.3663821]
[1616797605.5143561, 1616797608.1769128]
[1616797605.671683, 1616797608.4013445]
[1616797605.9705753, 1616797608.7074785]
[1616797605.924997, 1616797608.6220999]
[1616797606.0823605, 1616797608.845207]
[1616797605.9130175, 1616797608.616138]
[1616797605.854754, 1616797608.5405781]
[1616797605.8036127, 1616797608.5138373]
[1616797605.9868054, 1616797608.6745028]
[1616797605.8696346, 1616797608.5968072]
[1616797605.9814594, 1616797608.7243567]
[1616797606.1849117, 1616797608.9179428]
[1616797606.074232, 1616797608.7878466]
[1616797606.1522074, 1616797608.9468944]
[1616797606.2672312, 1616797608.951385]
[1616797606.1720524, 1616797608.9017234]
[1616797606.3045092, 1616797609.008003]
[1616797606.279043, 1616797609.043641]
[1616797606.5351913, 1616797609.2640584]
[1616797606.6210098, 1616797609.3392327]
[1616797606.4844937, 1616797609.180416]
[1616797606.4571447, 1616797609.1675186]
[1616797606.5947046, 1616797609.291175]
[1616797606.6042886, 1616797609.2952883]
[1616797606.6098645, 1616797609.3508773]
[1616797606.9055736, 1616797609.627894]
[1616797606.746812, 1616797609.4196355]
[1616797606.9551404, 1616797609.6583729]
[1616797606.8017344, 1616797609.5206668]
[1616797606.9834378, 1616797609.6861384]
[1616797607.0603154, 1616797609.7506106]
[1616797606.952597, 1616797609.6741168]
[1616797607.0168614, 1616797609.7109253]
[1616797607.0331147, 1616797609.7413166]
[1616797607.062575, 1616797609.7715056]
[1616797607.2377727, 1616797609.939642]
[1616797607.2287095, 1616797609.9562201]
[1616797607.1662035, 1616797609.888764]
[1616797607.1843045, 1616797609.9090872]
[1616797607.2749808, 1616797610.0318816]
[1616797607.3460152, 1616797610.0563183]
[1616797607.5354078, 1616797610.2299278]
[1616797607.6027155, 1616797610.323633]
[1616797607.403428, 1616797610.1029918]
[1616797607.628445, 1616797610.321056]
[1616797607.873105, 1616797610.604448]
[1616797607.7406266, 1616797610.4645858]
[1616797607.6959872, 1616797610.406025]
[1616797607.7125413, 1616797610.4244478]
[1616797607.7170713, 1616797610.4575171]
[1616797607.9792352, 1616797610.6707425]
[1616797607.8684618, 1616797610.5688283]
[1616797607.9922733, 1616797610.7342417]
[1616797607.9521499, 1616797610.638236]
[1616797608.077888, 1616797610.825214]
[1616797608.225292, 1616797610.8978488]
[1616797608.2920036, 1616797611.0125504]
[1616797608.3237553, 1616797610.9946015]
[1616797608.4930189, 1616797611.205009]
[1616797608.3538811, 1616797611.0744264]
[1616797608.5149875, 1616797611.2075624]
[1616797608.4894373, 1616797611.2507353]
[1616797608.3541725, 1616797611.0667388]
[1616797608.5837133, 1616797611.3340197]
[1616797608.5324323, 1616797611.2444031]
[1616797608.609583, 1616797611.333391]
[1616797608.57259, 1616797611.2690322]
[1616797609.0104647, 1616797611.734105]
[1616797609.1751804, 1616797611.892887]
[1616797609.1553013, 1616797611.8663638]
[1616797608.931699, 1616797611.6627798]
[1616797609.11738, 1616797611.8845317]
[1616797608.9524617, 1616797611.6722503]
[1616797608.877225, 1616797611.5926015]
[1616797609.0043104, 1616797611.656195]
[1616797609.1454508, 1616797611.819345]
[1616797608.9499974, 1616797611.6711898]
[1616797609.1664374, 1616797611.8594365]
[1616797609.1455805, 1616797611.8605688]
[1616797609.2090569, 1616797611.9054036]
[1616797609.1387448, 1616797611.908928]
[1616797609.1264076, 1616797611.8401625]
[1616797609.5666225, 1616797612.2787192]
[1616797609.7731013, 1616797612.488048]
[1616797609.6562731, 1616797612.3894942]
[1616797609.7143598, 1616797612.4205341]
[1616797609.472731, 1616797612.1726248]
[1616797609.5478482, 1616797612.2835174]
[1616797609.578896, 1616797612.2590506]
[1616797609.5229194, 1616797612.2941206]
[1616797609.8126616, 1616797612.528275]
[1616797609.8286927, 1616797612.5215564]
[1616797609.6847157, 1616797612.4219627]
[1616797609.959765, 1616797612.6499178]
[1616797610.1186063, 1616797612.8278377]
[1616797610.2666268, 1616797613.0302272]
[1616797610.4739907, 1616797613.194846]
[1616797610.0678484, 1616797612.7710936]
[1616797609.9369621, 1616797612.652962]
[1616797610.1680162, 1616797612.9277291]
[1616797610.3031461, 1616797613.0365002]
[1616797610.2394123, 1616797612.9330938]
[1616797610.3282351, 1616797613.0150092]
[1616797610.7128263, 1616797613.395276]
[1616797610.428289, 1616797613.1638982]
[1616797610.636776, 1616797613.3576055]
[1616797610.5833635, 1616797613.3035176]
[1616797610.7132077, 1616797613.3966298]
[1616797610.7810757, 1616797613.4465392]
[1616797610.741074, 1616797613.51268]
[1616797610.7133691, 1616797613.4257536]
[1616797610.9875355, 1616797613.685539]
[1616797610.9700823, 1616797613.6334393]
[1616797610.879269, 1616797613.5988574]
[1616797610.8333502, 1616797613.579596]
[1616797610.8990884, 1616797613.5887933]
[1616797610.9864533, 1616797613.6923184]
[1616797611.2783654, 1616797613.9667954]
[1616797611.0984473, 1616797613.8114362]
[1616797611.3285604, 1616797614.0386498]
[1616797611.3930168, 1616797614.0871332]
[1616797611.376583, 1616797614.103262]
[1616797611.4378557, 1616797614.1574302]
[1616797611.3400438, 1616797614.0965896]
[1616797611.6895657, 1616797614.4112482]
[1616797611.429013, 1616797614.134939]
[1616797611.5256956, 1616797614.2275612]
[1616797611.624428, 1616797614.3656836]
[1616797611.6703367, 1616797614.4081664]
[1616797611.6880746, 1616797614.423659]
[1616797611.763411, 1616797614.4721825]
[1616797611.8718846, 1616797614.5554786]
[1616797611.589559, 1616797614.3251917]
[1616797611.8344376, 1616797614.5045729]
[1616797612.04603, 1616797614.7562747]
[1616797612.0346715, 1616797614.7698867]
[1616797612.0871518, 1616797614.8045137]
[1616797612.166825, 1616797614.866628]
[1616797612.0357718, 1616797614.7324424]
[1616797612.0572183, 1616797614.8244781]
[1616797612.1301975, 1616797614.8186736]
[1616797612.2624378, 1616797614.9400702]
[1616797612.3192804, 1616797615.0577977]
[1616797612.1887612, 1616797614.8854089]
[1616797612.3110723, 1616797615.0598755]
[1616797612.430611, 1616797615.1377995]
[1616797612.4670224, 1616797615.2082503]
[1616797612.4633756, 1616797615.1824203]
[1616797612.5537837, 1616797615.268627]
[1616797612.9747486, 1616797615.7003136]
[1616797612.589836, 1616797615.3102121]
[1616797612.6468205, 1616797615.3300188]
[1616797612.9641824, 1616797615.6525128]
[1616797612.9413826, 1616797615.6375227]
[1616797612.847101, 1616797615.5536115]
[1616797612.7551284, 1616797615.4743767]
[1616797612.8952932, 1616797615.5999036]
[1616797613.3508925, 1616797616.0375738]
[1616797612.958971, 1616797615.686788]
[1616797613.0937293, 1616797615.8463888]
[1616797613.3089678, 1616797616.023749]
[1616797613.1413994, 1616797615.8692615]
[1616797613.229409, 1616797615.9609532]
[1616797613.1753843, 1616797615.8821383]
[1616797613.409906, 1616797616.1007032]
[1616797613.558701, 1616797616.3184798]
[1616797613.459373, 1616797616.1438413]
[1616797613.654259, 1616797616.31637]
[1616797613.4276526, 1616797616.1056037]
[1616797613.7455895, 1616797616.4690204]
[1616797613.6973464, 1616797616.3974278]
[1616797613.561915, 1616797616.2949064]
[1616797613.9081743, 1616797616.6380153]
[1616797613.7429087, 1616797616.4618762]
[1616797614.0864792, 1616797616.7747116]
[1616797614.2271795, 1616797616.9545274]
[1616797613.87143, 1616797616.5929725]
[1616797613.8936563, 1616797616.5889447]
[1616797614.2568033, 1616797616.9767468]
[1616797613.8998475, 1616797616.9166102]
[1616797614.2710216, 1616797617.0099401]
[1616797614.163935, 1616797616.90813]
[1616797614.3128304, 1616797617.0578651]
[1616797614.2102556, 1616797616.9138815]
[1616797614.0435846, 1616797616.7667649]
[1616797614.3192942, 1616797617.0044012]
[1616797614.7180252, 1616797617.4095407]
[1616797614.7245255, 1616797617.4450688]
[1616797614.8424206, 1616797617.6198654]
[1616797614.827765, 1616797617.5155356]
[1616797614.7926383, 1616797617.5411942]
[1616797615.1017807, 1616797617.8872352]
[1616797614.8885345, 1616797617.588321]
[1616797614.6887527, 1616797617.3778474]
[1616797614.9825292, 1616797617.6376145]
[1616797614.8911092, 1616797617.5925708]
[1616797614.9950836, 1616797617.7011855]
[1616797614.846254, 1616797617.5560021]
[1616797614.8933058, 1616797617.604801]
[1616797614.939134, 1616797617.6270885]
[1616797614.998063, 1616797617.7375963]
[1616797615.0890262, 1616797617.8464873]
[1616797615.3489213, 1616797618.0398085]
[1616797615.2341194, 1616797617.9668489]
[1616797615.130974, 1616797617.8780541]
[1616797615.4509063, 1616797618.1857882]
[1616797615.363273, 1616797618.057784]
[1616797615.372551, 1616797618.0734854]
[1616797615.2458942, 1616797617.9508815]
[1616797615.390169, 1616797618.104777]
[1616797615.5447576, 1616797618.2617714]
[1616797615.645531, 1616797618.42568]
[1616797615.5020297, 1616797618.211723]
[1616797615.8682435, 1616797618.6051333]
[1616797615.757873, 1616797618.466153]
[1616797615.8191407, 1616797618.5580397]
[1616797615.929393, 1616797618.6300416]
[1616797615.9516077, 1616797618.694992]
[1616797615.9731529, 1616797618.6991992]
[1616797616.0970132, 1616797618.7922688]
[1616797615.9986947, 1616797618.68667]
[1616797616.0457652, 1616797618.7287583]
[1616797616.0708554, 1616797618.7710512]
[1616797616.2454455, 1616797618.9351277]
[1616797616.196104, 1616797618.8920267]
[1616797616.1887057, 1616797618.8747072]
[1616797616.4683905, 1616797619.212291]
[1616797616.465007, 1616797619.1357017]
[1616797616.4536676, 1616797619.1988263]
[1616797616.4280963, 1616797619.139706]
[1616797616.6242657, 1616797619.3745477]
[1616797616.534403, 1616797619.2574933]
[1616797616.792331, 1616797619.474821]
[1616797616.4834485, 1616797619.2021008]
[1616797616.7103567, 1616797619.4026773]
[1616797616.7914925, 1616797619.476376]
[1616797616.7062533, 1616797619.4246445]
[1616797616.875924, 1616797619.578538]
[1616797617.0630345, 1616797619.77044]
[1616797617.0067225, 1616797619.7064948]
[1616797617.2392945, 1616797619.9185953]
[1616797616.9287322, 1616797619.7253451]
[1616797617.0660717, 1616797619.7283647]
[1616797617.2093914, 1616797619.9242647]
[1616797617.0975153, 1616797619.8135428]
[1616797617.0556655, 1616797619.80318]
[1616797617.314346, 1616797620.028245]
[1616797617.208337, 1616797619.9190037]
[1616797617.4935915, 1616797620.1975222]
[1616797617.2746396, 1616797619.993153]
[1616797617.4625084, 1616797620.1874707]
[1616797617.4353676, 1616797620.1164992]
[1616797617.929732, 1616797620.6613936]
[1616797617.7743318, 1616797620.603103]
[1616797617.8043556, 1616797620.4749105]
[1616797617.8126314, 1616797620.50418]
[1616797617.571215, 1616797620.2862623]
[1616797618.0502512, 1616797620.733721]
[1616797617.7247639, 1616797620.4431539]
[1616797617.8435898, 1616797620.5506825]
[1616797618.296168, 1616797621.018851]
[1616797618.0948393, 1616797620.791412]
[1616797617.842285, 1616797620.5989058]
[1616797618.184482, 1616797620.908858]
[1616797618.2613726, 1616797620.9813235]
[1616797618.0836911, 1616797620.803628]
[1616797618.246897, 1616797620.9593058]
[1616797618.3625789, 1616797621.0933428]
[1616797618.2943988, 1616797621.0165534]
[1616797618.4371834, 1616797621.139522]
[1616797618.5521295, 1616797621.2830586]
[1616797619.0561705, 1616797621.7439275]
[1616797618.8601546, 1616797621.544202]
[1616797619.084355, 1616797621.8106873]
[1616797618.4767025, 1616797621.2109668]
[1616797618.5507348, 1616797621.2903914]
[1616797618.5602536, 1616797621.249491]
[1616797618.797865, 1616797621.5006802]
[1616797618.7281933, 1616797621.4460878]
[1616797619.0653052, 1616797621.753578]
[1616797618.8547382, 1616797621.588001]
[1616797618.974511, 1616797621.658551]
[1616797619.2584252, 1616797621.9785619]
[1616797619.1689298, 1616797621.888216]
[1616797619.3794873, 1616797622.0873842]
[1616797619.2398453, 1616797621.9598706]
[1616797619.4923797, 1616797622.1746354]
[1616797619.380503, 1616797622.0943756]
[1616797619.698389, 1616797622.4065652]
[1616797619.7006373, 1616797622.3989892]
[1616797619.4277608, 1616797622.1282048]
[1616797619.7565215, 1616797622.5220537]
[1616797619.5177813, 1616797622.2406418]
[1616797619.5903692, 1616797622.2974567]
[1616797619.4066424, 1616797622.1571195]
[1616797619.6484714, 1616797622.3739595]
[1616797619.8136985, 1616797622.559509]
[1616797619.875388, 1616797622.5822952]
[1616797619.8438606, 1616797622.5511072]
[1616797619.7510111, 1616797622.414009]
[1616797619.8579922, 1616797622.556504]
[1616797620.0264673, 1616797622.7517664]
[1616797619.8271794, 1616797622.5524178]
[1616797620.4025145, 1616797623.1151345]
[1616797619.926178, 1616797622.6448104]
[1616797620.1151073, 1616797622.7795632]
[1616797619.9864547, 1616797622.7311585]
[1616797619.9072802, 1616797622.6532702]
[1616797620.2211626, 1616797622.9331412]
[1616797620.107078, 1616797622.828205]
[1616797620.2388294, 1616797622.926915]
[1616797620.2727966, 1616797623.020228]
[1616797620.2261207, 1616797622.9429095]
[1616797620.6301603, 1616797623.3467777]
[1616797620.63118, 1616797623.3900447]
[1616797620.9070935, 1616797623.6288586]
[1616797620.3755527, 1616797623.0940967]
[1616797620.7849915, 1616797623.5265584]
[1616797620.597071, 1616797623.3060205]
[1616797620.6669414, 1616797623.3313475]
[1616797620.7744734, 1616797623.4938405]
[1616797620.8077962, 1616797623.5217514]
[1616797620.7843978, 1616797623.5001097]
[1616797620.6606584, 1616797623.3638544]
[1616797620.7697835, 1616797623.463255]
[1616797620.9531872, 1616797623.6733987]
[1616797620.9948928, 1616797623.6806169]
[1616797620.9855452, 1616797623.699363]
[1616797621.1739404, 1616797623.8718662]
[1616797621.0492969, 1616797623.7798073]
[1616797621.0839562, 1616797623.801111]
[1616797620.9876971, 1616797623.7520778]
[1616797621.1307297, 1616797623.8242123]
[1616797621.445899, 1616797624.2033334]
[1616797621.4057212, 1616797624.1185484]
[1616797621.282394, 1616797623.9770904]
[1616797621.3173783, 1616797624.062368]
[1616797621.397638, 1616797624.1370761]
[1616797621.6820514, 1616797624.380654]
[1616797621.4404898, 1616797624.1938827]
[1616797621.5665982, 1616797624.258812]
[1616797621.4332676, 1616797624.131821]
[1616797621.6066167, 1616797624.3034818]
[1616797621.775687, 1616797624.512013]
[1616797621.7314725, 1616797624.4422128]
[1616797621.757762, 1616797624.4412084]
[1616797621.7669277, 1616797624.4536786]
[1616797621.8825228, 1616797624.6230235]
[1616797621.86918, 1616797624.6214051]
[1616797622.0483098, 1616797624.7496681]
[1616797621.945048, 1616797624.6512866]
[1616797622.0849066, 1616797624.8087804]
[1616797622.0975769, 1616797624.8580654]
[1616797622.2320454, 1616797624.9270773]
[1616797622.2412581, 1616797624.99525]
[1616797622.358645, 1616797625.0660954]
[1616797622.3001776, 1616797624.99657]
[1616797622.639391, 1616797625.3722162]
[1616797622.5835228, 1616797625.3256533]
[1616797622.4434443, 1616797625.1092782]
[1616797622.4068923, 1616797625.0988593]
[1616797622.605791, 1616797625.3049881]
[1616797622.527067, 1616797625.2787187]
[1616797622.598823, 1616797625.3187332]
[1616797622.7854793, 1616797625.4659078]
[1616797622.7116795, 1616797625.4159431]
[1616797622.6885667, 1616797625.4267538]
[1616797623.1294265, 1616797625.870323]
[1616797623.2297654, 1616797625.9601178]
[1616797623.2365766, 1616797625.9307535]
[1616797623.0542698, 1616797625.7842028]
[1616797623.1359568, 1616797625.8632715]
[1616797623.2238424, 1616797625.9420779]
[1616797623.3172743, 1616797626.03567]
[1616797623.4096153, 1616797626.1721256]
[1616797623.368125, 1616797626.0543034]
[1616797623.3903968, 1616797626.104761]
[1616797623.465237, 1616797626.2207704]
[1616797623.3614857, 1616797626.0793507]
[1616797623.3697977, 1616797626.0304158]
[1616797623.5945315, 1616797626.341926]
[1616797623.7868814, 1616797626.5068738]
[1616797623.6114302, 1616797626.3228333]
[1616797624.1382205, 1616797626.8750846]
[1616797623.9317303, 1616797626.6216998]
[1616797623.7334807, 1616797626.4095702]
[1616797623.7237253, 1616797626.4422362]
[1616797623.6713738, 1616797626.3861327]
[1616797624.0083725, 1616797626.7349455]
[1616797623.9039073, 1616797626.6074636]
[1616797624.0504758, 1616797626.7723436]
[1616797624.1345158, 1616797626.8439856]
[1616797624.059988, 1616797626.8058836]
[1616797623.9768593, 1616797626.7076547]
[1616797624.213289, 1616797626.9270751]
[1616797623.9762886, 1616797626.6967807]
[1616797624.1837986, 1616797626.9365532]
[1616797624.0532308, 1616797626.7717566]
[1616797624.2798018, 1616797626.9773529]
[1616797624.5163407, 1616797627.2668]
[1616797624.4874973, 1616797627.1562076]
[1616797624.3386748, 1616797627.0485752]
[1616797624.4481318, 1616797627.1596568]
[1616797624.7531588, 1616797627.4990878]
[1616797624.813852, 1616797627.5449657]
[1616797624.7944486, 1616797627.50608]
[1616797624.4496725, 1616797627.1146069]
[1616797624.4078507, 1616797627.0985749]
[1616797625.0791028, 1616797627.837461]
[1616797625.0841916, 1616797627.808425]
[1616797624.9392087, 1616797627.6478949]
[1616797624.7951238, 1616797627.5165694]
[1616797625.2207227, 1616797627.9426432]
[1616797624.676216, 1616797627.3820813]
[1616797625.305082, 1616797628.0254517]
[1616797625.0733688, 1616797627.7811186]
[1616797625.2211106, 1616797627.9171698]
[1616797625.0670311, 1616797627.7944598]
[1616797625.2901142, 1616797628.0570128]
[1616797625.1573064, 1616797627.8065107]
[1616797625.2354312, 1616797627.9735696]
[1616797625.547591, 1616797628.2711895]
[1616797625.3172333, 1616797628.0200577]
[1616797625.294476, 1616797627.9759145]
[1616797625.4780831, 1616797628.1502087]
[1616797625.4538543, 1616797628.1900396]
[1616797625.5417929, 1616797628.2732897]
[1616797625.6494892, 1616797628.355451]
[1616797625.5867105, 1616797628.3320017]
[1616797625.739028, 1616797628.4335332]
[1616797625.890271, 1616797628.6335812]
[1616797625.7265637, 1616797628.4535263]
[1616797625.9544218, 1616797628.6464858]
[1616797625.9531403, 1616797628.6718287]
[1616797625.8653975, 1616797628.583575]
[1616797625.805161, 1616797628.5425453]
[1616797626.2831051, 1616797629.090034]
[1616797626.017807, 1616797628.73455]
[1616797626.0685818, 1616797628.7676377]
[1616797626.334113, 1616797629.167207]
[1616797626.3318157, 1616797629.0397804]
[1616797626.2851162, 1616797629.0381622]
[1616797626.3685162, 1616797629.1538248]
[1616797626.3885694, 1616797629.099783]
[1616797626.6895802, 1616797629.4065616]
[1616797626.540245, 1616797629.221862]
[1616797626.4135175, 1616797629.1131682]
[1616797626.3348205, 1616797629.0622084]
[1616797626.5304086, 1616797629.248203]
[1616797626.6354153, 1616797629.3416152]
[1616797626.8268867, 1616797629.5528347]
[1616797626.5122843, 1616797629.2215068]
[1616797626.7078304, 1616797629.4262648]
[1616797626.8499362, 1616797629.560643]
[1616797627.1510017, 1616797629.909006]
[1616797627.0623891, 1616797629.7843888]
[1616797627.1385756, 1616797629.8276646]
[1616797626.9957852, 1616797629.6628249]
[1616797626.9166713, 1616797629.6204753]
[1616797627.105156, 1616797629.8176084]
[1616797626.9790795, 1616797629.719776]
[1616797627.300634, 1616797630.0502324]
[1616797627.1107705, 1616797629.829882]
[1616797627.4727664, 1616797630.2074451]
[1616797627.4090388, 1616797630.1026683]
[1616797627.3120697, 1616797630.023916]
[1616797627.597639, 1616797630.3248925]
[1616797627.4489923, 1616797630.1122692]
[1616797627.5029378, 1616797630.2182164]
[1616797627.7727315, 1616797630.4853425]
[1616797627.8518884, 1616797630.61059]
[1616797627.5197008, 1616797630.2236083]
[1616797627.6995606, 1616797630.3821564]
[1616797627.751221, 1616797630.4883714]
[1616797627.6323743, 1616797630.3619037]
[1616797627.8095872, 1616797630.5045257]
[1616797627.79338, 1616797630.5035617]
[1616797628.037067, 1616797630.804441]
[1616797627.821166, 1616797630.5521145]
[1616797628.0498967, 1616797630.7576504]
[1616797628.1230748, 1616797630.8682811]
[1616797628.2691119, 1616797630.9940844]
[1616797628.146757, 1616797630.8710718]
[1616797628.402908, 1616797631.1085145]
[1616797628.4477057, 1616797631.1294413]
[1616797628.2793787, 1616797631.0034933]
[1616797628.4286847, 1616797631.13291]
[1616797628.5351284, 1616797631.249851]
[1616797628.3598633, 1616797631.0919719]
[1616797628.600684, 1616797631.3392825]
[1616797628.6995986, 1616797631.436123]
[1616797628.7033343, 1616797631.3745854]
[1616797628.7067006, 1616797631.4135869]
[1616797628.623063, 1616797631.342402]
[1616797628.9169178, 1616797631.6316721]
[1616797628.9788973, 1616797631.714726]
[1616797629.0755832, 1616797631.785605]
[1616797628.9845974, 1616797631.7094514]
[1616797628.7770097, 1616797631.4698913]
[1616797629.0798612, 1616797631.8374815]
[1616797629.0914161, 1616797631.7933657]
[1616797629.2744367, 1616797631.9687583]
[1616797629.2875512, 1616797631.963267]
[1616797629.2957697, 1616797632.0317156]
[1616797628.9645352, 1616797631.644198]
[1616797629.0579357, 1616797631.761408]
[1616797629.6282713, 1616797632.3215055]
[1616797629.3936996, 1616797632.1204412]
[1616797629.3567286, 1616797632.0618556]
[1616797629.316333, 1616797632.0251458]
[1616797629.3585556, 1616797632.1628523]
[1616797629.6434333, 1616797632.3744369]
[1616797629.6948123, 1616797632.403598]
[1616797629.7640712, 1616797632.507921]
[1616797629.867654, 1616797632.5816882]
[1616797629.918869, 1616797632.6408222]
[1616797629.6166685, 1616797632.3400946]
[1616797629.91347, 1616797632.630669]
[1616797630.0057387, 1616797632.7293007]
[1616797630.2030964, 1616797632.878234]
[1616797630.360724, 1616797633.082763]
[1616797629.8736923, 1616797632.5502498]
[1616797629.9106655, 1616797632.616314]
[1616797629.898187, 1616797632.5931587]
[1616797630.0286436, 1616797632.7527258]
[1616797630.3890758, 1616797633.0780091]
[1616797630.2717242, 1616797632.9625547]
[1616797630.259654, 1616797632.9787621]
[1616797630.271899, 1616797633.001924]
[1616797630.510447, 1616797633.2163022]
[1616797630.491078, 1616797633.2148488]
[1616797630.6055138, 1616797633.3749297]
[1616797630.6863365, 1616797633.4307742]
[1616797630.5641797, 1616797633.2991152]
[1616797630.4793572, 1616797633.1890116]
[1616797630.366687, 1616797633.078294]
[1616797630.6014395, 1616797633.3096101]
[1616797630.7825, 1616797633.5047817]
[1616797630.605495, 1616797633.3746626]
[1616797630.9090009, 1616797633.6418474]
[1616797630.897796, 1616797633.5684328]
[1616797630.9061656, 1616797633.6412282]
[1616797630.9510708, 1616797633.6620688]
[1616797631.0079155, 1616797633.721943]
[1616797631.039486, 1616797633.7468174]
[1616797631.135187, 1616797633.8196886]
[1616797630.966202, 1616797633.6917388]
[1616797631.1283123, 1616797633.8333933]
[1616797631.1639197, 1616797633.9131038]
[1616797631.0781302, 1616797633.7379332]
[1616797631.1456347, 1616797633.8500693]
[1616797631.095608, 1616797633.8036797]
[1616797631.4454422, 1616797634.1678307]
[1616797631.056511, 1616797633.6921694]
[1616797631.544423, 1616797634.2635355]
[1616797631.2447689, 1616797633.946851]
[1616797631.4307492, 1616797634.1743166]
[1616797631.4597242, 1616797634.202641]
[1616797631.415838, 1616797634.093141]
[1616797631.5151339, 1616797634.1959848]
[1616797631.6213946, 1616797634.3426282]
[1616797631.6905062, 1616797634.3647277]
[1616797631.6043837, 1616797634.3042457]
[1616797631.7973297, 1616797634.5193074]
[1616797631.7589386, 1616797634.466811]
[1616797631.8678992, 1616797634.5561237]
[1616797631.7443945, 1616797634.4515696]
[1616797631.6365762, 1616797634.3519742]
[1616797631.8614357, 1616797634.5898144]
[1616797631.86199, 1616797634.6281207]
[1616797631.718449, 1616797634.440487]
[1616797631.873719, 1616797634.5470092]
[1616797631.743174, 1616797634.4800415]
[1616797631.9888365, 1616797634.7067082]
[1616797632.056316, 1616797634.7664566]
[1616797631.9024184, 1616797634.5875516]
[1616797632.1765327, 1616797634.9159374]
[1616797632.0216653, 1616797634.8097086]
[1616797632.2089236, 1616797634.9463787]
[1616797632.0198185, 1616797634.685975]
[1616797632.0911124, 1616797634.8056839]
[1616797632.3094833, 1616797635.024311]
[1616797632.1486716, 1616797634.847952]
[1616797632.1234705, 1616797634.8342876]
[1616797632.2983446, 1616797635.0005116]
[1616797632.3202024, 1616797635.073911]
[1616797632.3642676, 1616797635.0787282]
[1616797632.2815425, 1616797634.955114]
[1616797632.2943246, 1616797635.022148]
[1616797632.4514048, 1616797635.1055138]
[1616797632.560741, 1616797635.2967772]
[1616797632.5166953, 1616797635.253081]
[1616797632.5408852, 1616797635.2468646]
[1616797632.561242, 1616797635.238666]
[1616797632.4736476, 1616797635.1950672]
[1616797632.5867896, 1616797635.2958007]
[1616797632.5506926, 1616797635.2918332]
[1616797632.6527905, 1616797635.3799777]
[1616797632.6418862, 1616797635.3701313]
[1616797632.6103885, 1616797635.3059998]
[1616797632.581678, 1616797635.338469]
[1616797632.7180474, 1616797635.4236314]
[1616797632.8183265, 1616797635.560633]
[1616797632.9354253, 1616797635.6485827]
[1616797632.7858026, 1616797635.5030653]
[1616797632.8307333, 1616797635.594548]
[1616797632.8197107, 1616797635.5229745]
[1616797632.7872462, 1616797635.4839432]
[1616797632.9670715, 1616797635.7030072]
[1616797632.8253918, 1616797635.524522]
[1616797632.959695, 1616797635.7316709]
[1616797632.9306145, 1616797635.607979]
[1616797632.9802923, 1616797635.6768343]
[1616797633.0561874, 1616797635.7669978]
[1616797633.0209086, 1616797635.756394]
[1616797632.968197, 1616797635.7022939]
[1616797633.0765676, 1616797635.7719965]
[1616797633.2760966, 1616797636.0016072]
[1616797633.3451717, 1616797636.0327334]
[1616797633.2028618, 1616797635.935294]
[1616797633.114342, 1616797635.8423257]
[1616797633.3254538, 1616797636.0289023]
[1616797633.3080404, 1616797636.0199103]
[1616797633.4201627, 1616797636.087457]
[1616797633.4114532, 1616797636.1448162]
[1616797633.36782, 1616797636.074329]
[1616797633.244351, 1616797635.942355]
[1616797633.2945545, 1616797635.988915]
[1616797633.340964, 1616797636.0118895]
[1616797633.4457052, 1616797636.1937232]
[1616797633.3870723, 1616797636.1400328]
[1616797633.3493507, 1616797636.006387]
[1616797633.5137496, 1616797636.2837832]
[1616797633.5162423, 1616797636.2283864]
[1616797633.6485877, 1616797636.3696127]
[1616797633.5604331, 1616797636.269258]
[1616797633.6574419, 1616797636.3884044]
[1616797633.5743995, 1616797636.3038745]
[1616797633.7783823, 1616797636.4639094]
[1616797633.6463232, 1616797636.3517318]
[1616797633.8304777, 1616797636.5408027]
[1616797633.8781538, 1616797636.5825496]
[1616797633.7137575, 1616797636.3697746]
[1616797633.622164, 1616797636.3354118]
[1616797633.690257, 1616797636.4000456]
[1616797633.737928, 1616797636.4490914]
[1616797633.6917431, 1616797636.3980606]
[1616797633.841484, 1616797636.5354047]
[1616797633.739292, 1616797636.4600832]
[1616797633.8144772, 1616797636.5607035]
[1616797633.8272107, 1616797636.5014248]
[1616797633.961807, 1616797636.6724622]
[1616797633.8524132, 1616797636.549959]
[1616797633.7871895, 1616797636.5789979]
[1616797633.7496016, 1616797636.437851]
[1616797633.9315403, 1616797636.6818602]
[1616797633.7687547, 1616797636.5000696]
[1616797633.9166129, 1616797636.6155107]
[1616797634.0164068, 1616797636.7961583]
[1616797633.8853867, 1616797636.6333492]
[1616797633.9406173, 1616797636.646536]
[1616797633.9092395, 1616797636.6130772]
[1616797634.008671, 1616797636.7272801]
[1616797634.0963848, 1616797636.8110852]
[1616797634.1154826, 1616797636.8102348]
[1616797634.0533674, 1616797636.726509]
[1616797634.0790627, 1616797636.7920253]
[1616797634.1824923, 1616797636.907309]
[1616797634.2444675, 1616797636.9395456]
[1616797634.1319506, 1616797636.8568969]
[1616797634.181977, 1616797636.9191496]
[1616797634.199182, 1616797636.924258]
[1616797634.2693338, 1616797636.9992146]
[1616797634.2544796, 1616797636.9324577]
[1616797634.1035166, 1616797636.7944038]
[1616797634.126691, 1616797636.8393013]
[1616797634.2184691, 1616797636.9023411]
[1616797634.2248135, 1616797636.9778738]
[1616797634.064406, 1616797636.78051]
[1616797634.187003, 1616797636.9025967]
[1616797634.241884, 1616797636.914544]
[1616797634.2899556, 1616797636.9848945]
[1616797634.254074, 1616797636.9425564]
[1616797634.3139024, 1616797637.0305197]
[1616797634.32625, 1616797637.0387433]
[1616797634.3414798, 1616797637.0661924]
[1616797634.3266428, 1616797637.0163193]
[1616797634.217583, 1616797636.8942442]
[1616797634.3451142, 1616797637.0935507]
[1616797634.2073064, 1616797636.962848]
[1616797634.2513912, 1616797636.9620974]
[1616797634.4516017, 1616797637.1786137]
[1616797634.3003073, 1616797637.0560505]
[1616797634.2039096, 1616797636.8844314]
[1616797634.3068626, 1616797637.011504]
[1616797634.2055688, 1616797636.8970504]
[1616797634.3254142, 1616797637.0332649]
[1616797634.4812293, 1616797637.2293134]
[1616797634.3768532, 1616797637.0478897]
[1616797634.3912816, 1616797637.1401377]
[1616797634.4222083, 1616797637.1362338]
[1616797634.3700202, 1616797637.079805]
[1616797634.4190676, 1616797637.111036]
[1616797634.4711337, 1616797637.2058396]
[1616797634.4425004, 1616797637.1347425]
[1616797634.504114, 1616797637.1588576]
[1616797634.4535096, 1616797637.114823]
[1616797634.415556, 1616797637.1489034]
[1616797634.28383, 1616797636.9663963]
[1616797634.4106107, 1616797637.1347492]
[1616797634.4745433, 1616797637.1947126]
[1616797634.454422, 1616797637.182794]
[1616797634.3964493, 1616797637.10963]
[1616797634.4666336, 1616797637.1699643]
[1616797634.4913042, 1616797637.1870832]
[1616797634.5006397, 1616797637.2372308]
[1616797634.3957307, 1616797637.1102118]
[1616797634.4801362, 1616797637.2048879]
[1616797634.3655307, 1616797637.058871]
[1616797634.4774528, 1616797637.1761382]
[1616797634.523939, 1616797637.225729]
[1616797634.4772727, 1616797637.1942248]
[1616797634.4927194, 1616797637.2402103]
[1616797634.4824576, 1616797637.2178433]
[1616797634.3568282, 1616797637.065551]
[1616797634.4172015, 1616797637.1467028]
[1616797634.487704, 1616797637.2228868]
[1616797634.3947964, 1616797637.0855083]
[1616797634.4372668, 1616797637.1217334]
[1616797634.5286586, 1616797637.2554035]
