[1616528069.7881267, 1616528070.4798481]
[1616528069.5899518, 1616528070.3401282]
[1616528069.7480557, 1616528070.4163082]
[1616528070.089659, 1616528070.781602]
[1616528070.114944, 1616528070.7817273]
[1616528069.9997933, 1616528073.2283142]
[1616528069.8905845, 1616528070.5275738]
[1616528069.5142026, 1616528070.2052386]
[1616528069.7462301, 1616528070.4086218]
[1616528069.8937216, 1616528070.5509808]
[1616528070.0381517, 1616528070.7686048]
[1616528069.9569933, 1616528070.6698155]
[1616528070.0953643, 1616528070.7851307]
[1616528069.9929998, 1616528070.6338913]
[1616528070.0309684, 1616528070.6694221]
[1616528069.8996692, 1616528070.5608394]
[1616528069.9012094, 1616528070.8367152]
[1616528070.4225934, 1616528071.0696435]
[1616528070.0099869, 1616528071.2190068]
[1616528070.0405974, 1616528070.7045124]
[1616528070.0522947, 1616528070.7411695]
[1616528070.2866585, 1616528071.0549886]
[1616528070.2840734, 1616528070.9202118]
[1616528070.750321, 1616528071.4237185]
[1616528070.0123632, 1616528070.7042558]
[1616528070.3661375, 1616528071.8017478]
[1616528070.457691, 1616528071.127695]
[1616528071.3254225, 1616528072.0258465]
[1616528070.8282409, 1616528072.3774009]
[1616528070.7876704, 1616528071.4245796]
[1616528070.968932, 1616528071.6130428]
[1616528071.0262258, 1616528071.7198372]
[1616528071.2161398, 1616528071.8651657]
[1616528071.299093, 1616528071.9836974]
[1616528071.4671912, 1616528072.1325786]
[1616528071.0763836, 1616528071.7630944]
[1616528071.5396047, 1616528072.9555063]
[1616528071.2632687, 1616528071.9053352]
[1616528071.7064056, 1616528072.404549]
[1616528071.618476, 1616528072.2676237]
[1616528071.5962133, 1616528072.283124]
[1616528071.506351, 1616528072.2053854]
[1616528071.756975, 1616528072.4759989]
[1616528072.1737947, 1616528072.8395565]
[1616528072.4570885, 1616528074.6008506]
[1616528072.0783417, 1616528072.825756]
[1616528072.482079, 1616528074.3222456]
[1616528072.2530444, 1616528072.93914]
[1616528072.4873803, 1616528073.1491263]
[1616528072.7380414, 1616528073.4722657]
[1616528072.8540542, 1616528073.5146818]
[1616528072.9619455, 1616528073.6922753]
[1616528072.861104, 1616528073.5512433]
[1616528073.4818301, 1616528074.1502795]
[1616528073.2335749, 1616528073.951034]
[1616528073.3084507, 1616528073.9794488]
[1616528073.5436826, 1616528074.3083336]
[1616528073.5330229, 1616528074.5783901]
[1616528073.8039854, 1616528075.189145]
[1616528073.5595949, 1616528074.202749]
[1616528073.9487638, 1616528075.031077]
[1616528073.840015, 1616528074.5019832]
[1616528074.1110103, 1616528075.5001228]
[1616528074.12122, 1616528074.7869487]
[1616528073.9909844, 1616528074.7184997]
[1616528073.9337716, 1616528074.6042383]
[1616528074.3591874, 1616528077.1744878]
[1616528074.1558044, 1616528074.820342]
[1616528074.4476805, 1616528075.1927788]
[1616528074.2039623, 1616528074.9382443]
[1616528074.5739255, 1616528075.268575]
[1616528074.8586843, 1616528075.5263796]
[1616528074.8200123, 1616528075.4633057]
[1616528074.8745484, 1616528075.6008663]
[1616528074.7564347, 1616528075.4326055]
[1616528074.9757595, 1616528075.6498234]
[1616528074.6789174, 1616528075.3703926]
[1616528074.9179797, 1616528075.6367893]
[1616528074.890948, 1616528076.185006]
[1616528075.3681998, 1616528076.0679286]
[1616528075.3840418, 1616528076.0529962]
[1616528075.1374454, 1616528075.7886736]
[1616528074.8714023, 1616528075.6178837]
[1616528075.3303938, 1616528076.6022272]
[1616528075.4790003, 1616528076.1005535]
[1616528075.6145172, 1616528077.3296711]
[1616528075.9451625, 1616528076.69802]
[1616528075.6859465, 1616528076.3635206]
[1616528075.650194, 1616528076.325092]
[1616528075.7778318, 1616528076.4265552]
[1616528075.8029635, 1616528076.469537]
[1616528075.798067, 1616528076.873292]
[1616528075.7317245, 1616528076.4564445]
[1616528076.245492, 1616528076.9194503]
[1616528076.4179301, 1616528077.0845778]
[1616528076.133057, 1616528076.766755]
[1616528076.3600135, 1616528077.0264037]
[1616528076.5046453, 1616528077.1785696]
[1616528076.3077571, 1616528076.9717948]
[1616528076.6459668, 1616528077.4006116]
[1616528076.5565584, 1616528077.263025]
[1616528076.5244248, 1616528077.9801388]
[1616528076.8332431, 1616528077.7094097]
[1616528076.540077, 1616528077.1819453]
[1616528077.0675337, 1616528077.741287]
[1616528077.0352194, 1616528077.7242942]
[1616528077.1500108, 1616528077.787429]
[1616528076.8153095, 1616528077.457489]
[1616528077.1407175, 1616528077.8525922]
[1616528077.3223524, 1616528078.0037243]
[1616528077.2496095, 1616528077.8993878]
[1616528077.3534894, 1616528078.0294507]
[1616528077.5388293, 1616528078.1990826]
[1616528077.4710734, 1616528078.1098201]
[1616528077.4896436, 1616528079.2899437]
[1616528077.5600524, 1616528078.1941335]
[1616528077.551491, 1616528078.2863014]
[1616528077.9787908, 1616528078.6430538]
[1616528077.803788, 1616528079.1363306]
[1616528078.1857636, 1616528078.9228892]
[1616528077.8558059, 1616528078.4801476]
[1616528078.2351604, 1616528078.97361]
[1616528078.3614488, 1616528079.3517096]
[1616528078.016828, 1616528078.6630056]
[1616528078.2801845, 1616528079.3698018]
[1616528078.4892318, 1616528079.1306908]
[1616528078.289169, 1616528078.9972572]
[1616528078.4024084, 1616528079.1010134]
[1616528078.773724, 1616528080.9565463]
[1616528078.5132482, 1616528079.2278848]
[1616528078.3896313, 1616528079.0400305]
[1616528078.7162683, 1616528079.367805]
[1616528078.7722912, 1616528079.4216006]
[1616528078.7863138, 1616528079.589217]
[1616528078.8162944, 1616528079.4627497]
[1616528079.070966, 1616528079.8045304]
[1616528078.8221123, 1616528079.5733984]
[1616528079.0651834, 1616528079.709525]
[1616528078.787284, 1616528079.5849462]
[1616528078.8029733, 1616528079.5214832]
[1616528079.158907, 1616528079.8807328]
[1616528079.181122, 1616528079.8453834]
[1616528079.066931, 1616528079.722136]
[1616528079.4969702, 1616528080.4416354]
[1616528079.3398397, 1616528080.0863574]
[1616528079.2161186, 1616528079.9538486]
[1616528079.240558, 1616528079.90802]
[1616528079.312068, 1616528079.9882214]
[1616528079.176952, 1616528079.8005767]
[1616528079.610015, 1616528080.3113759]
[1616528079.4642105, 1616528080.1125886]
[1616528079.455025, 1616528080.115962]
[1616528079.6994047, 1616528080.8772776]
[1616528079.7569473, 1616528080.4006648]
[1616528079.5783136, 1616528080.3035748]
[1616528079.5262277, 1616528080.1617885]
[1616528079.8446565, 1616528080.5653563]
[1616528079.969897, 1616528080.671628]
[1616528079.7666001, 1616528080.4476328]
[1616528079.6133087, 1616528080.6909294]
[1616528079.866187, 1616528080.5482137]
[1616528079.9519606, 1616528080.6323407]
[1616528079.9712992, 1616528080.7359636]
[1616528080.1707888, 1616528080.8818088]
[1616528080.4494805, 1616528081.7398424]
[1616528080.3495216, 1616528081.0479307]
[1616528080.1960282, 1616528082.44613]
[1616528080.3922393, 1616528081.0889695]
[1616528080.2285345, 1616528080.9326403]
[1616528080.4509673, 1616528081.1198385]
[1616528080.4839673, 1616528081.1231468]
[1616528080.6051397, 1616528081.2664456]
[1616528080.7469656, 1616528081.4345057]
[1616528080.6263123, 1616528081.3247511]
[1616528080.7966049, 1616528081.5212843]
[1616528080.623819, 1616528081.5762959]
[1616528080.6786158, 1616528081.3688998]
[1616528080.8656256, 1616528081.5211182]
[1616528080.8644965, 1616528081.4953878]
[1616528080.681012, 1616528082.0661325]
[1616528080.9010582, 1616528081.5536044]
[1616528080.9235358, 1616528081.5642471]
[1616528081.0159955, 1616528081.7289443]
[1616528080.60143, 1616528081.301106]
[1616528081.2002215, 1616528081.8910635]
[1616528081.2595873, 1616528081.9956174]
[1616528081.259922, 1616528081.9673576]
[1616528081.36991, 1616528082.8002553]
[1616528081.3747566, 1616528082.7209105]
[1616528081.4473271, 1616528082.1945066]
[1616528081.4226706, 1616528082.6172774]
[1616528081.4268181, 1616528082.0968034]
[1616528081.6847541, 1616528082.4209256]
[1616528081.8803146, 1616528082.5281522]
[1616528081.2214444, 1616528081.9747143]
[1616528081.5712008, 1616528082.2642708]
[1616528081.5922363, 1616528082.315649]
[1616528081.8788667, 1616528083.4398146]
[1616528081.976023, 1616528083.4017718]
[1616528081.896958, 1616528083.4080877]
[1616528081.8433022, 1616528084.7895057]
[1616528082.055358, 1616528082.7402642]
[1616528082.1510177, 1616528083.6183224]
[1616528082.2353656, 1616528082.9405894]
[1616528082.1813214, 1616528082.8750381]
[1616528082.2791965, 1616528083.7965038]
[1616528082.5730646, 1616528083.2198937]
[1616528082.248904, 1616528082.8965743]
[1616528082.2932322, 1616528082.9632096]
[1616528082.2532299, 1616528082.9603765]
[1616528082.481153, 1616528083.7694895]
[1616528082.5249212, 1616528083.9172466]
[1616528082.3771605, 1616528083.0753064]
[1616528082.7568963, 1616528085.9125757]
[1616528082.4066288, 1616528083.0860136]
[1616528082.6917875, 1616528083.6577072]
[1616528082.6712852, 1616528083.3969603]
[1616528082.5951912, 1616528083.2597322]
[1616528082.6370776, 1616528083.3388066]
[1616528082.8100119, 1616528083.4426491]
[1616528082.914044, 1616528083.605146]
[1616528083.0174725, 1616528084.0320642]
[1616528083.0878823, 1616528083.7990031]
[1616528083.0389225, 1616528084.0308468]
[1616528083.1660156, 1616528083.9085999]
[1616528083.001006, 1616528083.692223]
[1616528083.2495978, 1616528083.9146817]
[1616528083.2695825, 1616528083.908792]
[1616528083.21615, 1616528084.7066388]
[1616528083.2633848, 1616528083.9563262]
[1616528083.220526, 1616528084.4910343]
[1616528083.5694172, 1616528084.2374368]
[1616528083.5038376, 1616528084.169959]
[1616528083.519851, 1616528084.2004182]
[1616528083.5223558, 1616528084.2001727]
[1616528083.8247762, 1616528084.5393667]
[1616528083.5769327, 1616528084.2516227]
[1616528083.542576, 1616528084.6687627]
[1616528083.7628815, 1616528084.41829]
[1616528083.8753004, 1616528084.5925305]
[1616528083.879989, 1616528084.5426564]
[1616528084.1752315, 1616528084.872145]
[1616528083.851629, 1616528085.2096374]
[1616528083.9084065, 1616528084.5796485]
[1616528084.0130818, 1616528084.7567089]
[1616528083.8999224, 1616528084.6455238]
[1616528084.271024, 1616528084.926604]
[1616528084.0964875, 1616528084.835861]
[1616528084.3704112, 1616528085.126158]
[1616528083.9793675, 1616528084.684737]
[1616528084.616983, 1616528085.332438]
[1616528084.2807114, 1616528084.937508]
[1616528084.3127816, 1616528084.9892983]
[1616528084.5848255, 1616528085.2578177]
[1616528084.3580935, 1616528085.0204408]
[1616528084.9175363, 1616528085.631414]
[1616528084.5957325, 1616528085.253809]
[1616528084.7373483, 1616528085.4041214]
[1616528084.8019876, 1616528087.4507067]
[1616528084.6928227, 1616528085.4098742]
[1616528084.8109078, 1616528085.5347583]
[1616528084.9309266, 1616528086.1248841]
[1616528085.0481231, 1616528085.8093052]
[1616528084.9137695, 1616528085.5868323]
[1616528084.9261007, 1616528085.6414814]
[1616528085.551884, 1616528086.267623]
[1616528085.3775587, 1616528086.0423613]
[1616528085.427614, 1616528087.260956]
[1616528085.2399201, 1616528085.9859586]
[1616528085.203491, 1616528085.9100482]
[1616528085.3673584, 1616528086.0447497]
[1616528085.1512794, 1616528085.8707569]
[1616528085.3105922, 1616528086.386149]
[1616528085.4610758, 1616528086.1122563]
[1616528085.7254887, 1616528086.4319127]
[1616528085.389713, 1616528086.0801895]
[1616528085.6640494, 1616528086.3580828]
[1616528085.7642283, 1616528086.4587052]
[1616528085.9792864, 1616528086.7247517]
[1616528086.0622141, 1616528087.5186725]
[1616528086.0151618, 1616528088.6273756]
[1616528086.1815434, 1616528086.862803]
[1616528086.1107442, 1616528086.761936]
[1616528086.0539587, 1616528086.7307794]
[1616528086.3137186, 1616528086.965467]
[1616528086.0158453, 1616528086.6709285]
[1616528086.1645012, 1616528086.7819395]
[1616528086.1476445, 1616528086.8274221]
[1616528086.3499784, 1616528091.7259693]
[1616528086.4309502, 1616528087.1779397]
[1616528086.3408437, 1616528087.1147904]
[1616528086.255151, 1616528086.903172]
[1616528086.5700364, 1616528088.6627312]
[1616528086.6000006, 1616528088.390049]
[1616528086.5844011, 1616528087.2642806]
[1616528086.680545, 1616528087.3348844]
[1616528086.621697, 1616528091.0568318]
[1616528086.6647718, 1616528087.3435264]
[1616528086.7041106, 1616528087.3631368]
[1616528086.8592508, 1616528087.5343854]
[1616528086.9716518, 1616528087.6132069]
[1616528086.932995, 1616528088.6636162]
[1616528087.002263, 1616528087.682232]
[1616528087.170967, 1616528087.876193]
[1616528087.2305357, 1616528090.2206953]
[1616528087.212465, 1616528087.8957086]
[1616528086.9316092, 1616528087.5832372]
[1616528087.1703513, 1616528088.7793665]
[1616528087.2632494, 1616528088.0088558]
[1616528087.2806368, 1616528087.9733095]
[1616528087.115161, 1616528087.8033566]
[1616528087.3452706, 1616528088.8125284]
[1616528087.5291033, 1616528088.2271206]
[1616528087.6139126, 1616528088.268043]
[1616528087.4870446, 1616528088.6288118]
[1616528087.5061789, 1616528088.1537616]
[1616528087.6337864, 1616528088.3053102]
[1616528087.4058142, 1616528088.0527015]
[1616528087.517803, 1616528088.1926055]
[1616528087.7568395, 1616528088.4135196]
[1616528087.8535259, 1616528088.6084054]
[1616528088.0077298, 1616528088.6965852]
[1616528087.9208848, 1616528089.2022047]
[1616528087.8433285, 1616528088.5394166]
[1616528087.810137, 1616528088.4772208]
[1616528088.355793, 1616528089.0031276]
[1616528088.0122337, 1616528088.6706305]
[1616528088.098162, 1616528089.3805523]
[1616528088.187226, 1616528088.8454654]
[1616528088.307161, 1616528088.959967]
[1616528088.3646986, 1616528089.6434293]
[1616528088.191091, 1616528088.9129639]
[1616528088.3600278, 1616528089.0186272]
[1616528088.4583688, 1616528089.2075639]
[1616528088.600401, 1616528089.3108823]
[1616528088.5940256, 1616528089.759227]
[1616528088.6272268, 1616528089.3201563]
[1616528088.625444, 1616528089.2970881]
[1616528088.4171112, 1616528089.0962837]
[1616528088.5438838, 1616528089.2428646]
[1616528088.570371, 1616528089.2518387]
[1616528088.711357, 1616528089.3657281]
[1616528088.9186935, 1616528089.6245048]
[1616528089.1147947, 1616528089.7990887]
[1616528089.1171646, 1616528089.7568617]
[1616528088.9239905, 1616528091.957835]
[1616528089.116465, 1616528089.798805]
[1616528089.2082524, 1616528089.9591243]
[1616528089.2547243, 1616528089.9379075]
[1616528089.3337953, 1616528090.102529]
[1616528089.2091453, 1616528089.9139268]
[1616528089.359369, 1616528090.0047212]
[1616528089.369791, 1616528090.0471096]
[1616528089.6617138, 1616528090.3184147]
[1616528089.4941514, 1616528090.834951]
[1616528089.648859, 1616528090.357572]
[1616528089.3347507, 1616528090.042862]
[1616528089.4536078, 1616528090.1700606]
[1616528089.7465248, 1616528090.5137892]
[1616528089.6526923, 1616528090.3301437]
[1616528089.8809392, 1616528090.5290704]
[1616528090.0312445, 1616528091.1897655]
[1616528089.7808433, 1616528090.4275463]
[1616528089.7561247, 1616528090.4618495]
[1616528089.7890565, 1616528090.5260005]
[1616528089.8868213, 1616528090.5662477]
[1616528089.998008, 1616528090.6721895]
[1616528090.0023654, 1616528090.674483]
[1616528089.9834018, 1616528091.0855696]
[1616528090.0665522, 1616528090.7324703]
[1616528090.041958, 1616528090.7009475]
[1616528090.0913694, 1616528090.8382607]
[1616528090.3928409, 1616528091.3892248]
[1616528090.590472, 1616528091.3639247]
[1616528090.3301015, 1616528090.9949706]
[1616528090.496059, 1616528091.1554728]
[1616528090.6729956, 1616528091.3189118]
[1616528090.390441, 1616528091.0815606]
[1616528090.5147598, 1616528091.2622766]
[1616528090.516797, 1616528091.154926]
[1616528090.729461, 1616528091.425197]
[1616528090.4528468, 1616528091.1164687]
[1616528090.7266796, 1616528091.4473445]
[1616528090.6722553, 1616528094.1168935]
[1616528090.8076012, 1616528091.5089412]
[1616528090.8629694, 1616528091.6216364]
[1616528090.8405018, 1616528091.5285873]
[1616528091.0404835, 1616528091.7329748]
[1616528091.0138607, 1616528091.6933527]
[1616528091.1319518, 1616528091.9026437]
[1616528091.1769745, 1616528091.8453436]
[1616528091.0692902, 1616528091.84071]
[1616528091.0162344, 1616528092.1567793]
[1616528091.2156425, 1616528092.3135734]
[1616528091.3792477, 1616528092.0507116]
[1616528091.4469912, 1616528092.1309237]
[1616528091.3413188, 1616528097.3990679]
[1616528091.3535614, 1616528092.4992332]
[1616528091.5010886, 1616528092.1608577]
[1616528091.4012778, 1616528092.090485]
[1616528091.4893672, 1616528092.784399]
[1616528091.5544665, 1616528092.3505466]
[1616528091.6486583, 1616528097.9491374]
[1616528091.6089103, 1616528094.1387203]
[1616528091.617074, 1616528092.8790574]
[1616528091.5333898, 1616528092.195503]
[1616528091.5951443, 1616528092.2413108]
[1616528091.6448853, 1616528092.2861593]
[1616528091.6644437, 1616528103.9597402]
[1616528091.89883, 1616528092.568961]
[1616528091.9747503, 1616528092.697133]
[1616528091.9190183, 1616528092.6022189]
[1616528091.958414, 1616528092.7046723]
[1616528092.2685742, 1616528092.9224]
[1616528091.9145763, 1616528092.7680182]
[1616528092.072949, 1616528092.778606]
[1616528092.2832527, 1616528093.0257056]
[1616528092.1657352, 1616528092.8059576]
[1616528092.1237233, 1616528093.7993445]
[1616528092.4047306, 1616528093.0591145]
[1616528092.5132751, 1616528093.1916583]
[1616528092.2592478, 1616528092.9094694]
[1616528092.4439392, 1616528093.5993855]
[1616528092.6265385, 1616528093.3249185]
[1616528092.3233001, 1616528092.9891098]
[1616528092.4810421, 1616528093.1520617]
[1616528092.453083, 1616528093.1282969]
[1616528092.7624717, 1616528094.0264733]
[1616528092.6026053, 1616528093.240086]
[1616528092.6495352, 1616528093.3697112]
[1616528092.7054455, 1616528094.3657115]
[1616528092.7870073, 1616528093.411859]
[1616528092.791004, 1616528093.4549649]
[1616528092.9825335, 1616528093.6546617]
[1616528093.1795425, 1616528093.8625684]
[1616528092.9181602, 1616528093.549967]
[1616528093.041961, 1616528093.8468866]
[1616528092.9903796, 1616528094.1860049]
[1616528093.1133094, 1616528093.8024583]
[1616528092.988582, 1616528093.6891158]
[1616528093.309247, 1616528094.0551555]
[1616528093.2594135, 1616528093.9700022]
[1616528093.3765616, 1616528094.0539842]
[1616528093.5032387, 1616528094.2195442]
[1616528093.4517994, 1616528095.0038285]
[1616528093.4481776, 1616528094.0850978]
[1616528093.240135, 1616528093.9437737]
[1616528093.7247336, 1616528095.5712376]
[1616528093.573757, 1616528094.3456247]
[1616528093.5487103, 1616528094.23768]
[1616528093.7823248, 1616528094.480192]
[1616528093.5653386, 1616528094.2383773]
[1616528093.7392151, 1616528094.425168]
[1616528093.7603474, 1616528094.5537653]
[1616528093.7250106, 1616528094.6775253]
[1616528093.6774561, 1616528094.3628333]
[1616528093.8134675, 1616528094.5758593]
[1616528093.848645, 1616528095.1422758]
[1616528094.2184443, 1616528094.9124205]
[1616528094.051853, 1616528094.8096092]
[1616528094.2258506, 1616528094.9103653]
[1616528094.0533843, 1616528094.6947732]
[1616528094.2396243, 1616528094.9792204]
[1616528094.3969858, 1616528095.1244361]
[1616528094.321589, 1616528096.8288493]
[1616528094.5777123, 1616528095.255373]
[1616528094.5969257, 1616528095.32032]
[1616528094.501772, 1616528095.1624534]
[1616528094.4977028, 1616528095.5879898]
[1616528094.4654796, 1616528096.3121822]
[1616528094.82454, 1616528096.4515204]
[1616528094.7027097, 1616528095.3482752]
[1616528094.8868525, 1616528095.5878732]
[1616528094.8527052, 1616528095.492075]
[1616528094.846377, 1616528095.5053425]
[1616528094.69922, 1616528096.7824752]
[1616528094.7567086, 1616528095.456152]
[1616528095.172125, 1616528095.8724005]
[1616528094.8721066, 1616528095.5185692]
[1616528095.0648565, 1616528095.8211093]
[1616528095.0221117, 1616528095.698434]
[1616528095.1127083, 1616528095.8930097]
[1616528095.187151, 1616528098.3715494]
[1616528095.3676088, 1616528096.0121567]
[1616528094.9996104, 1616528095.7656493]
[1616528095.385902, 1616528096.0905182]
[1616528095.4910216, 1616528096.1609704]
[1616528095.443655, 1616528096.154057]
[1616528095.3927145, 1616528096.1129186]
[1616528095.5445714, 1616528096.202705]
[1616528095.5250776, 1616528096.164375]
[1616528095.7112758, 1616528096.4047797]
[1616528095.688843, 1616528096.7727773]
[1616528095.5938354, 1616528096.3060615]
[1616528095.7451046, 1616528096.4471948]
[1616528095.8032017, 1616528096.5533288]
[1616528095.86425, 1616528096.6210537]
[1616528095.8756454, 1616528104.6382656]
[1616528095.8670275, 1616528099.054881]
[1616528095.8846521, 1616528096.6404326]
[1616528096.0383039, 1616528096.6930277]
[1616528096.0188408, 1616528096.6552694]
[1616528096.038162, 1616528096.7253711]
[1616528096.0971713, 1616528096.8520157]
[1616528096.0521832, 1616528096.733824]
[1616528096.151414, 1616528096.8198414]
[1616528096.4728343, 1616528097.152797]
[1616528096.3285525, 1616528097.0240726]
[1616528096.29434, 1616528097.0286565]
[1616528096.3482368, 1616528097.0503795]
[1616528096.5544684, 1616528097.2498686]
[1616528096.622151, 1616528097.3109653]
[1616528096.6908145, 1616528097.3937306]
[1616528096.5395055, 1616528097.1955028]
[1616528096.5231729, 1616528097.738268]
[1616528096.5961912, 1616528097.2804112]
[1616528096.7098205, 1616528098.1675014]
[1616528096.812335, 1616528100.179341]
[1616528096.857982, 1616528097.6288586]
[1616528096.7362604, 1616528097.4389482]
[1616528096.8813143, 1616528097.557447]
[1616528096.842005, 1616528097.4871492]
[1616528097.0695114, 1616528097.7893698]
[1616528096.8448308, 1616528097.5367763]
[1616528097.3385012, 1616528098.0281255]
[1616528097.0735755, 1616528097.707545]
[1616528096.9773366, 1616528097.6322417]
[1616528097.4575016, 1616528099.5839014]
[1616528097.4275851, 1616528098.0667064]
[1616528097.3967123, 1616528098.0258107]
[1616528097.6862068, 1616528098.3817506]
[1616528097.637202, 1616528098.3186493]
[1616528097.5149164, 1616528098.1590283]
[1616528097.4755888, 1616528098.1076915]
[1616528097.591857, 1616528098.2472389]
[1616528097.3764973, 1616528098.371818]
[1616528097.824865, 1616528098.4907966]
[1616528097.9532087, 1616528098.6157546]
[1616528097.975066, 1616528098.6200008]
[1616528097.8129356, 1616528099.6485553]
[1616528098.0023847, 1616528098.7107854]
[1616528097.8650663, 1616528098.5385134]
[1616528097.9085858, 1616528098.597146]
[1616528097.966588, 1616528098.675865]
[1616528098.0712824, 1616528098.7119637]
[1616528098.0575576, 1616528099.0594194]
[1616528098.1269646, 1616528098.8286939]
[1616528098.2899456, 1616528098.947563]
[1616528098.5309649, 1616528099.1736865]
[1616528098.5849507, 1616528099.2786136]
[1616528098.5749466, 1616528099.317694]
[1616528098.384849, 1616528099.0557954]
[1616528098.5902083, 1616528099.2507505]
[1616528098.6268802, 1616528099.364149]
[1616528098.6614237, 1616528099.4134247]
[1616528098.4651792, 1616528099.1535115]
[1616528098.6534283, 1616528099.291002]
[1616528098.8886273, 1616528100.510546]
[1616528098.8169181, 1616528099.485616]
[1616528098.990198, 1616528099.6472218]
[1616528098.7772508, 1616528102.73223]
[1616528098.8588083, 1616528099.5170252]
[1616528098.9233594, 1616528100.724769]
[1616528098.9969668, 1616528099.645361]
[1616528099.1386638, 1616528099.7826927]
[1616528099.3123379, 1616528100.022287]
[1616528099.079916, 1616528099.722186]
[1616528099.1662238, 1616528102.9196222]
[1616528099.2784212, 1616528099.9875078]
[1616528099.2761023, 1616528099.9399414]
[1616528099.2678027, 1616528099.9475024]
[1616528099.4546304, 1616528100.8406196]
[1616528099.2123656, 1616528099.8315105]
[1616528099.4003057, 1616528100.1343658]
[1616528099.6385083, 1616528100.3482168]
[1616528099.4890082, 1616528100.1522317]
[1616528099.5915663, 1616528100.247624]
[1616528099.3468294, 1616528100.0517185]
[1616528099.570991, 1616528100.2580497]
[1616528099.6229637, 1616528100.4183536]
[1616528099.9334025, 1616528100.5695689]
[1616528099.8811612, 1616528100.5079644]
[1616528099.8891394, 1616528100.5430763]
[1616528099.9724646, 1616528100.669503]
[1616528099.795733, 1616528100.4835632]
[1616528100.0051115, 1616528100.6575172]
[1616528099.9137769, 1616528100.5673733]
[1616528100.0123785, 1616528100.6920521]
[1616528100.1456873, 1616528103.4414551]
[1616528100.2039313, 1616528101.6112154]
[1616528100.2157795, 1616528100.9474065]
[1616528100.261229, 1616528101.5373952]
[1616528100.443351, 1616528101.158744]
[1616528100.5499015, 1616528101.225373]
[1616528100.5105975, 1616528101.1722522]
[1616528100.5443108, 1616528101.259381]
[1616528100.395656, 1616528101.073313]
[1616528100.5581315, 1616528101.194087]
[1616528100.6098132, 1616528102.4748342]
[1616528100.6824496, 1616528101.3451042]
[1616528100.6637716, 1616528101.2861574]
[1616528100.8136203, 1616528101.4974163]
[1616528100.8709717, 1616528101.600749]
[1616528100.740016, 1616528101.5011525]
[1616528100.6932056, 1616528101.3582914]
[1616528101.008452, 1616528101.6701245]
[1616528100.7739182, 1616528101.4372005]
[1616528100.877661, 1616528101.5982199]
[1616528101.097359, 1616528102.8193095]
[1616528101.167732, 1616528104.0447185]
[1616528101.2313063, 1616528101.9647872]
[1616528101.1741617, 1616528101.8055913]
[1616528101.3753464, 1616528102.0250666]
[1616528101.153392, 1616528101.8735955]
[1616528101.314583, 1616528102.7934024]
[1616528101.4663775, 1616528102.2048523]
[1616528101.4775846, 1616528102.1411724]
[1616528101.5371158, 1616528104.901363]
[1616528101.568157, 1616528102.9853485]
[1616528101.6421652, 1616528102.3104882]
[1616528101.5488496, 1616528102.2232566]
[1616528101.741746, 1616528102.4162347]
[1616528101.7868876, 1616528102.4778647]
[1616528101.8607671, 1616528102.6086853]
[1616528101.7856886, 1616528102.5137253]
[1616528101.813195, 1616528102.5536547]
[1616528102.3420491, 1616528103.0779874]
[1616528102.0912273, 1616528103.4572287]
[1616528102.0444381, 1616528102.7285032]
[1616528102.0959723, 1616528102.7911177]
[1616528102.122534, 1616528102.834658]
[1616528102.330083, 1616528102.990034]
[1616528102.3605385, 1616528103.0486677]
[1616528102.3453257, 1616528103.6372702]
[1616528102.5702498, 1616528103.2637205]
[1616528102.5921202, 1616528103.300017]
[1616528102.6575592, 1616528103.3805435]
[1616528102.4333792, 1616528103.0933545]
[1616528103.0216374, 1616528103.7394278]
[1616528102.7953131, 1616528103.4566042]
[1616528102.638856, 1616528103.4104302]
[1616528102.6164205, 1616528103.29655]
[1616528102.8960469, 1616528103.5946262]
[1616528102.6700191, 1616528103.3597207]
[1616528102.8490584, 1616528103.569673]
[1616528102.7319012, 1616528103.4092212]
[1616528102.8394408, 1616528103.521344]
[1616528102.995353, 1616528103.7062762]
[1616528102.7925878, 1616528104.6203978]
[1616528102.8369157, 1616528106.4124825]
[1616528102.934183, 1616528103.597593]
[1616528102.756101, 1616528104.2042015]
[1616528102.9786086, 1616528103.9006784]
[1616528103.3017347, 1616528103.9746501]
[1616528103.2959974, 1616528103.9282677]
[1616528103.1112566, 1616528103.7873683]
[1616528103.555015, 1616528104.2884526]
[1616528103.3507388, 1616528104.4123335]
[1616528103.4650114, 1616528104.1264431]
[1616528103.469792, 1616528105.131988]
[1616528103.5966482, 1616528104.312017]
[1616528103.708633, 1616528104.3837595]
[1616528103.9711115, 1616528105.393079]
[1616528103.9394453, 1616528104.7803884]
[1616528103.8815696, 1616528104.5395749]
[1616528103.8064044, 1616528104.5434666]
[1616528103.8666267, 1616528104.922877]
[1616528103.9856932, 1616528104.6099732]
[1616528104.0109787, 1616528104.887409]
[1616528104.0214446, 1616528106.8253272]
[1616528103.9226613, 1616528105.0416543]
[1616528104.0366118, 1616528104.755089]
[1616528104.126581, 1616528104.8632972]
[1616528104.4720757, 1616528105.2126093]
[1616528104.3279307, 1616528105.0262835]
[1616528104.6232953, 1616528105.259971]
[1616528104.112905, 1616528104.7603295]
[1616528104.371999, 1616528105.0650108]
[1616528104.3926246, 1616528105.1082664]
[1616528104.6113117, 1616528105.4981682]
[1616528104.585275, 1616528105.2840228]
[1616528104.6434646, 1616528111.2603755]
[1616528105.0293498, 1616528105.7197986]
[1616528104.725435, 1616528105.5946996]
[1616528104.691347, 1616528105.4135888]
[1616528104.8008647, 1616528105.4337802]
[1616528104.8663037, 1616528105.5190284]
[1616528105.1731236, 1616528105.8635924]
[1616528104.8550797, 1616528105.502715]
[1616528104.859449, 1616528106.4453743]
[1616528104.9101396, 1616528105.5408063]
[1616528105.2335548, 1616528105.8784394]
[1616528105.1865387, 1616528105.873402]
[1616528105.2936609, 1616528106.7333257]
[1616528105.474567, 1616528106.0978782]
[1616528105.3977587, 1616528107.015684]
[1616528105.335341, 1616528105.9750907]
[1616528105.4238923, 1616528106.2949138]
[1616528105.5247662, 1616528106.2303956]
[1616528105.4100142, 1616528106.072499]
[1616528105.5565689, 1616528106.2554092]
[1616528105.617119, 1616528107.057572]
[1616528105.682939, 1616528106.3810453]
[1616528105.6658034, 1616528106.3194988]
[1616528105.911911, 1616528106.601554]
[1616528105.778238, 1616528106.4475198]
[1616528105.8774946, 1616528106.5400403]
[1616528105.986728, 1616528106.6705189]
[1616528105.9038727, 1616528106.5672498]
[1616528106.2096932, 1616528106.9658668]
[1616528106.0372524, 1616528106.6987135]
[1616528106.0914521, 1616528106.7307825]
[1616528106.0607443, 1616528106.7774153]
[1616528106.4060795, 1616528107.3322768]
[1616528106.0459578, 1616528107.0846791]
[1616528106.2006316, 1616528106.903283]
[1616528106.3539622, 1616528107.1449525]
[1616528106.1032364, 1616528106.7608948]
[1616528106.4079504, 1616528107.1040869]
[1616528106.4824831, 1616528107.1880512]
[1616528106.5883083, 1616528107.3390708]
[1616528106.6136076, 1616528109.3660293]
[1616528106.5468876, 1616528107.1869981]
[1616528106.6553905, 1616528107.3282404]
[1616528106.9270058, 1616528107.6593776]
[1616528106.7469814, 1616528107.439488]
[1616528107.0523455, 1616528107.7571082]
[1616528106.9151933, 1616528110.3866863]
[1616528106.8045034, 1616528107.5103548]
[1616528107.0191183, 1616528108.6196158]
[1616528106.9597807, 1616528107.5986073]
[1616528107.1398466, 1616528107.7871225]
[1616528107.2078128, 1616528110.9086003]
[1616528107.1629345, 1616528107.8511608]
[1616528107.01385, 1616528109.5981932]
[1616528107.1633892, 1616528107.8786688]
[1616528107.3330855, 1616528107.9852738]
[1616528107.3294594, 1616528108.1905313]
[1616528107.219629, 1616528107.9036453]
[1616528107.2808335, 1616528107.9838777]
[1616528107.2897027, 1616528107.9506574]
[1616528107.417727, 1616528108.1374502]
[1616528107.670901, 1616528108.3733382]
[1616528107.634863, 1616528108.3270316]
[1616528107.7062497, 1616528108.399591]
[1616528107.7184691, 1616528109.5364256]
[1616528107.7493258, 1616528108.4513404]
[1616528107.8512142, 1616528108.5261142]
[1616528107.8476439, 1616528108.533824]
[1616528107.7852936, 1616528108.500894]
[1616528108.0275855, 1616528108.7668817]
[1616528108.0094786, 1616528108.645343]
[1616528107.9134533, 1616528108.6047716]
[1616528108.3369193, 1616528109.8318617]
[1616528108.1771226, 1616528108.9049213]
[1616528108.2034159, 1616528108.9758594]
[1616528108.1262548, 1616528108.8371475]
[1616528108.2787852, 1616528108.9708104]
[1616528108.5385826, 1616528109.2427258]
[1616528108.401853, 1616528109.1070309]
[1616528108.5096023, 1616528109.7725766]
[1616528108.2271135, 1616528109.4259677]
[1616528108.4627438, 1616528109.1648088]
[1616528108.3329625, 1616528109.0072696]
[1616528108.5932524, 1616528109.2416427]
[1616528108.4271512, 1616528109.130172]
[1616528108.5351474, 1616528109.2296278]
[1616528108.4856002, 1616528113.762826]
[1616528108.672529, 1616528109.299715]
[1616528108.7986956, 1616528109.4883614]
[1616528108.9000268, 1616528109.6387336]
[1616528108.8189197, 1616528109.5196445]
[1616528108.9197497, 1616528109.6331687]
[1616528109.0893319, 1616528109.7800453]
[1616528108.9791493, 1616528109.6688294]
[1616528108.9982553, 1616528109.6762452]
[1616528109.100231, 1616528109.8293812]
[1616528109.1764765, 1616528109.842217]
[1616528109.2357886, 1616528109.855002]
[1616528109.4442854, 1616528110.460925]
[1616528109.471729, 1616528110.1737924]
[1616528109.4550316, 1616528110.1362634]
[1616528109.2155051, 1616528109.9536026]
[1616528109.404126, 1616528110.9984057]
[1616528109.5843287, 1616528110.2417786]
[1616528109.4521065, 1616528111.09726]
[1616528109.5299819, 1616528110.211919]
[1616528109.3705, 1616528110.0134583]
[1616528109.508575, 1616528110.247014]
[1616528109.7928264, 1616528110.4949079]
[1616528109.7494104, 1616528110.5312939]
[1616528109.8787055, 1616528111.279049]
[1616528109.9462945, 1616528111.873576]
[1616528110.1471264, 1616528110.832104]
[1616528109.9024835, 1616528110.5476425]
[1616528110.0523312, 1616528110.7142656]
[1616528110.0802608, 1616528110.831489]
[1616528110.0842688, 1616528110.7692056]
[1616528110.1752942, 1616528110.8721595]
[1616528110.0768538, 1616528110.7989304]
[1616528110.1990395, 1616528113.7406921]
[1616528110.3814735, 1616528111.047482]
[1616528110.3639247, 1616528111.009058]
[1616528110.3175445, 1616528112.168641]
[1616528110.5144823, 1616528111.1920905]
[1616528110.549399, 1616528111.2219634]
[1616528110.5217745, 1616528111.209769]
[1616528110.5407813, 1616528111.3536544]
[1616528110.5760586, 1616528111.2160113]
[1616528110.8371649, 1616528111.5137203]
[1616528110.5968752, 1616528111.5300727]
[1616528110.8915677, 1616528112.6862524]
[1616528111.0016778, 1616528112.723273]
[1616528110.8191254, 1616528111.5257607]
[1616528111.0347214, 1616528111.6957104]
[1616528110.9968324, 1616528111.6351538]
[1616528111.2726905, 1616528111.9273932]
[1616528111.4159455, 1616528112.1046698]
[1616528111.044572, 1616528111.7358592]
[1616528111.1054804, 1616528111.8108745]
[1616528111.2712173, 1616528112.404077]
[1616528111.330998, 1616528112.0290182]
[1616528111.324966, 1616528112.0646017]
[1616528111.3741486, 1616528113.488383]
[1616528111.5926375, 1616528112.3450923]
[1616528111.4262238, 1616528113.0658326]
[1616528111.5631888, 1616528112.2327948]
[1616528111.7253058, 1616528112.3777378]
[1616528111.5500495, 1616528112.1901836]
[1616528111.5757961, 1616528112.3069665]
[1616528111.8827186, 1616528113.0127938]
[1616528111.5582771, 1616528112.3338635]
[1616528111.9948955, 1616528112.707484]
[1616528111.7615752, 1616528112.4607682]
[1616528112.073317, 1616528113.3274524]
[1616528111.9222713, 1616528112.5574858]
[1616528111.926749, 1616528114.1070983]
[1616528111.8636339, 1616528112.530435]
[1616528112.0169861, 1616528113.2530336]
[1616528112.1279385, 1616528112.8293867]
[1616528112.1362033, 1616528112.773929]
[1616528112.4005766, 1616528114.073064]
[1616528112.2999156, 1616528112.9494827]
[1616528112.506061, 1616528113.2036173]
[1616528112.4892547, 1616528113.2391918]
[1616528112.2597544, 1616528113.1756322]
[1616528112.632768, 1616528113.3317037]
[1616528112.3340518, 1616528112.9808552]
[1616528112.2679136, 1616528112.90561]
[1616528112.720969, 1616528113.3871124]
[1616528112.6950197, 1616528113.352766]
[1616528112.5693488, 1616528113.2835274]
[1616528112.8414373, 1616528113.5939744]
[1616528112.6671703, 1616528115.7614448]
[1616528112.6562958, 1616528113.9203124]
[1616528112.941426, 1616528114.2465744]
[1616528112.9711764, 1616528113.7021763]
[1616528112.9576979, 1616528113.6120028]
[1616528112.9063175, 1616528113.5878286]
[1616528113.0178638, 1616528114.767564]
[1616528113.0328505, 1616528113.702552]
[1616528113.1492605, 1616528114.858739]
[1616528113.1458406, 1616528113.8345907]
[1616528113.211865, 1616528113.8460221]
[1616528113.5633736, 1616528116.9310274]
[1616528113.5070963, 1616528114.4952843]
[1616528113.447959, 1616528115.0280676]
[1616528113.454855, 1616528114.1271791]
[1616528113.2115972, 1616528113.9646266]
[1616528113.5364542, 1616528114.9527307]
[1616528113.3334215, 1616528115.3699672]
[1616528113.5166364, 1616528114.173062]
[1616528113.791088, 1616528117.0740983]
[1616528113.8417642, 1616528114.5121408]
[1616528113.9311955, 1616528114.645083]
[1616528113.8250587, 1616528114.48886]
[1616528113.7684917, 1616528114.4567375]
[1616528113.9502227, 1616528114.6034675]
[1616528113.8492877, 1616528114.5336692]
[1616528114.0740151, 1616528114.740132]
[1616528114.180965, 1616528114.855732]
[1616528114.2247102, 1616528118.6053963]
[1616528114.0647871, 1616528115.213327]
[1616528114.146496, 1616528114.8062983]
[1616528114.2437644, 1616528114.887897]
[1616528114.1588144, 1616528114.8122914]
[1616528114.1146555, 1616528116.6717312]
[1616528114.343724, 1616528114.9729002]
[1616528114.50979, 1616528115.2949328]
[1616528114.4935315, 1616528115.1198566]
[1616528114.3556376, 1616528115.057459]
[1616528114.4087768, 1616528115.058242]
[1616528114.6680999, 1616528115.407825]
[1616528114.5446181, 1616528115.1815689]
[1616528114.544026, 1616528115.2943273]
[1616528114.8321128, 1616528115.7334182]
[1616528114.7762413, 1616528115.8533266]
[1616528114.934563, 1616528115.6696355]
[1616528114.7816207, 1616528115.467218]
[1616528115.1047552, 1616528116.86437]
[1616528114.8480775, 1616528115.819833]
[1616528114.8426888, 1616528115.5367215]
[1616528114.8950343, 1616528115.5272415]
[1616528114.9794874, 1616528115.6500723]
[1616528115.0093875, 1616528115.7568989]
[1616528115.1336048, 1616528115.7949674]
[1616528115.0131373, 1616528115.7371783]
[1616528115.3026466, 1616528116.0041494]
[1616528115.4708617, 1616528116.1816902]
[1616528115.4028006, 1616528116.096933]
[1616528115.457858, 1616528116.7508528]
[1616528115.5611966, 1616528116.2213101]
[1616528115.6483443, 1616528116.3087943]
[1616528115.5862837, 1616528116.3651178]
[1616528115.5113342, 1616528117.4224477]
[1616528115.817579, 1616528116.4583144]
[1616528115.5232737, 1616528116.5184226]
[1616528115.6001725, 1616528116.2149076]
[1616528115.7009854, 1616528119.1927845]
[1616528115.84311, 1616528116.5014184]
[1616528116.0630772, 1616528116.7655172]
[1616528115.9028938, 1616528116.6011796]
[1616528115.895305, 1616528117.358954]
[1616528115.9901328, 1616528116.676292]
[1616528116.050713, 1616528116.7393582]
[1616528115.9715579, 1616528117.431891]
[1616528116.0958173, 1616528116.7834945]
[1616528116.0362856, 1616528119.270979]
[1616528116.261444, 1616528116.9412847]
[1616528116.0585773, 1616528117.4892166]
[1616528116.3963256, 1616528117.0852642]
[1616528116.6279182, 1616528118.0801458]
[1616528116.22235, 1616528116.8942227]
[1616528116.4734323, 1616528117.2148082]
[1616528116.6277738, 1616528117.334066]
[1616528116.4874542, 1616528117.1741502]
[1616528116.6851926, 1616528117.359486]
[1616528116.7017775, 1616528117.3993752]
[1616528116.7756233, 1616528118.0775375]
[1616528116.6252441, 1616528117.2788177]
[1616528116.9524946, 1616528117.6266296]
[1616528116.7919877, 1616528118.977629]
[1616528117.0157645, 1616528118.5413353]
[1616528116.9624958, 1616528117.6370237]
[1616528117.1513348, 1616528117.9091494]
[1616528116.8420186, 1616528117.62489]
[1616528116.8981807, 1616528117.5388389]
[1616528117.0688071, 1616528117.702676]
[1616528117.107869, 1616528117.7790394]
[1616528117.134555, 1616528117.8424046]
[1616528117.345295, 1616528118.0380666]
[1616528117.2015104, 1616528117.9119537]
[1616528117.2503066, 1616528118.0573218]
[1616528117.4228928, 1616528118.7348833]
[1616528117.355665, 1616528118.0532203]
[1616528117.6027477, 1616528118.279626]
[1616528117.4718537, 1616528118.1552477]
[1616528117.5263484, 1616528118.2329211]
[1616528117.576535, 1616528118.6926146]
[1616528117.602981, 1616528118.2470431]
[1616528117.4901712, 1616528118.180074]
[1616528117.7328324, 1616528119.735972]
[1616528117.7471488, 1616528118.4384332]
[1616528117.9586723, 1616528119.549503]
[1616528118.0039215, 1616528118.716256]
[1616528117.9578938, 1616528118.592559]
[1616528117.8774972, 1616528118.5604374]
[1616528117.9943385, 1616528118.7331786]
[1616528118.2357779, 1616528118.8877366]
[1616528118.2668936, 1616528119.6690454]
[1616528118.2705283, 1616528118.9241598]
[1616528118.290979, 1616528118.9523573]
[1616528118.2610028, 1616528118.931947]
[1616528118.3267105, 1616528119.2625127]
[1616528118.2210324, 1616528120.0363617]
[1616528118.3546774, 1616528119.0149002]
[1616528118.3130565, 1616528119.0144398]
[1616528118.4842646, 1616528119.1476827]
[1616528118.674591, 1616528119.644001]
[1616528118.6541588, 1616528119.3700807]
[1616528118.744068, 1616528120.5765052]
[1616528118.8216193, 1616528119.5235865]
[1616528118.8115149, 1616528119.4845052]
[1616528118.765985, 1616528119.4445045]
[1616528118.885101, 1616528119.6244226]
[1616528118.7758958, 1616528119.4584916]
[1616528118.9050803, 1616528119.5620081]
[1616528119.2891777, 1616528119.9839149]
[1616528119.0507832, 1616528119.7823956]
[1616528119.1895707, 1616528119.925846]
[1616528119.475866, 1616528120.1498437]
[1616528119.363012, 1616528120.1006868]
[1616528119.1730072, 1616528119.8946629]
[1616528119.3655546, 1616528120.0569897]
[1616528119.352451, 1616528120.0261633]
[1616528119.3728514, 1616528120.1072395]
[1616528119.3205152, 1616528122.263904]
[1616528119.5370615, 1616528120.9845216]
[1616528119.7911837, 1616528122.4424288]
[1616528119.5183053, 1616528120.2084098]
[1616528119.792198, 1616528120.44619]
[1616528119.889175, 1616528120.7541893]
[1616528119.748617, 1616528120.537676]
[1616528119.613742, 1616528120.2522335]
[1616528119.7102907, 1616528120.4278274]
[1616528119.8629568, 1616528121.1215107]
[1616528119.8658586, 1616528121.5968623]
[1616528119.8901317, 1616528121.7428143]
[1616528120.0844507, 1616528122.7906404]
[1616528120.074251, 1616528120.7310934]
[1616528119.9750605, 1616528120.6795166]
[1616528120.4121125, 1616528121.09479]
[1616528120.4729939, 1616528121.1395884]
[1616528120.2760234, 1616528121.3018806]
[1616528120.1167955, 1616528120.7543616]
[1616528120.2787464, 1616528120.957459]
[1616528120.5033903, 1616528121.141023]
[1616528120.315986, 1616528121.473444]
[1616528120.344232, 1616528121.0745096]
[1616528120.5442703, 1616528121.209474]
[1616528120.7702074, 1616528121.720296]
[1616528120.5982955, 1616528121.2981493]
[1616528120.8492758, 1616528122.3743117]
[1616528120.8604205, 1616528121.5212777]
[1616528120.87292, 1616528121.5824287]
[1616528120.630193, 1616528121.29208]
[1616528120.7774193, 1616528121.4452045]
[1616528120.8336122, 1616528122.020433]
[1616528120.872208, 1616528121.5699344]
[1616528120.911782, 1616528121.7175336]
[1616528121.0721958, 1616528121.7545311]
[1616528120.9845674, 1616528123.260493]
[1616528120.773678, 1616528121.4126394]
[1616528121.1181853, 1616528121.813648]
[1616528121.334224, 1616528122.0302517]
[1616528121.2154305, 1616528121.9498434]
[1616528121.2842321, 1616528121.9634306]
[1616528121.394979, 1616528122.0968854]
[1616528121.3639631, 1616528122.023818]
[1616528121.3530686, 1616528122.0502791]
[1616528121.4897873, 1616528122.169959]
[1616528121.65347, 1616528122.3377771]
[1616528121.896555, 1616528122.5448208]
[1616528121.7647798, 1616528122.4357843]
[1616528121.7013144, 1616528122.369717]
[1616528121.7556572, 1616528122.4367592]
[1616528121.7773972, 1616528123.4439325]
[1616528121.9103806, 1616528122.622431]
[1616528121.9609928, 1616528122.652922]
[1616528122.0644639, 1616528122.8890028]
[1616528122.057625, 1616528122.7687497]
[1616528121.9826396, 1616528122.6551435]
[1616528122.1281915, 1616528123.0546255]
[1616528122.113375, 1616528123.8659277]
[1616528122.1235397, 1616528122.809417]
[1616528122.1174536, 1616528122.767864]
[1616528122.2700305, 1616528122.936197]
[1616528122.251271, 1616528124.0562098]
[1616528122.2214293, 1616528123.3658028]
[1616528122.28495, 1616528122.9519775]
[1616528122.3790214, 1616528123.0496192]
[1616528122.5288208, 1616528123.2606027]
[1616528122.4722686, 1616528123.1955686]
[1616528122.4808993, 1616528123.166485]
[1616528122.5655482, 1616528128.7380073]
[1616528122.71768, 1616528123.3735504]
[1616528122.8337224, 1616528123.5197852]
[1616528122.7734275, 1616528123.4412205]
[1616528122.81457, 1616528123.495257]
[1616528122.937359, 1616528123.6438096]
[1616528123.1044965, 1616528123.797355]
[1616528123.098164, 1616528123.7326703]
[1616528123.1731014, 1616528123.838145]
[1616528123.325372, 1616528124.0113878]
[1616528123.1589365, 1616528123.8582308]
[1616528123.434095, 1616528124.2677596]
[1616528123.6074438, 1616528125.957544]
[1616528123.3634193, 1616528124.0457175]
[1616528123.546266, 1616528125.1759086]
[1616528123.5149271, 1616528124.1969438]
[1616528123.7577279, 1616528128.5849786]
[1616528123.6101248, 1616528125.2042468]
[1616528123.5424852, 1616528124.2655938]
[1616528123.7490733, 1616528124.4019759]
[1616528123.640627, 1616528124.3212655]
[1616528123.6604047, 1616528129.236311]
[1616528123.7750723, 1616528124.4381328]
[1616528123.8625047, 1616528124.5755134]
[1616528123.7536125, 1616528124.397594]
[1616528123.7969153, 1616528124.5235462]
[1616528123.943027, 1616528124.6461928]
[1616528124.1053784, 1616528124.7915733]
[1616528124.0005314, 1616528124.652964]
[1616528124.244923, 1616528127.2972634]
[1616528124.2167346, 1616528124.890605]
[1616528123.9879642, 1616528124.7889736]
[1616528124.2616951, 1616528124.9285865]
[1616528124.157849, 1616528124.8210177]
[1616528124.1898746, 1616528125.1033115]
[1616528124.3184505, 1616528125.021736]
[1616528124.553901, 1616528125.2143898]
[1616528124.540548, 1616528125.4005811]
[1616528124.4940908, 1616528125.1277049]
[1616528124.8071866, 1616528125.4898286]
[1616528124.704216, 1616528125.916096]
[1616528124.87539, 1616528125.6116624]
[1616528124.896563, 1616528125.6060448]
[1616528124.8600702, 1616528125.522779]
[1616528124.778849, 1616528126.668469]
[1616528124.9948092, 1616528125.6768773]
[1616528124.924913, 1616528125.9217093]
[1616528124.9512115, 1616528125.6059847]
[1616528124.8092198, 1616528126.4847536]
[1616528124.69027, 1616528125.3950126]
[1616528125.2573998, 1616528125.9137597]
[1616528124.997416, 1616528125.6467974]
[1616528125.062367, 1616528125.7186573]
[1616528125.3510265, 1616528126.052837]
[1616528125.4056585, 1616528126.0935068]
[1616528125.5170622, 1616528126.161605]
[1616528125.348162, 1616528126.002565]
[1616528125.4836838, 1616528127.140903]
[1616528125.333291, 1616528126.8113453]
[1616528125.1581404, 1616528125.7997458]
[1616528125.5412605, 1616528126.175693]
[1616528125.677698, 1616528126.3268404]
[1616528125.7879128, 1616528127.4501183]
[1616528125.7790556, 1616528126.4729047]
[1616528125.7533646, 1616528126.4108922]
[1616528125.8704548, 1616528126.5284514]
[1616528125.9319077, 1616528126.5696945]
[1616528125.7762775, 1616528126.4505103]
[1616528125.9888244, 1616528126.663408]
[1616528125.9382489, 1616528132.0029986]
[1616528126.2139783, 1616528126.8705778]
[1616528126.0765293, 1616528126.773439]
[1616528126.363457, 1616528127.000438]
[1616528126.3101666, 1616528127.0120194]
[1616528126.1445062, 1616528127.6046932]
[1616528126.2698271, 1616528128.4996064]
[1616528126.272161, 1616528127.2400804]
[1616528126.3714635, 1616528127.067424]
[1616528126.402392, 1616528127.0677953]
[1616528126.682465, 1616528127.3093486]
[1616528126.3303733, 1616528126.9526339]
[1616528126.618937, 1616528132.023935]
[1616528126.8138278, 1616528127.5233963]
[1616528126.509751, 1616528132.2746837]
[1616528126.5117397, 1616528127.1481907]
[1616528126.6451628, 1616528127.297858]
[1616528126.289531, 1616528129.0535142]
[1616528126.7395065, 1616528127.4979966]
[1616528126.97507, 1616528127.6477365]
[1616528126.8754826, 1616528127.5676224]
[1616528126.9245183, 1616528127.5732653]
[1616528126.9731545, 1616528128.5281227]
[1616528126.8391428, 1616528127.5125022]
[1616528126.8635054, 1616528129.147699]
[1616528127.1678078, 1616528128.9642744]
[1616528127.008486, 1616528127.717146]
[1616528127.0803564, 1616528127.8185942]
[1616528127.1024103, 1616528127.739046]
[1616528127.1977758, 1616528130.1997776]
[1616528127.363639, 1616528128.0530205]
[1616528127.4137778, 1616528135.3091176]
[1616528127.253248, 1616528127.9371529]
[1616528127.352256, 1616528127.9764187]
[1616528127.503793, 1616528128.196081]
[1616528127.2055905, 1616528127.8648357]
[1616528127.4268672, 1616528128.0667682]
[1616528127.49454, 1616528128.2013931]
[1616528127.6178284, 1616528128.3000941]
[1616528127.622209, 1616528128.3005881]
[1616528127.8238485, 1616528137.2543197]
[1616528127.725445, 1616528128.44166]
[1616528127.8451657, 1616528128.5750518]
[1616528127.7020988, 1616528128.3737307]
[1616528127.8134875, 1616528128.4965942]
[1616528128.1083457, 1616528128.7441702]
[1616528127.9328709, 1616528128.6022592]
[1616528128.0698798, 1616528128.6987448]
[1616528128.0707293, 1616528128.6958177]
[1616528128.4542594, 1616528134.5030155]
[1616528128.078367, 1616528128.7373013]
[1616528128.2776525, 1616528129.432994]
[1616528128.3046827, 1616528128.995775]
[1616528128.443064, 1616528129.1681402]
[1616528128.242102, 1616528128.9188285]
[1616528128.4187589, 1616528129.106065]
[1616528128.6255727, 1616528129.792257]
[1616528128.6932936, 1616528129.3937106]
[1616528128.4684224, 1616528129.134298]
[1616528128.6210735, 1616528129.2980433]
[1616528128.5230193, 1616528131.261372]
[1616528128.7435281, 1616528129.4321752]
[1616528128.674625, 1616528129.3625906]
[1616528128.8128064, 1616528129.4655447]
[1616528128.816235, 1616528129.9606173]
[1616528128.8884816, 1616528129.5733695]
[1616528128.9134178, 1616528130.1702225]
[1616528128.9135458, 1616528129.5933232]
[1616528128.9978144, 1616528129.6473172]
[1616528129.245633, 1616528129.9304147]
[1616528129.291739, 1616528129.9720886]
[1616528129.1846395, 1616528129.8346636]
[1616528128.9013896, 1616528129.5412295]
[1616528129.347096, 1616528130.0467606]
[1616528129.2286584, 1616528129.8742785]
[1616528129.3131356, 1616528130.780703]
[1616528129.472325, 1616528130.1595519]
[1616528129.5007195, 1616528130.2163017]
[1616528129.3975315, 1616528130.1109936]
[1616528129.547387, 1616528130.4345567]
[1616528129.601783, 1616528130.2492013]
[1616528129.6398437, 1616528130.3224325]
[1616528129.6333544, 1616528130.3712492]
[1616528129.749865, 1616528130.3982522]
[1616528129.7652593, 1616528130.4989564]
[1616528129.7407873, 1616528130.397552]
[1616528129.970805, 1616528130.6452763]
[1616528129.9543283, 1616528131.2440414]
[1616528129.860122, 1616528130.531075]
[1616528130.012287, 1616528130.681427]
[1616528130.1680896, 1616528131.081314]
[1616528130.184674, 1616528130.9163227]
[1616528130.2702806, 1616528130.9974155]
[1616528130.0095813, 1616528130.7609084]
[1616528130.17444, 1616528130.8705075]
[1616528130.3756297, 1616528132.6375878]
[1616528130.2899094, 1616528130.9962823]
[1616528130.392539, 1616528131.0533097]
[1616528130.392858, 1616528131.0824523]
[1616528130.6567523, 1616528131.4330494]
[1616528130.7287357, 1616528131.4013584]
[1616528130.658652, 1616528131.312558]
[1616528130.450714, 1616528131.2046561]
[1616528130.6616585, 1616528133.138574]
[1616528130.6992722, 1616528131.3609571]
[1616528130.84369, 1616528131.6484153]
[1616528130.6915488, 1616528131.3428519]
[1616528131.1223187, 1616528132.730376]
[1616528130.7536123, 1616528131.4698286]
[1616528131.1324, 1616528131.782434]
[1616528131.1273096, 1616528132.966314]
[1616528131.1632679, 1616528131.8411036]
[1616528131.16235, 1616528131.8350136]
[1616528131.286579, 1616528132.8309875]
[1616528131.4117212, 1616528132.1062117]
[1616528131.1751816, 1616528131.8521883]
[1616528131.301195, 1616528131.9776604]
[1616528131.3661988, 1616528132.057767]
[1616528131.377802, 1616528132.4968615]
[1616528131.440356, 1616528132.152928]
[1616528131.2799358, 1616528133.324462]
[1616528131.6816306, 1616528132.4680183]
[1616528131.539395, 1616528132.228399]
[1616528131.7238038, 1616528132.3570118]
[1616528131.8512075, 1616528132.5539067]
[1616528131.8487773, 1616528133.7995815]
[1616528131.7337966, 1616528132.394572]
[1616528131.8606763, 1616528132.5503328]
[1616528131.9641302, 1616528132.671061]
[1616528131.8790607, 1616528132.527706]
[1616528132.0585372, 1616528133.7854648]
[1616528132.1610875, 1616528132.891289]
[1616528132.1268933, 1616528132.8078916]
[1616528132.055359, 1616528132.7474055]
[1616528132.2693412, 1616528132.9678607]
[1616528132.1835845, 1616528133.4968326]
[1616528132.2516608, 1616528132.9221053]
[1616528132.198957, 1616528135.2434876]
[1616528132.4259498, 1616528133.0714366]
[1616528132.3480768, 1616528133.9932327]
[1616528132.6003723, 1616528133.277791]
[1616528132.580546, 1616528133.2163444]
[1616528132.4966316, 1616528133.2197545]
[1616528132.5960834, 1616528133.4644923]
[1616528132.7426531, 1616528133.4212406]
[1616528132.8491783, 1616528134.3540814]
[1616528132.6805716, 1616528133.3837738]
[1616528132.7348578, 1616528133.9991012]
[1616528132.796766, 1616528133.5118802]
[1616528132.7418778, 1616528135.1415913]
[1616528132.9218144, 1616528133.5751667]
[1616528132.6005938, 1616528133.273437]
[1616528132.7695098, 1616528133.457353]
[1616528132.918733, 1616528133.640397]
[1616528132.9486175, 1616528133.585373]
[1616528133.0645006, 1616528133.756119]
[1616528133.0829835, 1616528133.9250674]
[1616528133.2188637, 1616528133.863071]
[1616528133.3447013, 1616528134.06444]
[1616528133.1717627, 1616528135.8496528]
[1616528133.2782109, 1616528134.0254943]
[1616528133.5307045, 1616528137.0122023]
[1616528133.4246566, 1616528134.0996528]
[1616528133.472372, 1616528134.137518]
[1616528133.5134153, 1616528134.282916]
[1616528133.5730648, 1616528134.2155313]
[1616528133.6346905, 1616528134.3879337]
[1616528133.5254872, 1616528136.468811]
[1616528133.8581822, 1616528134.5802042]
[1616528133.7999322, 1616528135.5734198]
[1616528133.8694146, 1616528138.302468]
[1616528133.911254, 1616528134.5535963]
[1616528133.7355561, 1616528134.4176738]
[1616528133.707871, 1616528137.7764115]
[1616528133.981273, 1616528134.6100304]
[1616528134.1145947, 1616528136.2596319]
[1616528134.1272643, 1616528134.8264394]
[1616528134.0370004, 1616528134.72654]
[1616528134.0156598, 1616528136.7093806]
[1616528134.1336014, 1616528134.8212008]
[1616528134.1139278, 1616528135.2450244]
[1616528134.111948, 1616528134.795996]
[1616528134.2591875, 1616528134.9233656]
[1616528134.2120621, 1616528134.8844776]
[1616528134.3495662, 1616528140.4273396]
[1616528134.5754917, 1616528135.9669588]
[1616528134.3684287, 1616528135.0488198]
[1616528134.4698446, 1616528135.4449549]
[1616528134.449566, 1616528135.1101627]
[1616528134.5215108, 1616528135.1699147]
[1616528134.404835, 1616528135.086868]
[1616528134.6323705, 1616528135.2999833]
[1616528134.5018582, 1616528135.2076092]
[1616528134.5335848, 1616528136.6157355]
[1616528134.769082, 1616528135.4541411]
[1616528134.8628078, 1616528135.5102804]
[1616528134.854701, 1616528144.8206625]
[1616528134.7486727, 1616528136.24739]
[1616528134.9307725, 1616528135.585862]
[1616528134.9070024, 1616528136.112666]
[1616528134.8016, 1616528135.4887724]
[1616528134.9672449, 1616528136.4932506]
[1616528135.021618, 1616528136.1083121]
[1616528134.8470871, 1616528135.8472323]
[1616528135.0549765, 1616528135.6957226]
[1616528135.034933, 1616528136.4216542]
[1616528135.0902, 1616528135.7708855]
[1616528135.0754523, 1616528135.7774448]
[1616528135.152571, 1616528135.807955]
[1616528135.3440292, 1616528136.1171455]
[1616528135.37167, 1616528136.0014718]
[1616528135.4058053, 1616528136.9424334]
[1616528135.3772693, 1616528136.1047518]
[1616528135.4349442, 1616528136.9510586]
[1616528135.521372, 1616528136.1892917]
[1616528135.4480603, 1616528136.1399379]
[1616528135.5662575, 1616528136.2421699]
[1616528135.613775, 1616528136.2766037]
[1616528135.658876, 1616528137.1804705]
[1616528135.8215826, 1616528137.5124521]
[1616528135.4075928, 1616528136.3301966]
[1616528135.453295, 1616528136.1916862]
[1616528135.652175, 1616528136.922333]
[1616528135.696813, 1616528137.7742765]
[1616528135.5731618, 1616528136.2541292]
[1616528135.6742973, 1616528139.687506]
[1616528135.7093973, 1616528136.34417]
[1616528135.7917638, 1616528136.4756448]
[1616528135.712127, 1616528136.3939734]
[1616528135.8073986, 1616528136.5296967]
[1616528135.8284988, 1616528136.5270648]
[1616528135.8194299, 1616528136.6951036]
[1616528136.0119102, 1616528136.6602933]
[1616528135.9789839, 1616528136.6372807]
[1616528136.074192, 1616528136.8083634]
[1616528136.1613417, 1616528136.874631]
[1616528135.996025, 1616528136.648315]
[1616528136.1202464, 1616528136.808159]
[1616528135.8353646, 1616528136.5053492]
[1616528136.175158, 1616528136.9148839]
[1616528136.0857584, 1616528136.733177]
[1616528136.1320689, 1616528136.849976]
[1616528136.3484743, 1616528137.3797562]
[1616528136.2934058, 1616528136.9712365]
[1616528136.3116088, 1616528137.5673347]
[1616528136.2822168, 1616528136.9277556]
[1616528136.332371, 1616528138.9958303]
[1616528136.182686, 1616528142.148502]
[1616528136.3703241, 1616528137.0449495]
[1616528136.2506819, 1616528136.9711726]
[1616528136.3672233, 1616528137.007244]
[1616528136.267383, 1616528136.9367068]
[1616528136.4590218, 1616528145.9681077]
[1616528136.4446898, 1616528139.185346]
[1616528136.4018857, 1616528139.6141098]
[1616528136.638128, 1616528138.247568]
[1616528136.5558827, 1616528137.7186575]
[1616528136.547174, 1616528140.0637157]
[1616528136.5919154, 1616528137.3222985]
[1616528136.4625463, 1616528137.0919154]
[1616528136.414183, 1616528137.178613]
[1616528136.5154455, 1616528137.2178302]
[1616528136.6076312, 1616528137.3245218]
[1616528136.5859773, 1616528139.033284]
[1616528136.675414, 1616528137.3196774]
[1616528136.6284618, 1616528140.6203032]
[1616528136.6225512, 1616528137.3550634]
[1616528136.78605, 1616528139.2996788]
[1616528136.7223656, 1616528137.4215372]
[1616528136.7114635, 1616528137.3591995]
[1616528136.5909815, 1616528137.2527745]
[1616528136.8047757, 1616528139.2771325]
[1616528136.7684917, 1616528139.3413029]
[1616528136.8070462, 1616528137.4790766]
[1616528136.813555, 1616528137.444652]
[1616528136.9930117, 1616528140.47432]
[1616528136.8923953, 1616528138.0946882]
[1616528136.978885, 1616528138.3775356]
[1616528136.9262645, 1616528137.6269436]
[1616528136.8818164, 1616528138.8054173]
[1616528136.947395, 1616528138.4159145]
[1616528136.9736648, 1616528137.6278908]
[1616528136.9936397, 1616528137.7456055]
[1616528136.9158745, 1616528137.6302223]
[1616528136.9680533, 1616528138.7513554]
[1616528136.9831672, 1616528138.5677178]
[1616528137.1574204, 1616528138.6557517]
[1616528137.2674026, 1616528137.9176638]
[1616528137.290111, 1616528138.009867]
[1616528137.10162, 1616528138.966797]
[1616528137.0151494, 1616528137.6531858]
[1616528137.0851414, 1616528138.5957236]
[1616528137.069845, 1616528137.780471]
[1616528137.1070902, 1616528138.148108]
[1616528137.2765954, 1616528139.0107353]
[1616528137.3600147, 1616528138.014978]
[1616528137.3998935, 1616528140.8386886]
[1616528137.3534024, 1616528139.991648]
[1616528137.264369, 1616528137.956785]
[1616528137.2196085, 1616528137.872203]
[1616528137.1533492, 1616528137.8727412]
[1616528137.4736621, 1616528139.1945977]
[1616528137.2574463, 1616528138.038065]
[1616528137.5061204, 1616528138.8284345]
[1616528137.4954522, 1616528138.184596]
[1616528137.3094997, 1616528137.9512675]
[1616528137.617729, 1616528140.089009]
[1616528137.4472127, 1616528139.4352677]
[1616528137.484184, 1616528138.1135387]
[1616528137.641888, 1616528138.3307948]
[1616528137.4285767, 1616528138.1018152]
[1616528137.3694344, 1616528138.0290895]
[1616528137.5212357, 1616528138.1827073]
[1616528137.6094058, 1616528139.0642157]
[1616528137.5197718, 1616528144.674911]
[1616528137.585052, 1616528138.9086235]
[1616528137.4389322, 1616528138.0958223]
[1616528137.5933526, 1616528138.2470453]
[1616528137.7471774, 1616528138.3993704]
[1616528137.3530493, 1616528139.4661388]
[1616528137.4132328, 1616528138.070504]
[1616528137.7354836, 1616528138.3728456]
[1616528137.6059587, 1616528138.877978]
[1616528137.6913075, 1616528138.3491]
[1616528137.6422534, 1616528138.361446]
[1616528137.3685787, 1616528141.3080494]
[1616528137.70006, 1616528138.6116843]
[1616528137.7916842, 1616528140.5874884]
[1616528137.719361, 1616528142.4945178]
[1616528137.662361, 1616528138.3312137]
[1616528137.7015054, 1616528138.3625474]
[1616528137.453751, 1616528140.1626816]
[1616528137.6456506, 1616528138.2898269]
[1616528137.4921567, 1616528140.1803687]
[1616528137.7400014, 1616528138.6099164]
[1616528137.7650738, 1616528138.415151]
[1616528137.7851617, 1616528138.50034]
[1616528137.7667465, 1616528138.4838548]
[1616528137.547718, 1616528138.2071674]
[1616528137.760252, 1616528138.4377093]
[1616528137.689667, 1616528139.3302324]
[1616528137.7508075, 1616528139.390576]
[1616528137.7358599, 1616528138.6157045]
[1616528137.7349756, 1616528138.3759286]
[1616528137.7279706, 1616528139.491997]
[1616528137.7518013, 1616528139.88002]
[1616528137.7687607, 1616528138.916461]
[1616528137.4829888, 1616528138.7273378]
[1616528137.8054562, 1616528138.5066822]
[1616528137.8112452, 1616528138.4727056]
[1616528137.8055997, 1616528139.7495708]
[1616528137.7509482, 1616528139.2420235]
[1616528137.8011105, 1616528138.6989267]
[1616528137.6365597, 1616528140.3876565]
[1616528137.800165, 1616528138.4764302]
[1616528137.7507608, 1616528138.4466455]
[1616528137.8304396, 1616528138.6681068]
[1616528137.7807088, 1616528138.4736366]
[1616528137.6186697, 1616528139.3617857]
[1616528137.845924, 1616528138.6758518]
[1616528137.614604, 1616528138.2884357]
[1616528137.811576, 1616528140.6490974]
[1616528137.67176, 1616528139.407089]
[1616528137.6434846, 1616528141.1148956]
[1616528137.8754206, 1616528138.747244]
[1616528137.8390174, 1616528138.5429647]
[1616528137.838953, 1616528138.5204473]
