[1616693390.771458, 1616693393.52037]
[1616693390.287817, 1616693393.061245]
[1616693390.9697394, 1616693393.720349]
[1616693390.3006654, 1616693393.076432]
[1616693390.3934832, 1616693393.1302936]
[1616693390.3463063, 1616693393.070858]
[1616693390.6149642, 1616693393.3718011]
[1616693390.965517, 1616693393.715033]
[1616693390.5581589, 1616693393.337964]
[1616693390.9468038, 1616693393.6911225]
[1616693390.538308, 1616693393.3160222]
[1616693390.9900146, 1616693393.7111201]
[1616693391.0295408, 1616693393.7967305]
[1616693390.1341038, 1616693392.9270267]
[1616693390.4467468, 1616693393.2108004]
[1616693390.6710162, 1616693393.436988]
[1616693390.6578066, 1616693393.4365728]
[1616693390.5709562, 1616693393.327225]
[1616693390.6781502, 1616693393.4109607]
[1616693390.3809135, 1616693393.1707704]
[1616693391.214061, 1616693393.9666595]
[1616693391.0705318, 1616693393.797089]
[1616693391.1728745, 1616693393.9041798]
[1616693391.2543917, 1616693394.0012016]
[1616693391.369316, 1616693394.128843]
[1616693391.4983385, 1616693394.218081]
[1616693391.2462711, 1616693393.995807]
[1616693391.9814563, 1616693394.7017252]
[1616693391.8716302, 1616693394.5703807]
[1616693391.8678045, 1616693394.637154]
[1616693391.734255, 1616693394.4859622]
[1616693392.0771627, 1616693394.810487]
[1616693392.002008, 1616693394.7404091]
[1616693391.9939933, 1616693394.7151237]
[1616693391.745353, 1616693394.4677103]
[1616693392.3853176, 1616693395.0880673]
[1616693392.3449903, 1616693395.0580647]
[1616693392.2042277, 1616693394.9565747]
[1616693392.4272008, 1616693395.1562867]
[1616693392.5164266, 1616693395.2518706]
[1616693392.936339, 1616693395.7974691]
[1616693392.5534487, 1616693395.3017828]
[1616693392.7460396, 1616693395.478176]
[1616693392.912625, 1616693395.6763206]
[1616693393.0680187, 1616693395.811127]
[1616693392.8641, 1616693395.61074]
[1616693393.3698657, 1616693396.112363]
[1616693393.516243, 1616693396.2468934]
[1616693393.4755192, 1616693396.2204792]
[1616693393.3479533, 1616693396.0814137]
[1616693393.1848028, 1616693395.9513795]
[1616693393.4975374, 1616693396.2778378]
[1616693393.7338986, 1616693396.484931]
[1616693393.7054074, 1616693396.465378]
[1616693393.918811, 1616693396.6394134]
[1616693393.9316032, 1616693396.7716007]
[1616693393.6826406, 1616693396.4602997]
[1616693394.1947377, 1616693396.94166]
[1616693393.8031902, 1616693396.5455709]
[1616693394.2980733, 1616693396.993022]
[1616693394.1994357, 1616693396.9461453]
[1616693394.3302279, 1616693397.0723596]
[1616693394.04371, 1616693396.787668]
[1616693394.478244, 1616693397.2163928]
[1616693394.3785946, 1616693397.152505]
[1616693394.3994126, 1616693397.1251822]
[1616693394.8751688, 1616693397.6121035]
[1616693394.9419894, 1616693397.6804395]
[1616693395.060967, 1616693397.7899795]
[1616693395.0231478, 1616693397.7750964]
[1616693394.686655, 1616693397.4372342]
[1616693395.0614898, 1616693397.7916498]
[1616693395.0936193, 1616693397.789464]
[1616693395.0932004, 1616693397.7885857]
[1616693395.2225006, 1616693397.9636505]
[1616693395.5923169, 1616693398.3476274]
[1616693395.530494, 1616693398.262356]
[1616693395.658549, 1616693398.4012125]
[1616693395.600064, 1616693398.2866242]
[1616693395.599162, 1616693398.326799]
[1616693395.947775, 1616693398.6969428]
[1616693395.7647562, 1616693398.4909222]
[1616693395.873107, 1616693398.6197805]
[1616693396.0307713, 1616693398.792271]
[1616693395.912281, 1616693398.6714792]
[1616693395.9907653, 1616693398.758951]
[1616693396.0540192, 1616693398.7992473]
[1616693396.307246, 1616693399.0950124]
[1616693396.505579, 1616693399.237255]
[1616693396.441755, 1616693399.2280345]
[1616693396.4452927, 1616693399.177996]
[1616693396.4359586, 1616693399.1859446]
[1616693396.7578564, 1616693399.4993336]
[1616693396.7155592, 1616693399.4589324]
[1616693396.7941675, 1616693399.5562985]
[1616693396.7740574, 1616693399.5314813]
[1616693397.1063404, 1616693399.8470724]
[1616693396.7161143, 1616693399.4381657]
[1616693397.237965, 1616693399.9642227]
[1616693397.3984504, 1616693400.165039]
[1616693397.126506, 1616693399.8318827]
[1616693397.3333695, 1616693400.051421]
[1616693397.3550897, 1616693400.101034]
[1616693397.582303, 1616693400.3589332]
[1616693397.2460542, 1616693400.032928]
[1616693397.4948761, 1616693400.2543113]
[1616693397.5081787, 1616693400.2475262]
[1616693397.373207, 1616693400.1363418]
[1616693397.6172001, 1616693400.352849]
[1616693397.874304, 1616693400.6192186]
[1616693397.9056263, 1616693400.6361628]
[1616693397.704483, 1616693400.441677]
[1616693397.9707246, 1616693400.7043004]
[1616693397.922576, 1616693400.6408646]
[1616693398.068609, 1616693400.8173716]
[1616693397.9930475, 1616693400.6868103]
[1616693398.1210046, 1616693400.8600585]
[1616693398.183101, 1616693400.9528527]
[1616693398.2195344, 1616693400.9557576]
[1616693398.2820632, 1616693401.0234587]
[1616693398.3570933, 1616693401.1064405]
[1616693398.4598923, 1616693401.17552]
[1616693398.4320986, 1616693401.228026]
[1616693398.5464194, 1616693401.2515676]
[1616693398.509948, 1616693401.2268739]
[1616693398.7014022, 1616693401.4458547]
[1616693398.705711, 1616693401.4599645]
[1616693398.8490794, 1616693401.5949986]
[1616693399.0336056, 1616693401.703572]
[1616693398.9078307, 1616693401.6768801]
[1616693398.7998528, 1616693401.5818572]
[1616693398.965086, 1616693401.7021859]
[1616693398.973018, 1616693401.727496]
[1616693399.1101944, 1616693401.9198866]
[1616693399.2911282, 1616693402.0493312]
[1616693399.2625973, 1616693402.0265596]
[1616693399.459109, 1616693402.2007015]
[1616693399.4941857, 1616693402.2267823]
[1616693399.5883229, 1616693402.346096]
[1616693399.3779676, 1616693402.119849]
[1616693399.5337968, 1616693402.2739472]
[1616693399.6384103, 1616693402.3134956]
[1616693399.6035712, 1616693402.3570187]
[1616693399.474115, 1616693402.2144797]
[1616693399.867442, 1616693402.608922]
[1616693399.743693, 1616693402.4709327]
[1616693399.5543988, 1616693402.3062315]
[1616693399.9799166, 1616693402.7140858]
[1616693399.758876, 1616693402.4875321]
[1616693400.061508, 1616693402.7655342]
[1616693399.7538204, 1616693402.4998667]
[1616693400.1512585, 1616693402.899432]
[1616693400.1532972, 1616693402.9136775]
[1616693400.1411076, 1616693402.8891692]
[1616693400.319252, 1616693403.021638]
[1616693400.2838042, 1616693403.0963404]
[1616693400.269535, 1616693403.0241559]
[1616693400.4641275, 1616693403.1977978]
[1616693400.2600927, 1616693403.018752]
[1616693400.5166562, 1616693403.2448564]
[1616693400.3859181, 1616693403.165997]
[1616693400.7751591, 1616693403.5130472]
[1616693400.6426198, 1616693403.3722842]
[1616693400.7877145, 1616693403.5247939]
[1616693400.9057736, 1616693403.6576219]
[1616693400.7075355, 1616693403.4241784]
[1616693400.7746727, 1616693403.4897768]
[1616693400.5791004, 1616693403.306758]
[1616693401.0999277, 1616693403.867293]
[1616693400.9093342, 1616693403.6425195]
[1616693401.0110445, 1616693403.7423587]
[1616693400.8819182, 1616693403.6059082]
[1616693401.0295568, 1616693403.7628806]
[1616693401.1477833, 1616693403.8726]
[1616693401.1515176, 1616693403.9323795]
[1616693401.1390681, 1616693403.9104297]
[1616693401.1190572, 1616693403.8720753]
[1616693401.2756963, 1616693403.9741633]
[1616693401.4020228, 1616693404.1387765]
[1616693401.1843572, 1616693403.9202917]
[1616693401.58792, 1616693404.313186]
[1616693401.524215, 1616693404.24586]
[1616693401.4633803, 1616693404.2017648]
[1616693401.5158918, 1616693404.2669728]
[1616693401.7401342, 1616693404.4992976]
[1616693401.7227714, 1616693404.4152708]
[1616693401.7002285, 1616693404.4577026]
[1616693401.9597206, 1616693404.7523756]
[1616693401.7659814, 1616693404.725445]
[1616693401.8839803, 1616693404.6269794]
[1616693401.9923425, 1616693404.7171795]
[1616693402.2171993, 1616693404.954413]
[1616693402.0408974, 1616693404.7647316]
[1616693402.1925023, 1616693404.9527297]
[1616693402.0351245, 1616693404.945174]
[1616693402.2302055, 1616693404.9769523]
[1616693402.1527503, 1616693404.9044714]
[1616693401.9779656, 1616693404.7297475]
[1616693402.228176, 1616693404.975328]
[1616693402.4847717, 1616693405.2305355]
[1616693402.2278054, 1616693404.9520955]
[1616693402.5010793, 1616693405.216656]
[1616693402.3639586, 1616693405.1103795]
[1616693402.4427743, 1616693405.2310805]
[1616693402.5622249, 1616693405.509572]
[1616693402.673817, 1616693405.365406]
[1616693402.7099597, 1616693405.4615178]
[1616693402.6676157, 1616693405.4129739]
[1616693402.8790953, 1616693405.591591]
[1616693402.9010592, 1616693405.6667433]
[1616693402.8617024, 1616693405.6018543]
[1616693402.8825693, 1616693405.6470208]
[1616693403.0144095, 1616693405.713362]
[1616693402.988368, 1616693405.7744582]
[1616693403.108357, 1616693405.8672533]
[1616693402.8676703, 1616693405.60325]
[1616693402.997632, 1616693405.746797]
[1616693403.3280804, 1616693406.083461]
[1616693403.099176, 1616693405.903295]
[1616693403.2147388, 1616693405.9541674]
[1616693403.2167714, 1616693405.9917953]
[1616693403.6249323, 1616693406.3577251]
[1616693403.581553, 1616693406.321989]
[1616693403.5138874, 1616693406.2331645]
[1616693403.6363037, 1616693406.3376799]
[1616693403.621645, 1616693406.3490329]
[1616693403.757284, 1616693406.5164442]
[1616693403.6417215, 1616693406.371684]
[1616693403.73727, 1616693406.4338176]
[1616693403.6570992, 1616693406.3889854]
[1616693403.8323443, 1616693406.5623775]
[1616693403.703404, 1616693406.4676135]
[1616693403.6634376, 1616693406.415254]
[1616693403.9862175, 1616693406.693873]
[1616693404.0200748, 1616693406.7815294]
[1616693404.1996815, 1616693406.9322734]
[1616693404.310238, 1616693407.0553298]
[1616693404.0623996, 1616693406.8257587]
[1616693404.0200534, 1616693406.755918]
[1616693404.143373, 1616693406.910204]
[1616693404.3457284, 1616693407.061056]
[1616693404.3077993, 1616693407.0362065]
[1616693404.4389138, 1616693407.1457598]
[1616693404.3154075, 1616693407.0618212]
[1616693404.3779213, 1616693407.1651301]
[1616693404.3057525, 1616693407.0555995]
[1616693404.6802104, 1616693407.441202]
[1616693404.6473062, 1616693407.3935459]
[1616693404.5674903, 1616693407.318858]
[1616693404.6859086, 1616693407.3900955]
[1616693404.7730508, 1616693407.5197852]
[1616693404.6611142, 1616693407.4391744]
[1616693404.7533221, 1616693407.5053158]
[1616693404.8518696, 1616693407.5924008]
[1616693404.8427331, 1616693407.6236815]
[1616693405.1186197, 1616693407.8513858]
[1616693405.0302403, 1616693407.759783]
[1616693404.9274602, 1616693407.6678102]
[1616693405.1386983, 1616693407.8695114]
[1616693405.0776818, 1616693407.8211834]
[1616693405.2436836, 1616693407.9872415]
[1616693405.3781207, 1616693408.061812]
[1616693405.2938104, 1616693408.0210214]
[1616693405.4013076, 1616693408.1414797]
[1616693405.495081, 1616693408.24399]
[1616693405.30656, 1616693408.003656]
[1616693405.5464804, 1616693408.6690419]
[1616693405.3641963, 1616693408.115798]
[1616693405.5301332, 1616693408.267168]
[1616693405.5585754, 1616693408.290426]
[1616693405.5424407, 1616693408.2938478]
[1616693405.9256585, 1616693408.6975846]
[1616693405.720733, 1616693408.4180825]
[1616693405.7754982, 1616693408.5168567]
[1616693405.5957706, 1616693408.3045177]
[1616693405.9547503, 1616693408.75348]
[1616693405.940936, 1616693408.7287085]
[1616693406.1900525, 1616693408.9613461]
[1616693406.0850651, 1616693408.8522215]
[1616693406.0030487, 1616693408.7877054]
[1616693406.0322578, 1616693408.7780483]
[1616693406.1358886, 1616693408.8687751]
[1616693406.2086523, 1616693408.9487166]
[1616693406.394648, 1616693409.148357]
[1616693406.2591088, 1616693408.982164]
[1616693406.3470733, 1616693409.043934]
[1616693406.4978366, 1616693409.2383513]
[1616693406.4778206, 1616693409.2341015]
[1616693406.6432333, 1616693409.3684552]
[1616693406.74191, 1616693409.492542]
[1616693406.7892628, 1616693409.588846]
[1616693406.9190993, 1616693409.6577473]
[1616693406.8355503, 1616693409.5823588]
[1616693406.7387228, 1616693409.4782596]
[1616693406.876988, 1616693409.605421]
[1616693406.722148, 1616693409.418683]
[1616693406.834355, 1616693409.5902078]
[1616693406.8897114, 1616693409.61689]
[1616693407.1460886, 1616693409.8755076]
[1616693407.0275402, 1616693409.787017]
[1616693407.1211984, 1616693409.8771684]
[1616693407.2312393, 1616693410.0125074]
[1616693407.3194427, 1616693409.9932945]
[1616693407.5432715, 1616693410.2621973]
[1616693407.3965507, 1616693410.105313]
[1616693407.4655333, 1616693410.2397308]
[1616693407.577315, 1616693410.3374567]
[1616693407.7002943, 1616693410.443689]
[1616693407.6918015, 1616693410.435491]
[1616693407.4484544, 1616693410.2155037]
[1616693407.660827, 1616693410.535928]
[1616693407.7737381, 1616693410.50575]
[1616693407.9042025, 1616693410.6428626]
[1616693407.8099375, 1616693410.5682306]
[1616693407.8140805, 1616693410.5686934]
[1616693408.030939, 1616693410.7869248]
[1616693408.143379, 1616693410.9001014]
[1616693407.9746473, 1616693410.734018]
[1616693408.1402085, 1616693410.9108293]
[1616693408.1170468, 1616693410.821107]
[1616693408.315341, 1616693411.0243416]
[1616693408.0897367, 1616693410.789756]
[1616693408.1942654, 1616693410.9328465]
[1616693408.3742392, 1616693411.1250901]
[1616693408.201681, 1616693410.939191]
[1616693408.5117698, 1616693411.2090657]
[1616693408.3455782, 1616693411.1201625]
[1616693408.541453, 1616693411.2904024]
[1616693408.7542021, 1616693411.56098]
[1616693408.6688871, 1616693411.4070175]
[1616693408.8466082, 1616693411.6312122]
[1616693408.6068306, 1616693411.3593366]
[1616693408.7179253, 1616693411.5027711]
[1616693408.6008732, 1616693411.3392153]
[1616693408.7904325, 1616693411.5435278]
[1616693409.0270424, 1616693411.772922]
[1616693409.1491637, 1616693411.912881]
[1616693408.8729777, 1616693411.6260827]
[1616693408.9765282, 1616693411.7372892]
[1616693409.020612, 1616693411.7516448]
[1616693409.0510764, 1616693411.751873]
[1616693409.1237261, 1616693411.8536263]
[1616693409.3500881, 1616693412.1551416]
[1616693409.2600005, 1616693411.974894]
[1616693409.2062137, 1616693411.9251122]
[1616693409.2815335, 1616693412.0443363]
[1616693409.4528623, 1616693412.1517231]
[1616693409.413825, 1616693412.14834]
[1616693409.6422422, 1616693412.3817985]
[1616693409.5485013, 1616693412.3243592]
[1616693409.5886068, 1616693412.32175]
[1616693409.5717301, 1616693412.3475037]
[1616693409.7062566, 1616693412.4378648]
[1616693409.606525, 1616693412.3721914]
[1616693409.8487868, 1616693412.6020432]
[1616693409.8677115, 1616693412.6202662]
[1616693409.7763655, 1616693412.5432844]
[1616693410.1522853, 1616693412.8680587]
[1616693410.0712197, 1616693412.8291392]
[1616693409.7632298, 1616693412.516131]
[1616693410.0771587, 1616693412.7594995]
[1616693409.928893, 1616693412.6710575]
[1616693410.149746, 1616693412.8583782]
[1616693410.2909312, 1616693413.0192611]
[1616693410.2059302, 1616693412.9415658]
[1616693410.1741116, 1616693412.9039135]
[1616693410.161044, 1616693412.9350224]
[1616693410.4344945, 1616693413.1842744]
[1616693410.3498638, 1616693413.1114602]
[1616693410.4335334, 1616693413.191296]
[1616693410.3612783, 1616693413.1372788]
[1616693410.5643988, 1616693413.3067136]
[1616693410.6119905, 1616693413.3879564]
[1616693410.5502462, 1616693413.3695016]
[1616693410.4709582, 1616693413.2588522]
[1616693410.7151425, 1616693413.5018508]
[1616693410.715681, 1616693413.4595497]
[1616693410.7181196, 1616693413.4360373]
[1616693410.6896443, 1616693413.4367125]
[1616693410.6868894, 1616693413.4462662]
[1616693410.8276885, 1616693413.5280175]
[1616693410.9194002, 1616693413.7394445]
[1616693411.0788367, 1616693413.8581285]
[1616693411.3968182, 1616693414.1506526]
[1616693410.9529624, 1616693413.726883]
[1616693411.0956857, 1616693413.8326783]
[1616693411.0715656, 1616693413.7879977]
[1616693411.1175623, 1616693413.8047595]
[1616693411.163379, 1616693413.896006]
[1616693411.338832, 1616693414.073817]
[1616693411.619392, 1616693414.3664222]
[1616693411.4058516, 1616693414.1027293]
[1616693411.3588126, 1616693414.1136494]
[1616693411.5036685, 1616693414.2717817]
[1616693411.6477175, 1616693414.4068544]
[1616693411.7590168, 1616693414.4688923]
[1616693411.6477826, 1616693414.435026]
[1616693411.8586228, 1616693414.6017394]
[1616693411.7242982, 1616693414.4673483]
[1616693411.6132746, 1616693414.374169]
[1616693411.6075423, 1616693414.377245]
[1616693411.7679455, 1616693414.4661496]
[1616693412.0934153, 1616693414.924953]
[1616693411.9281232, 1616693414.6871765]
[1616693412.100007, 1616693414.8035169]
[1616693412.100876, 1616693414.832336]
[1616693412.1082077, 1616693414.8381677]
[1616693412.38451, 1616693415.1495914]
[1616693412.1516209, 1616693414.926784]
[1616693412.4141653, 1616693415.147795]
[1616693412.4275405, 1616693415.1889102]
[1616693412.4838946, 1616693415.2277591]
[1616693412.605654, 1616693415.3417845]
[1616693412.5483613, 1616693415.3205664]
[1616693412.5274646, 1616693415.2531855]
[1616693412.432592, 1616693415.1937783]
[1616693412.7159085, 1616693415.470177]
[1616693412.7780075, 1616693415.451219]
[1616693412.8359454, 1616693415.597943]
[1616693412.6954331, 1616693415.4419358]
[1616693412.8930998, 1616693415.6209333]
[1616693413.0346842, 1616693415.7614887]
[1616693413.2190237, 1616693416.0210025]
[1616693413.0476294, 1616693415.7793822]
[1616693412.685173, 1616693415.4443655]
[1616693412.915253, 1616693415.6501024]
[1616693413.09718, 1616693415.8388636]
[1616693413.2008421, 1616693415.963575]
[1616693413.1917222, 1616693415.9223561]
[1616693413.5010638, 1616693416.2386992]
[1616693413.3492308, 1616693416.0791345]
[1616693413.5050843, 1616693416.261871]
[1616693413.2666564, 1616693416.0275576]
[1616693413.3830788, 1616693416.1893992]
[1616693413.4972167, 1616693416.2352798]
[1616693413.54418, 1616693416.2503166]
[1616693413.807301, 1616693416.5323906]
[1616693413.796244, 1616693416.5083559]
[1616693413.7511823, 1616693416.4911513]
[1616693413.7803462, 1616693416.5233152]
[1616693413.7467594, 1616693416.50248]
[1616693413.964031, 1616693416.7350779]
[1616693413.9112744, 1616693416.6409917]
[1616693414.0690303, 1616693416.7603445]
[1616693414.0684872, 1616693416.8066833]
[1616693414.2085397, 1616693416.9458084]
[1616693414.1233962, 1616693416.876071]
[1616693414.164746, 1616693416.9070706]
[1616693414.1904716, 1616693416.8830125]
[1616693414.3116424, 1616693417.042755]
[1616693414.3702614, 1616693417.0912228]
[1616693414.3574252, 1616693417.1054752]
[1616693414.3783057, 1616693417.1303122]
[1616693414.3271902, 1616693417.102661]
[1616693414.5680134, 1616693417.2785137]
[1616693414.8162441, 1616693417.5263968]
[1616693414.6509993, 1616693417.3990583]
[1616693414.6863656, 1616693417.4381473]
[1616693414.83697, 1616693417.6033063]
[1616693414.8374887, 1616693417.6437314]
[1616693414.7530944, 1616693417.504283]
[1616693414.7116823, 1616693417.5352457]
[1616693414.7286239, 1616693417.5051312]
[1616693414.83291, 1616693417.6139278]
[1616693414.7178953, 1616693417.4238896]
[1616693415.041984, 1616693417.8061726]
[1616693415.2636566, 1616693417.9961774]
[1616693415.084489, 1616693417.8210204]
[1616693415.2031448, 1616693417.9529276]
[1616693415.2187538, 1616693417.9516854]
[1616693415.3106947, 1616693418.0491052]
[1616693415.4455912, 1616693418.1729095]
[1616693415.3153222, 1616693418.0842998]
[1616693415.4110618, 1616693418.1365018]
[1616693415.5130289, 1616693418.2671487]
[1616693415.53999, 1616693418.232122]
[1616693415.430965, 1616693418.1820142]
[1616693415.5995095, 1616693418.3776643]
[1616693415.8333278, 1616693418.5764425]
[1616693415.7232673, 1616693418.4660723]
[1616693415.9044766, 1616693418.6468325]
[1616693415.9295862, 1616693418.664767]
[1616693416.0194635, 1616693418.8139732]
[1616693415.927674, 1616693418.6569686]
[1616693416.035825, 1616693418.8393717]
[1616693415.983788, 1616693418.7439258]
[1616693416.1842854, 1616693418.9284453]
[1616693416.0055056, 1616693418.7349417]
[1616693416.2720094, 1616693418.9734933]
[1616693416.3267765, 1616693419.0497682]
[1616693416.2130105, 1616693419.006632]
[1616693416.2885706, 1616693419.0305037]
[1616693416.50987, 1616693419.2634811]
[1616693416.5256414, 1616693419.2487674]
[1616693416.4748924, 1616693419.2053206]
[1616693416.4907968, 1616693419.2597675]
[1616693416.5642726, 1616693419.271285]
[1616693416.7555048, 1616693419.5268977]
[1616693416.8236873, 1616693419.5597978]
[1616693416.6720786, 1616693419.4104826]
[1616693416.7226589, 1616693419.4603288]
[1616693416.8096714, 1616693419.4853137]
[1616693417.2154179, 1616693419.928042]
[1616693416.7303333, 1616693419.4721448]
[1616693416.9846423, 1616693419.7447798]
[1616693417.1199107, 1616693419.8924155]
[1616693416.9163797, 1616693419.6693704]
[1616693417.138788, 1616693419.8781753]
[1616693417.1290138, 1616693419.8988407]
[1616693417.078102, 1616693419.8227463]
[1616693417.3952248, 1616693420.1547015]
[1616693417.2278638, 1616693419.9226573]
[1616693417.3747733, 1616693420.087135]
[1616693417.3922215, 1616693420.1534421]
[1616693417.3974357, 1616693420.1349287]
[1616693417.4342766, 1616693420.1370466]
[1616693417.6028466, 1616693420.3801892]
[1616693417.5637915, 1616693420.258327]
[1616693417.4032598, 1616693420.1238687]
[1616693417.5440016, 1616693420.3148625]
[1616693417.8787506, 1616693420.6398375]
[1616693418.0081053, 1616693420.7479687]
[1616693417.696266, 1616693420.4502532]
[1616693417.6141715, 1616693420.3540776]
[1616693417.963213, 1616693420.7141268]
[1616693417.8549867, 1616693420.6048176]
[1616693418.130111, 1616693420.856602]
[1616693418.1130953, 1616693420.8760056]
[1616693418.2767963, 1616693421.0109932]
[1616693418.4721758, 1616693421.2114396]
[1616693418.4600496, 1616693421.227284]
[1616693418.4981213, 1616693421.2343946]
[1616693418.3801868, 1616693421.1965096]
[1616693418.290322, 1616693420.9314146]
[1616693418.3162978, 1616693421.0810347]
[1616693418.5828025, 1616693421.3380883]
[1616693418.3607004, 1616693421.0894763]
[1616693418.6078014, 1616693421.3858032]
[1616693418.8869038, 1616693421.6815083]
[1616693418.6233594, 1616693421.3735495]
[1616693418.6697977, 1616693421.4058135]
[1616693418.7827964, 1616693421.53707]
[1616693418.921363, 1616693421.6544337]
[1616693419.0059562, 1616693421.7030454]
[1616693418.9053996, 1616693421.6353226]
[1616693419.069491, 1616693421.8133533]
[1616693418.87737, 1616693421.6335762]
[1616693419.0331354, 1616693421.8323789]
[1616693419.0884511, 1616693421.8527455]
[1616693419.2378025, 1616693421.9733932]
[1616693419.4369009, 1616693422.1800425]
[1616693419.2097805, 1616693421.962584]
[1616693419.26031, 1616693422.0126085]
[1616693419.1955419, 1616693421.9517097]
[1616693419.4975252, 1616693422.2595525]
[1616693419.2764983, 1616693422.0328708]
[1616693419.6228406, 1616693422.4246612]
[1616693419.6203384, 1616693422.353604]
[1616693419.7364752, 1616693422.4810069]
[1616693419.492719, 1616693422.190566]
[1616693420.0265534, 1616693422.7387357]
[1616693419.7520037, 1616693422.4976127]
[1616693419.5272853, 1616693422.260746]
[1616693419.6223829, 1616693422.3724732]
[1616693419.8571916, 1616693422.676213]
[1616693419.8111844, 1616693422.60255]
[1616693420.2959974, 1616693423.0024025]
[1616693420.0542688, 1616693422.7505193]
[1616693419.8013442, 1616693422.5545318]
[1616693420.2701783, 1616693423.0360768]
[1616693420.2992, 1616693423.0370817]
[1616693420.127063, 1616693422.8501287]
[1616693420.0771322, 1616693422.8629613]
[1616693420.4991102, 1616693423.2469094]
[1616693420.2656732, 1616693423.019835]
[1616693420.2261512, 1616693422.9965582]
[1616693420.6277583, 1616693423.336523]
[1616693420.4684978, 1616693423.229543]
[1616693420.5180912, 1616693423.2849]
[1616693420.452276, 1616693423.2428985]
[1616693420.675494, 1616693423.440402]
[1616693420.680441, 1616693423.4346874]
[1616693420.7920504, 1616693423.559254]
[1616693420.6896007, 1616693423.4315279]
[1616693420.6966157, 1616693423.3959165]
[1616693419.7751215, 1616693422.5352023]
[1616693420.6108012, 1616693423.3500834]
[1616693420.7657475, 1616693423.508821]
[1616693420.9863207, 1616693423.6582148]
[1616693421.2200708, 1616693423.97693]
[1616693421.251027, 1616693424.0873084]
[1616693421.082016, 1616693423.8314822]
[1616693421.3041823, 1616693424.0867362]
[1616693421.352025, 1616693424.0970275]
[1616693421.2309108, 1616693423.9759948]
[1616693421.179986, 1616693423.91277]
[1616693421.4925325, 1616693424.2628028]
[1616693421.5697045, 1616693424.327504]
[1616693421.4267688, 1616693424.1991367]
[1616693421.4120336, 1616693424.164402]
[1616693421.6111135, 1616693424.3399997]
[1616693421.687601, 1616693424.447045]
[1616693421.6060133, 1616693424.3354592]
[1616693421.5885427, 1616693424.3453465]
[1616693421.7777908, 1616693424.4767964]
[1616693421.5250669, 1616693424.2961044]
[1616693421.691432, 1616693424.4263945]
[1616693422.0139775, 1616693424.7519193]
[1616693422.0225177, 1616693424.7357738]
[1616693421.845164, 1616693424.6403043]
[1616693421.9710474, 1616693424.6973493]
[1616693422.1327345, 1616693424.8999343]
[1616693422.1798725, 1616693424.9197712]
[1616693421.9901156, 1616693424.7089381]
[1616693421.9519894, 1616693424.8087442]
[1616693422.3090181, 1616693425.05363]
[1616693422.1889405, 1616693424.9492273]
[1616693422.3258178, 1616693425.0044878]
[1616693422.3563612, 1616693425.1023197]
[1616693422.2839887, 1616693425.0582335]
[1616693422.4830067, 1616693425.2188394]
[1616693422.465429, 1616693425.2184718]
[1616693422.5430338, 1616693425.3387003]
[1616693422.605218, 1616693425.3518708]
[1616693422.6993842, 1616693425.466741]
[1616693422.7300637, 1616693425.47356]
[1616693422.4965158, 1616693425.2467973]
[1616693422.7601829, 1616693425.4528604]
[1616693422.8098154, 1616693425.5281587]
[1616693422.9607618, 1616693425.7463238]
[1616693422.9808056, 1616693425.6998317]
[1616693422.6719368, 1616693425.4392529]
[1616693423.11984, 1616693425.8728063]
[1616693423.3493671, 1616693426.0631547]
[1616693423.1971962, 1616693425.9683912]
[1616693423.181516, 1616693425.9057472]
[1616693423.1868827, 1616693425.8796344]
[1616693423.304125, 1616693426.0957978]
[1616693423.212151, 1616693425.946556]
[1616693423.1585295, 1616693425.9113712]
[1616693423.3753266, 1616693426.1085467]
[1616693423.4486496, 1616693426.2145689]
[1616693423.4509869, 1616693426.1862106]
[1616693423.2699757, 1616693426.027891]
[1616693423.445139, 1616693426.1955197]
[1616693423.5378525, 1616693426.2686753]
[1616693423.6757903, 1616693426.4383473]
[1616693423.767661, 1616693426.461588]
[1616693423.6724215, 1616693426.3209803]
[1616693423.9615269, 1616693426.7074301]
[1616693423.8860235, 1616693426.6544118]
[1616693423.9527695, 1616693426.676151]
[1616693423.8996174, 1616693426.64302]
[1616693423.8397338, 1616693426.6034513]
[1616693424.1222055, 1616693426.8539162]
[1616693423.8883493, 1616693426.6836128]
[1616693423.9633012, 1616693426.692264]
[1616693424.1045017, 1616693426.8460867]
[1616693424.104497, 1616693426.844292]
[1616693424.1588485, 1616693426.9064803]
[1616693424.483118, 1616693427.19205]
[1616693424.3438008, 1616693427.059235]
[1616693424.422155, 1616693427.190182]
[1616693424.546229, 1616693427.3232808]
[1616693424.5438955, 1616693427.2930512]
[1616693424.453317, 1616693427.212635]
[1616693424.7226143, 1616693427.456422]
[1616693424.4983273, 1616693427.249088]
[1616693424.734591, 1616693427.4678633]
[1616693424.685369, 1616693427.4840684]
[1616693424.6875439, 1616693427.4978974]
[1616693424.7660992, 1616693427.5057545]
[1616693424.871434, 1616693427.63735]
[1616693424.7426677, 1616693427.4773326]
[1616693424.8622854, 1616693427.6321492]
[1616693424.9528222, 1616693427.681949]
[1616693424.8418252, 1616693427.6015806]
[1616693425.2223904, 1616693427.958754]
[1616693425.1475396, 1616693427.8840744]
[1616693425.0694048, 1616693427.7988522]
[1616693425.2915072, 1616693428.0414195]
[1616693425.3657167, 1616693428.129737]
[1616693425.342805, 1616693428.1556885]
[1616693425.3625026, 1616693428.1270235]
[1616693425.4138906, 1616693428.109191]
[1616693425.7789257, 1616693428.4793227]
[1616693425.4835508, 1616693428.229972]
[1616693425.3280597, 1616693428.0447257]
[1616693425.4919314, 1616693428.2755966]
[1616693425.8177488, 1616693428.6029816]
[1616693425.582086, 1616693428.2997055]
[1616693425.4454012, 1616693428.185787]
[1616693425.8978524, 1616693428.596235]
[1616693425.8110175, 1616693428.553021]
[1616693425.7134774, 1616693428.4308245]
[1616693426.0202901, 1616693428.7866209]
[1616693425.9125516, 1616693428.6465151]
[1616693425.7608554, 1616693428.5652974]
[1616693425.8673604, 1616693428.5941792]
[1616693426.1114886, 1616693428.9064317]
[1616693425.9369135, 1616693428.732101]
[1616693425.96174, 1616693428.6914773]
[1616693426.2067022, 1616693428.9491265]
[1616693426.416168, 1616693429.191823]
[1616693426.4206507, 1616693429.166759]
[1616693426.3704221, 1616693429.102772]
[1616693426.5508468, 1616693429.2984824]
[1616693426.4799712, 1616693429.1794822]
[1616693426.3302639, 1616693428.97156]
[1616693426.4555542, 1616693429.2112837]
[1616693426.4630847, 1616693429.1890025]
[1616693426.6261618, 1616693429.3782172]
[1616693426.4670684, 1616693429.1912344]
[1616693426.6704218, 1616693429.4063613]
[1616693426.788124, 1616693429.5179565]
[1616693426.7517517, 1616693429.4974072]
[1616693426.8015046, 1616693429.5867069]
[1616693427.0998402, 1616693429.8332465]
[1616693426.800224, 1616693429.5400996]
[1616693426.9486818, 1616693429.6715283]
[1616693427.016001, 1616693429.7585945]
[1616693426.9985187, 1616693429.7652183]
[1616693426.9063609, 1616693429.6872995]
[1616693427.0682056, 1616693429.7799275]
[1616693427.0484488, 1616693429.7958467]
[1616693427.2113428, 1616693429.916372]
[1616693427.2800584, 1616693430.0044136]
[1616693427.4756722, 1616693430.2150707]
[1616693427.623634, 1616693430.4223483]
[1616693427.661726, 1616693430.42244]
[1616693427.5565038, 1616693430.294645]
[1616693427.4707959, 1616693430.2407203]
[1616693427.791272, 1616693430.5035582]
[1616693427.727197, 1616693430.4880567]
[1616693427.67839, 1616693430.478261]
[1616693427.6514084, 1616693430.4336474]
[1616693427.6367066, 1616693430.4468434]
[1616693427.962076, 1616693430.6905456]
[1616693427.9528356, 1616693430.7393434]
[1616693428.1400928, 1616693430.887694]
[1616693427.9121504, 1616693430.6531641]
[1616693427.9355154, 1616693430.6696177]
[1616693428.2144935, 1616693430.8929398]
[1616693428.2082748, 1616693430.9466677]
[1616693428.1384196, 1616693430.965388]
[1616693428.2475226, 1616693430.9910777]
[1616693428.290411, 1616693431.0372462]
[1616693428.1687245, 1616693430.9096615]
[1616693428.4524283, 1616693431.1684017]
[1616693428.657102, 1616693431.374748]
[1616693428.7205806, 1616693431.4736617]
[1616693428.4434454, 1616693431.1854]
[1616693428.5888476, 1616693431.3512142]
[1616693428.474462, 1616693431.1988258]
[1616693428.6194928, 1616693431.4028652]
[1616693428.671387, 1616693431.3588648]
[1616693428.7192152, 1616693431.4220142]
[1616693428.879703, 1616693431.642117]
[1616693428.6845217, 1616693431.405694]
[1616693428.6989002, 1616693431.4329636]
[1616693428.6876392, 1616693431.427502]
[1616693428.898622, 1616693431.6425338]
[1616693429.0424955, 1616693431.7256536]
[1616693429.1296887, 1616693431.8558855]
[1616693429.1659627, 1616693431.9306939]
[1616693429.2637773, 1616693432.0310996]
[1616693429.2980137, 1616693432.0086687]
[1616693429.096475, 1616693431.837449]
[1616693429.3289874, 1616693432.0483935]
[1616693429.2112665, 1616693431.9699569]
[1616693429.4864216, 1616693432.244959]
[1616693429.6396174, 1616693432.424574]
[1616693429.64267, 1616693432.37828]
[1616693429.3238263, 1616693432.0598764]
[1616693429.5634987, 1616693432.278844]
[1616693429.7443545, 1616693432.5293045]
[1616693430.1055195, 1616693432.8348074]
[1616693429.6504023, 1616693432.4293034]
[1616693429.9482043, 1616693432.6443007]
[1616693429.8582253, 1616693432.5928116]
[1616693430.0584607, 1616693432.783202]
[1616693430.146471, 1616693432.889261]
[1616693429.9519484, 1616693432.698622]
[1616693429.9592025, 1616693432.694901]
[1616693429.9153519, 1616693432.646345]
[1616693430.1617484, 1616693432.8643959]
[1616693430.2195272, 1616693432.9546218]
[1616693430.0045958, 1616693432.7482107]
[1616693430.375113, 1616693433.09272]
[1616693430.3279452, 1616693433.0735571]
[1616693430.5153055, 1616693433.2253468]
[1616693430.4651582, 1616693433.2798862]
[1616693430.3862603, 1616693433.1172047]
[1616693430.374394, 1616693433.1096349]
[1616693430.4958735, 1616693433.2305806]
[1616693430.5383234, 1616693433.3364985]
[1616693430.6080425, 1616693433.4149203]
[1616693430.7040668, 1616693433.4318857]
[1616693430.930572, 1616693433.669261]
[1616693430.7401943, 1616693433.4728353]
[1616693430.7367818, 1616693433.4818687]
[1616693431.0763655, 1616693433.8073897]
[1616693431.114155, 1616693433.8032112]
[1616693430.9897647, 1616693433.744786]
[1616693431.45292, 1616693434.1756818]
[1616693431.1999624, 1616693433.9206545]
[1616693431.100154, 1616693433.8473635]
[1616693431.1101856, 1616693433.8718872]
[1616693431.2043924, 1616693433.9125228]
[1616693431.1436667, 1616693433.8965154]
[1616693431.3569252, 1616693434.1193595]
[1616693431.2847853, 1616693434.042963]
[1616693431.3129947, 1616693434.0784068]
[1616693431.1894848, 1616693433.9155529]
[1616693431.538015, 1616693434.2823467]
[1616693431.5571494, 1616693434.3019063]
[1616693431.8195298, 1616693434.5264368]
[1616693431.6321213, 1616693434.328129]
[1616693431.714232, 1616693434.4984627]
[1616693431.7238455, 1616693434.5094538]
[1616693432.0073528, 1616693434.7578835]
[1616693431.8148396, 1616693434.5523086]
[1616693431.9207036, 1616693434.643362]
[1616693431.9804873, 1616693434.7363062]
[1616693431.9927578, 1616693434.755327]
[1616693432.3145962, 1616693435.0344555]
[1616693432.211613, 1616693434.9383407]
[1616693432.19287, 1616693434.9461381]
[1616693432.4279504, 1616693435.1515737]
[1616693432.1924784, 1616693434.9201622]
[1616693432.1612175, 1616693434.9182577]
[1616693432.3180363, 1616693435.1231964]
[1616693432.3201637, 1616693435.079842]
[1616693432.5016613, 1616693435.251053]
[1616693432.5293345, 1616693435.2898674]
[1616693432.4299264, 1616693435.122393]
[1616693432.433281, 1616693435.2550702]
[1616693432.5287538, 1616693435.3136926]
[1616693432.3551605, 1616693435.0641825]
[1616693432.6842535, 1616693435.424967]
[1616693432.607093, 1616693435.344535]
[1616693432.906726, 1616693435.6627831]
[1616693432.7445266, 1616693435.4757235]
[1616693432.90723, 1616693435.6294692]
[1616693432.745588, 1616693435.483497]
[1616693432.9104285, 1616693435.6270423]
[1616693433.0238469, 1616693435.7618754]
[1616693433.0754385, 1616693435.8203242]
[1616693433.090049, 1616693435.8615623]
[1616693433.0791354, 1616693435.8250563]
[1616693433.0967884, 1616693435.804673]
[1616693433.2107244, 1616693435.9798477]
[1616693433.4244456, 1616693436.184071]
[1616693433.2802088, 1616693435.9899154]
[1616693433.2904215, 1616693436.0726488]
[1616693433.2427907, 1616693435.9744759]
[1616693433.6579561, 1616693436.4030092]
[1616693433.3481367, 1616693436.179139]
[1616693433.6433997, 1616693436.3739784]
[1616693433.6985164, 1616693436.546508]
[1616693433.3882942, 1616693436.143993]
[1616693433.6855092, 1616693436.4229355]
[1616693433.5994227, 1616693436.3343775]
[1616693433.6735656, 1616693436.432019]
[1616693433.642147, 1616693436.3876133]
[1616693433.9435542, 1616693436.6638331]
[1616693433.8611267, 1616693436.6393664]
[1616693433.9194183, 1616693436.6500504]
[1616693433.9788358, 1616693436.7537673]
[1616693434.2640302, 1616693436.9735222]
[1616693434.0905418, 1616693436.8402874]
[1616693433.9734352, 1616693436.701392]
[1616693434.0357223, 1616693436.7977083]
[1616693434.168141, 1616693436.9178684]
[1616693434.332295, 1616693437.0736523]
[1616693434.402769, 1616693437.1101298]
[1616693434.316038, 1616693437.0765016]
[1616693434.485691, 1616693437.2171736]
[1616693434.4726615, 1616693437.2464786]
[1616693434.4887564, 1616693437.1610801]
[1616693434.5390625, 1616693437.2259476]
[1616693434.5478795, 1616693437.3173769]
[1616693434.5896568, 1616693437.3360472]
[1616693434.5946012, 1616693437.3540983]
[1616693434.7953832, 1616693437.5591633]
[1616693434.6021912, 1616693437.401015]
[1616693434.9036062, 1616693437.67574]
[1616693434.9391158, 1616693437.6760046]
[1616693434.911597, 1616693437.6871305]
[1616693435.2413242, 1616693437.9957259]
[1616693435.3015373, 1616693438.0205414]
[1616693435.1525917, 1616693437.8880324]
[1616693435.1187682, 1616693437.8299232]
[1616693435.0910852, 1616693437.8437066]
[1616693435.3670504, 1616693438.10003]
[1616693435.2655869, 1616693438.0496202]
[1616693435.2651272, 1616693438.0066473]
[1616693435.279659, 1616693437.9717104]
[1616693435.389103, 1616693438.137611]
[1616693435.3792658, 1616693438.1423287]
[1616693435.294649, 1616693438.0669277]
[1616693435.4719243, 1616693438.2317162]
[1616693435.5361648, 1616693438.2686322]
[1616693435.8461647, 1616693438.6525695]
[1616693435.6624343, 1616693438.3629832]
[1616693435.6716628, 1616693438.4340417]
[1616693435.846831, 1616693438.5679011]
[1616693435.7291956, 1616693438.4596643]
[1616693435.8023908, 1616693438.5370548]
[1616693435.9379356, 1616693438.7104857]
[1616693435.9459481, 1616693438.6478503]
[1616693436.0879905, 1616693438.861997]
[1616693436.4041028, 1616693439.1372418]
[1616693436.1229153, 1616693438.8449638]
[1616693436.5126543, 1616693439.2469773]
[1616693436.2040358, 1616693438.9667487]
[1616693436.179595, 1616693438.9135919]
[1616693436.5142229, 1616693439.2489955]
[1616693436.5273669, 1616693439.2564304]
[1616693436.564785, 1616693439.3225243]
[1616693436.6238923, 1616693439.3369634]
[1616693436.584102, 1616693439.371865]
[1616693436.414109, 1616693439.1449146]
[1616693436.6311693, 1616693439.3453994]
[1616693436.3691328, 1616693439.1248462]
[1616693436.6228125, 1616693439.3595045]
[1616693436.6116238, 1616693439.3422387]
[1616693436.8716462, 1616693439.652033]
[1616693436.7798226, 1616693439.5251439]
[1616693436.6860323, 1616693439.4044137]
[1616693436.8709059, 1616693439.6361783]
[1616693436.887625, 1616693439.6031241]
[1616693436.9955726, 1616693439.7311616]
[1616693437.12363, 1616693439.8321736]
[1616693437.024245, 1616693439.788581]
[1616693437.1807208, 1616693439.861812]
[1616693437.145755, 1616693439.8708806]
[1616693437.4057393, 1616693440.161592]
[1616693437.3489757, 1616693440.0661194]
[1616693437.3288586, 1616693440.108132]
[1616693437.3880513, 1616693440.1275835]
[1616693437.528199, 1616693440.2544422]
[1616693437.691357, 1616693440.4273906]
[1616693437.4486032, 1616693440.224349]
[1616693437.6734953, 1616693440.40467]
[1616693437.4822881, 1616693440.1537247]
[1616693437.5597234, 1616693440.3078833]
[1616693437.5850544, 1616693440.364701]
[1616693437.8033266, 1616693440.5559256]
[1616693438.001692, 1616693440.7545009]
[1616693438.0143979, 1616693440.7674842]
[1616693438.0440474, 1616693440.775128]
[1616693437.9370682, 1616693440.716235]
[1616693438.2378957, 1616693440.9973438]
[1616693438.1093557, 1616693440.8367875]
[1616693438.2078147, 1616693440.9677074]
[1616693438.0160506, 1616693440.7180128]
[1616693438.2736728, 1616693441.0085196]
[1616693438.137338, 1616693440.9076936]
[1616693438.2272868, 1616693440.9758384]
[1616693438.557965, 1616693441.2905416]
[1616693438.5864081, 1616693441.303251]
[1616693438.3004892, 1616693441.087146]
[1616693438.6786637, 1616693441.4137423]
[1616693438.4509473, 1616693441.2141097]
[1616693438.6939087, 1616693441.3980327]
[1616693438.533585, 1616693441.2586977]
[1616693438.7150095, 1616693441.4782996]
[1616693438.643023, 1616693441.3296556]
[1616693438.7582977, 1616693441.5024693]
[1616693438.8256843, 1616693441.5427802]
[1616693438.8661773, 1616693441.594256]
[1616693438.9742558, 1616693441.7529235]
[1616693439.2163079, 1616693441.9418485]
[1616693439.0025475, 1616693441.7350547]
[1616693439.0113227, 1616693441.7655435]
[1616693438.8820698, 1616693441.6448066]
[1616693439.1586778, 1616693441.8861096]
[1616693438.8764377, 1616693441.662844]
[1616693439.241961, 1616693441.9709616]
[1616693439.453254, 1616693442.1970012]
[1616693439.35487, 1616693442.082591]
[1616693439.4401376, 1616693442.3462136]
[1616693439.4515834, 1616693442.2077115]
[1616693439.4339056, 1616693442.1461759]
[1616693439.320149, 1616693442.0469413]
[1616693439.677879, 1616693442.4258041]
[1616693439.5956757, 1616693442.343619]
[1616693439.6206143, 1616693442.3376267]
[1616693439.7029967, 1616693442.751865]
[1616693439.6348875, 1616693442.3730488]
[1616693439.7259197, 1616693442.4850447]
[1616693439.7700028, 1616693442.491421]
[1616693439.7536306, 1616693442.469581]
[1616693439.821468, 1616693442.57296]
[1616693439.9166162, 1616693442.6336992]
[1616693440.0079095, 1616693442.675939]
[1616693440.0507743, 1616693442.7818363]
[1616693440.0764124, 1616693442.7986693]
[1616693440.058873, 1616693442.784875]
[1616693440.1575296, 1616693442.904515]
[1616693440.1043105, 1616693442.8634913]
[1616693440.26809, 1616693442.9920232]
[1616693440.3182015, 1616693443.0692952]
[1616693440.384816, 1616693443.1509876]
[1616693440.3366437, 1616693443.1106696]
[1616693440.5761936, 1616693443.3546605]
[1616693440.7042909, 1616693443.4622505]
[1616693440.5081608, 1616693443.2462747]
[1616693440.7027128, 1616693443.3683321]
[1616693440.6723006, 1616693443.405629]
[1616693440.6889794, 1616693443.47073]
[1616693440.725613, 1616693443.4264026]
[1616693440.7711353, 1616693443.4969928]
[1616693440.748286, 1616693443.4749722]
[1616693440.7166657, 1616693443.4259703]
[1616693440.7914135, 1616693443.511615]
[1616693441.1271198, 1616693443.9142008]
[1616693440.8461847, 1616693443.5735202]
[1616693440.902014, 1616693443.650756]
[1616693440.9347332, 1616693443.6943672]
[1616693441.024079, 1616693443.7460816]
[1616693441.192481, 1616693443.925673]
[1616693441.2674034, 1616693443.9999363]
[1616693441.479466, 1616693444.26025]
[1616693441.401576, 1616693444.1302128]
[1616693441.3632028, 1616693444.0605845]
[1616693441.4114974, 1616693444.114616]
[1616693441.483862, 1616693444.2372313]
[1616693441.6050951, 1616693444.3393207]
[1616693441.821695, 1616693444.5232604]
[1616693441.7952726, 1616693444.5321875]
[1616693441.895701, 1616693444.650557]
[1616693441.6975706, 1616693444.484172]
[1616693441.8000538, 1616693444.5544024]
[1616693442.0015767, 1616693444.7321415]
[1616693441.7632053, 1616693444.5634305]
[1616693441.7884002, 1616693444.5389404]
[1616693441.929539, 1616693444.6661382]
[1616693441.9763129, 1616693444.71244]
[1616693442.2123725, 1616693444.9726217]
[1616693441.9505723, 1616693444.699383]
[1616693441.8893085, 1616693444.6243634]
[1616693442.166249, 1616693444.8724153]
[1616693442.379557, 1616693445.093273]
[1616693442.2663949, 1616693444.9878876]
[1616693442.4372766, 1616693445.1770163]
[1616693442.7291887, 1616693445.4461374]
[1616693442.3761659, 1616693445.2201679]
[1616693442.5328536, 1616693445.284163]
[1616693442.7481709, 1616693445.5184944]
[1616693442.6170824, 1616693445.3681066]
[1616693442.9481013, 1616693445.675996]
[1616693442.7590659, 1616693445.5737627]
[1616693442.7093012, 1616693445.3908947]
[1616693442.8208897, 1616693445.5486913]
[1616693442.7990177, 1616693445.5989275]
[1616693442.8469641, 1616693445.5468488]
[1616693442.9382508, 1616693445.675969]
[1616693443.0723796, 1616693445.7886322]
[1616693443.1183538, 1616693445.8710158]
[1616693443.0606818, 1616693445.7788227]
[1616693443.146702, 1616693445.8974504]
[1616693443.1939454, 1616693445.9982698]
[1616693443.2202444, 1616693445.9302216]
[1616693443.3511798, 1616693446.0780447]
[1616693443.087951, 1616693445.840635]
[1616693443.6228762, 1616693446.3827584]
[1616693443.4563847, 1616693446.153402]
[1616693443.570115, 1616693446.2925825]
[1616693443.5858376, 1616693446.3127527]
[1616693443.50134, 1616693446.2327437]
[1616693443.5448282, 1616693446.2665792]
[1616693443.8686957, 1616693446.5992792]
[1616693443.8246474, 1616693446.5821476]
[1616693443.8071325, 1616693446.575274]
[1616693443.8586788, 1616693446.5725133]
[1616693443.6660953, 1616693446.446053]
[1616693443.9456084, 1616693446.6678023]
[1616693443.7620938, 1616693446.489745]
[1616693444.3036873, 1616693447.0627005]
[1616693444.3536398, 1616693447.0756707]
[1616693444.2913766, 1616693447.0571816]
[1616693444.1842062, 1616693446.958835]
[1616693444.319111, 1616693447.0257056]
[1616693444.362853, 1616693447.1509948]
[1616693444.501377, 1616693447.2660897]
[1616693444.4083, 1616693447.0607593]
[1616693444.3214056, 1616693447.057128]
[1616693444.312586, 1616693447.0314262]
[1616693444.5631547, 1616693447.3250353]
[1616693444.665501, 1616693447.4221077]
[1616693444.447091, 1616693447.2137427]
[1616693444.4519124, 1616693447.1589487]
[1616693444.765817, 1616693447.4929566]
[1616693444.8364642, 1616693447.5630429]
[1616693444.7525296, 1616693447.4805708]
[1616693444.7211533, 1616693447.450924]
[1616693444.8922179, 1616693447.6700356]
[1616693444.817704, 1616693447.565239]
[1616693444.8822982, 1616693447.5953653]
[1616693444.9864347, 1616693447.7107038]
[1616693445.0211928, 1616693447.766824]
[1616693444.9378238, 1616693447.6928465]
[1616693444.970464, 1616693447.6914089]
[1616693445.2223842, 1616693447.9598274]
[1616693445.3651304, 1616693448.089945]
[1616693445.4094973, 1616693448.0798142]
[1616693445.522161, 1616693448.2356935]
[1616693445.5065022, 1616693448.2962127]
[1616693445.4767132, 1616693448.1854455]
[1616693445.5120838, 1616693448.2262676]
[1616693445.6141808, 1616693448.3311992]
[1616693445.5011125, 1616693448.2532718]
[1616693445.6687958, 1616693448.3874085]
[1616693445.7699194, 1616693448.523908]
[1616693445.6052158, 1616693448.3450603]
[1616693445.597144, 1616693448.4343538]
[1616693445.655821, 1616693448.3502247]
[1616693445.704034, 1616693448.4456065]
[1616693445.7241023, 1616693448.4904115]
[1616693445.6674197, 1616693448.4393973]
[1616693445.9418998, 1616693448.6502848]
[1616693446.2120674, 1616693448.9915323]
[1616693445.8045511, 1616693448.516117]
[1616693446.1359186, 1616693448.8958173]
[1616693446.0880203, 1616693448.8106925]
[1616693446.1640542, 1616693448.8818123]
[1616693446.22914, 1616693449.0135174]
[1616693446.1997075, 1616693448.948176]
[1616693446.2869017, 1616693449.0045166]
[1616693446.2891858, 1616693449.0121133]
[1616693446.6030664, 1616693449.369337]
[1616693446.3991928, 1616693449.1619196]
[1616693446.8063252, 1616693449.5487196]
[1616693446.658193, 1616693449.3868418]
[1616693446.7131224, 1616693449.456911]
[1616693446.6044223, 1616693449.3206878]
[1616693446.5960302, 1616693449.368629]
[1616693446.6042886, 1616693449.3376427]
[1616693446.6666768, 1616693449.3949175]
[1616693446.800645, 1616693449.521922]
[1616693446.8861423, 1616693449.6410143]
[1616693446.8821914, 1616693449.6451325]
[1616693446.950235, 1616693449.747337]
[1616693446.8521018, 1616693449.5735307]
[1616693447.0915513, 1616693449.8076396]
[1616693446.9619951, 1616693449.678293]
[1616693447.0518627, 1616693449.7492979]
[1616693447.160012, 1616693449.9366527]
[1616693447.2842793, 1616693450.0801156]
[1616693447.1150331, 1616693449.8759742]
[1616693447.3825407, 1616693450.0814147]
[1616693447.4313035, 1616693450.1820626]
[1616693447.2900178, 1616693450.0655885]
[1616693447.361657, 1616693450.1596606]
[1616693447.466971, 1616693450.2026236]
[1616693447.6540725, 1616693450.398564]
[1616693447.5393732, 1616693450.3006828]
[1616693447.638707, 1616693450.3551078]
[1616693447.8888357, 1616693450.624924]
[1616693447.8706315, 1616693450.613542]
[1616693447.9261408, 1616693450.6639986]
[1616693447.5793607, 1616693450.3253548]
[1616693447.9151027, 1616693450.66352]
[1616693447.9964206, 1616693450.73904]
[1616693447.6792939, 1616693450.4443567]
[1616693448.1125705, 1616693450.8104565]
[1616693448.3390515, 1616693451.1180751]
[1616693448.2857015, 1616693451.0346456]
[1616693448.1043239, 1616693450.871965]
[1616693448.2190495, 1616693450.9423773]
[1616693448.294908, 1616693450.9940422]
[1616693448.4192789, 1616693451.1484358]
[1616693448.5955377, 1616693451.3042026]
[1616693448.5556736, 1616693451.3018498]
[1616693448.7739818, 1616693451.536492]
[1616693448.8289971, 1616693451.5731728]
[1616693448.783714, 1616693451.5511873]
[1616693448.4770308, 1616693451.2450302]
[1616693448.6627302, 1616693451.373222]
[1616693448.6307576, 1616693451.3760235]
[1616693448.9305246, 1616693451.7315438]
[1616693448.966853, 1616693451.7326777]
[1616693449.022041, 1616693451.7775617]
[1616693448.7862713, 1616693451.4703603]
[1616693449.0717435, 1616693451.8266082]
[1616693448.8730893, 1616693451.605153]
[1616693449.0632029, 1616693451.782342]
[1616693449.0925786, 1616693451.8046088]
[1616693449.0445666, 1616693451.7742782]
[1616693448.9184325, 1616693451.6167305]
[1616693449.079366, 1616693451.8457937]
[1616693449.1274176, 1616693451.8588138]
[1616693449.3994112, 1616693452.126448]
[1616693449.3299117, 1616693452.0515766]
[1616693449.2546194, 1616693452.0225694]
[1616693449.257541, 1616693451.9689634]
[1616693449.606596, 1616693452.329077]
[1616693449.3537734, 1616693452.1146035]
[1616693449.6610022, 1616693452.490636]
[1616693449.8572574, 1616693452.6122332]
[1616693449.6361709, 1616693452.4456089]
[1616693449.9101305, 1616693452.6884408]
[1616693449.6851687, 1616693452.3821132]
[1616693449.9798002, 1616693452.7602448]
[1616693450.0161176, 1616693452.7591264]
[1616693449.7870848, 1616693452.489438]
[1616693449.820719, 1616693452.5417588]
[1616693450.0049946, 1616693452.7379816]
[1616693449.9958858, 1616693452.7213502]
[1616693450.2740054, 1616693453.008448]
[1616693450.1676269, 1616693452.92655]
[1616693450.255285, 1616693452.9852426]
[1616693450.1356533, 1616693452.8500247]
[1616693450.3317156, 1616693453.0778818]
[1616693450.4412704, 1616693453.160868]
[1616693450.439437, 1616693453.1694608]
[1616693450.6845973, 1616693453.411786]
[1616693450.5668564, 1616693453.2865171]
[1616693450.5027769, 1616693453.327132]
[1616693450.6178432, 1616693453.3444104]
[1616693450.7691774, 1616693453.5499384]
[1616693450.6579063, 1616693453.4094656]
[1616693450.727443, 1616693453.49247]
[1616693450.72503, 1616693453.481457]
[1616693450.8475614, 1616693453.5242586]
[1616693450.9146552, 1616693453.6404705]
[1616693451.0517824, 1616693453.8047426]
[1616693450.9479413, 1616693453.6923966]
[1616693450.9571748, 1616693453.7314475]
[1616693450.984003, 1616693453.7446463]
[1616693451.1474073, 1616693453.8986003]
[1616693451.1545403, 1616693453.883846]
[1616693451.315619, 1616693454.0298247]
[1616693451.3221085, 1616693454.0697722]
[1616693451.2889593, 1616693454.0514877]
[1616693451.2652678, 1616693454.0378299]
[1616693451.0997655, 1616693453.792613]
[1616693451.553574, 1616693454.3115072]
[1616693451.493154, 1616693454.180364]
[1616693451.616752, 1616693454.3458698]
[1616693451.571906, 1616693454.33895]
[1616693451.7204602, 1616693454.4334402]
[1616693451.8464913, 1616693454.5996883]
[1616693451.768769, 1616693454.5342531]
[1616693451.6162953, 1616693454.3501308]
[1616693451.8085659, 1616693454.5249667]
[1616693451.8974147, 1616693454.6285439]
[1616693451.930471, 1616693454.815662]
[1616693452.091531, 1616693454.8659651]
[1616693452.1456175, 1616693454.8690507]
[1616693452.1565506, 1616693454.8951337]
[1616693452.0862532, 1616693454.803368]
[1616693452.2064853, 1616693454.9130418]
[1616693452.407, 1616693455.0858195]
[1616693452.3826914, 1616693455.1168115]
[1616693452.3172505, 1616693455.0728984]
[1616693452.2774541, 1616693454.9938703]
[1616693452.445794, 1616693455.2141619]
[1616693452.370778, 1616693455.125489]
[1616693452.6352735, 1616693455.4517848]
[1616693452.9609973, 1616693455.7188869]
[1616693452.6797364, 1616693455.477322]
[1616693452.8059928, 1616693455.5769637]
[1616693452.641934, 1616693455.3757305]
[1616693452.7543106, 1616693455.4767962]
[1616693453.0429168, 1616693455.796791]
[1616693452.810486, 1616693455.5664423]
[1616693452.9705348, 1616693455.6825283]
[1616693453.2726233, 1616693456.09813]
[1616693453.096299, 1616693455.8241913]
[1616693452.9855564, 1616693455.7005706]
[1616693453.2069895, 1616693455.9305613]
[1616693453.1771133, 1616693455.9071484]
[1616693453.2682755, 1616693456.0043557]
[1616693453.3063586, 1616693456.035407]
[1616693453.4562433, 1616693456.202112]
[1616693453.671878, 1616693456.4021752]
[1616693453.5279417, 1616693456.2754858]
[1616693453.5116286, 1616693456.2892737]
[1616693453.5606434, 1616693456.3200023]
[1616693453.5918088, 1616693456.2788086]
[1616693453.6730275, 1616693456.3998513]
[1616693453.7376266, 1616693456.502965]
[1616693453.7156181, 1616693456.4215758]
[1616693453.6833863, 1616693456.6885118]
[1616693453.70668, 1616693456.425001]
[1616693453.9087994, 1616693456.6366374]
[1616693453.6450233, 1616693456.3760993]
[1616693453.9486003, 1616693456.7178206]
[1616693453.965781, 1616693456.6770065]
[1616693454.1337411, 1616693456.8779407]
[1616693453.907898, 1616693456.6309607]
[1616693454.204936, 1616693456.890995]
[1616693453.9806974, 1616693456.7368722]
[1616693454.065458, 1616693456.8363688]
[1616693454.1370966, 1616693456.9253013]
[1616693454.2159827, 1616693457.1146917]
[1616693454.3160584, 1616693457.0537837]
[1616693454.382708, 1616693457.119806]
[1616693454.1817963, 1616693456.8915286]
[1616693454.4206808, 1616693457.1544654]
[1616693454.4688709, 1616693457.219637]
[1616693454.4627829, 1616693457.1585453]
[1616693454.5706882, 1616693457.3180594]
[1616693454.7282302, 1616693457.4815598]
[1616693454.673932, 1616693457.4060135]
[1616693454.7573907, 1616693457.4754033]
[1616693454.899855, 1616693457.6740956]
[1616693454.8848372, 1616693457.6164703]
[1616693454.9442995, 1616693457.6572]
[1616693455.0910504, 1616693457.786904]
[1616693455.1390953, 1616693457.9245994]
[1616693455.2107325, 1616693457.9938717]
[1616693455.1746383, 1616693457.9118154]
[1616693455.2060483, 1616693457.9366632]
[1616693455.3895683, 1616693458.1134326]
[1616693455.0653021, 1616693457.7786705]
[1616693455.2963853, 1616693458.0084715]
[1616693455.1880531, 1616693457.9416296]
[1616693455.250017, 1616693458.01424]
[1616693455.4093459, 1616693458.1401691]
[1616693455.329681, 1616693458.097409]
[1616693455.46726, 1616693458.4544322]
[1616693455.6002715, 1616693458.3409133]
[1616693455.703086, 1616693458.4145932]
[1616693455.5961332, 1616693458.3987398]
[1616693455.8757982, 1616693458.643494]
[1616693455.724098, 1616693458.4779756]
[1616693455.7627687, 1616693458.5365756]
[1616693455.9059412, 1616693458.6836693]
[1616693455.9966261, 1616693458.7148268]
[1616693455.7511675, 1616693458.5152626]
[1616693455.766413, 1616693458.4990003]
[1616693455.866006, 1616693458.6255312]
[1616693456.1901543, 1616693458.920658]
[1616693456.3090835, 1616693459.0735931]
[1616693456.2491663, 1616693458.9902961]
[1616693456.044272, 1616693458.7742076]
[1616693456.2576363, 1616693458.9832535]
[1616693456.2007644, 1616693458.9289126]
[1616693456.1577623, 1616693458.9597926]
[1616693456.5362713, 1616693459.2776105]
[1616693456.5344632, 1616693459.24777]
[1616693456.5112708, 1616693459.2836192]
[1616693456.5914297, 1616693459.3396056]
[1616693456.436387, 1616693459.1559007]
[1616693456.6203892, 1616693459.3505867]
[1616693456.6964552, 1616693459.539878]
[1616693456.7848592, 1616693459.548115]
[1616693456.6260352, 1616693459.3958435]
[1616693456.8837247, 1616693459.634276]
[1616693456.9836524, 1616693459.6990228]
[1616693456.8166654, 1616693459.5927453]
[1616693456.9566867, 1616693459.7087455]
[1616693457.2643936, 1616693460.008532]
[1616693457.0322251, 1616693459.718737]
[1616693457.2490323, 1616693459.9748192]
[1616693457.296455, 1616693460.0725384]
[1616693457.2436068, 1616693460.0049145]
[1616693457.3312683, 1616693460.0811367]
[1616693457.298802, 1616693460.0557513]
[1616693457.2047205, 1616693459.949896]
[1616693457.4036872, 1616693460.1724744]
[1616693457.4265358, 1616693460.160984]
[1616693457.4841495, 1616693460.2305667]
[1616693457.5163527, 1616693460.290255]
[1616693457.478884, 1616693460.1962545]
[1616693457.5189924, 1616693460.2390985]
[1616693457.7978158, 1616693460.482021]
[1616693457.7208757, 1616693460.4762347]
[1616693457.649695, 1616693460.3708394]
[1616693457.9855852, 1616693460.7354608]
[1616693458.1733174, 1616693460.939022]
[1616693457.8933809, 1616693460.6097412]
[1616693458.193182, 1616693460.9293892]
[1616693458.1865034, 1616693460.969106]
[1616693457.7549317, 1616693460.4556856]
[1616693458.1241632, 1616693460.847116]
[1616693457.999195, 1616693460.7711897]
[1616693458.166737, 1616693460.8756826]
[1616693458.3991225, 1616693461.1320627]
[1616693458.3283434, 1616693461.2007647]
[1616693458.315041, 1616693461.0463502]
[1616693458.5052872, 1616693461.234322]
[1616693458.5810113, 1616693461.4192653]
[1616693458.418998, 1616693461.1855354]
[1616693458.6144836, 1616693461.3744493]
[1616693458.4484024, 1616693461.1607625]
[1616693458.5189493, 1616693461.2774076]
[1616693458.739246, 1616693461.4555893]
[1616693458.9871771, 1616693461.8209817]
[1616693459.1518993, 1616693461.929224]
[1616693458.8152232, 1616693461.6371005]
[1616693458.8577716, 1616693461.6173487]
[1616693458.7877276, 1616693461.5159705]
[1616693458.8681874, 1616693461.6074011]
[1616693459.1939254, 1616693461.9176881]
[1616693459.3722277, 1616693462.1055188]
[1616693459.0583298, 1616693461.7831635]
[1616693459.1947544, 1616693461.92521]
[1616693459.4009483, 1616693462.132055]
[1616693459.5288682, 1616693462.235103]
[1616693459.5491927, 1616693462.3270588]
[1616693459.611334, 1616693462.3626301]
[1616693459.498531, 1616693462.2478032]
[1616693459.320053, 1616693462.0996604]
[1616693459.4276793, 1616693462.1921484]
[1616693459.700329, 1616693462.4919128]
[1616693459.5380948, 1616693462.2672813]
[1616693459.7127926, 1616693462.4291387]
[1616693459.6628096, 1616693462.4096744]
[1616693459.826692, 1616693462.511682]
[1616693460.0125463, 1616693462.7645395]
[1616693459.9485645, 1616693462.6834106]
[1616693460.1033583, 1616693462.8431997]
[1616693459.8880997, 1616693462.629121]
[1616693460.0594115, 1616693462.7861726]
[1616693459.9683838, 1616693462.6772163]
[1616693460.0657794, 1616693462.8310733]
[1616693460.1714067, 1616693462.9149332]
[1616693460.3043818, 1616693463.0628562]
[1616693460.132936, 1616693463.0419848]
[1616693460.2744792, 1616693462.9993858]
[1616693460.208947, 1616693462.9233968]
[1616693460.167649, 1616693462.9186552]
[1616693460.42346, 1616693463.1479583]
[1616693460.4858685, 1616693463.2562807]
[1616693460.355054, 1616693463.0791156]
[1616693460.470818, 1616693463.163347]
[1616693460.6985736, 1616693463.4175336]
[1616693460.6110058, 1616693463.4038389]
[1616693460.7942748, 1616693463.5673857]
[1616693460.5334697, 1616693463.2314503]
[1616693460.7304947, 1616693463.4135506]
[1616693460.8205774, 1616693463.5689664]
[1616693460.7070765, 1616693463.438146]
[1616693460.7158885, 1616693463.4718373]
[1616693460.9262133, 1616693463.6366665]
[1616693460.6142945, 1616693463.3990405]
[1616693461.0379817, 1616693463.789345]
[1616693461.0744908, 1616693463.8186436]
[1616693460.7808716, 1616693463.568295]
[1616693461.1706762, 1616693463.8815973]
[1616693461.2833755, 1616693464.0496643]
[1616693461.0415437, 1616693463.8289065]
[1616693461.246739, 1616693463.9728794]
[1616693461.2399108, 1616693464.002326]
[1616693461.3949206, 1616693464.1264026]
[1616693461.3322873, 1616693464.1094651]
[1616693461.4297264, 1616693464.2275245]
[1616693461.5522606, 1616693464.2914927]
[1616693461.5062504, 1616693464.2205565]
[1616693461.4219751, 1616693464.1691952]
[1616693461.7460604, 1616693464.5680256]
[1616693461.573274, 1616693464.308435]
[1616693461.4752023, 1616693464.189164]
[1616693461.8560936, 1616693464.582535]
[1616693461.8938305, 1616693464.6255465]
[1616693461.8524706, 1616693464.6163857]
[1616693461.995537, 1616693464.9205742]
[1616693462.0503032, 1616693464.7665102]
[1616693462.1743915, 1616693464.9299414]
[1616693462.0200834, 1616693464.749941]
[1616693462.3411942, 1616693465.066121]
[1616693462.2649946, 1616693465.014766]
[1616693462.243493, 1616693464.9537504]
[1616693462.077562, 1616693464.8341088]
[1616693462.1539478, 1616693464.9332557]
[1616693462.1946726, 1616693464.9617512]
[1616693462.4133053, 1616693465.169991]
[1616693462.3394969, 1616693465.2247982]
[1616693462.5203822, 1616693465.2073433]
[1616693462.4838047, 1616693465.193906]
[1616693462.4847744, 1616693465.2305734]
[1616693462.6748998, 1616693465.4126785]
[1616693462.9503565, 1616693465.6962628]
[1616693462.8563209, 1616693465.6058493]
[1616693462.806123, 1616693465.5472107]
[1616693462.8738742, 1616693465.639167]
[1616693462.8662012, 1616693465.6194172]
[1616693462.932134, 1616693465.634939]
[1616693462.7294695, 1616693465.4608386]
[1616693462.942656, 1616693465.677434]
[1616693462.9708917, 1616693465.664645]
[1616693463.1645563, 1616693466.0364192]
[1616693463.2192116, 1616693465.9795556]
[1616693463.398827, 1616693466.1398494]
[1616693463.2609208, 1616693466.101391]
[1616693463.1645017, 1616693465.8950598]
[1616693463.1946983, 1616693465.897602]
[1616693463.2425418, 1616693465.930047]
[1616693463.3950195, 1616693466.1712272]
[1616693463.5894263, 1616693466.3973033]
[1616693463.5815911, 1616693466.3337424]
[1616693463.4478238, 1616693466.186098]
[1616693463.7996829, 1616693466.5717747]
[1616693463.4483728, 1616693466.1642518]
[1616693463.8307152, 1616693466.5636108]
[1616693463.6129797, 1616693466.3553534]
[1616693463.6307855, 1616693466.4407516]
[1616693464.0356364, 1616693466.7578812]
[1616693463.9438114, 1616693466.655303]
[1616693464.1406977, 1616693466.8978374]
[1616693463.9510725, 1616693466.7303212]
[1616693463.9736335, 1616693466.707583]
[1616693464.0911849, 1616693466.8590589]
[1616693464.1673799, 1616693466.9739008]
[1616693464.206374, 1616693466.9492767]
[1616693464.2347145, 1616693467.1470084]
[1616693464.2866604, 1616693467.0068154]
[1616693464.4989371, 1616693467.26487]
[1616693464.5675747, 1616693467.3454835]
[1616693464.4442766, 1616693467.1588368]
[1616693464.5957723, 1616693467.334891]
[1616693464.614304, 1616693467.3417556]
[1616693464.5803902, 1616693467.393077]
[1616693464.748987, 1616693467.5320306]
[1616693464.6146634, 1616693467.3318686]
[1616693464.6817403, 1616693467.453885]
[1616693464.7562985, 1616693467.4736693]
[1616693464.749656, 1616693467.543616]
[1616693464.8520408, 1616693467.5833676]
[1616693464.8252015, 1616693467.6060958]
[1616693464.903903, 1616693467.7435212]
[1616693464.7964168, 1616693467.5286288]
[1616693465.0365398, 1616693467.7687435]
[1616693464.9919956, 1616693467.774333]
[1616693465.263248, 1616693468.0150135]
[1616693465.1475475, 1616693467.8827438]
[1616693465.3029077, 1616693468.0516157]
[1616693465.4606657, 1616693468.1998026]
[1616693465.2745175, 1616693467.969567]
[1616693465.2885842, 1616693468.0002246]
[1616693465.269323, 1616693468.1458957]
[1616693465.3525345, 1616693468.0627441]
[1616693465.757333, 1616693468.5097127]
[1616693465.5266042, 1616693468.2517743]
[1616693465.6413834, 1616693468.3372772]
[1616693465.6117923, 1616693468.3816352]
[1616693465.6703167, 1616693468.3958821]
[1616693465.8350973, 1616693468.5912638]
[1616693465.729026, 1616693468.4698548]
[1616693465.7660046, 1616693468.5316603]
[1616693465.9229739, 1616693468.6267328]
[1616693465.875483, 1616693468.645216]
[1616693466.0329714, 1616693468.7883115]
[1616693465.863189, 1616693468.6266963]
[1616693466.249648, 1616693468.9754703]
[1616693466.1093442, 1616693468.923723]
[1616693466.2623954, 1616693468.9962451]
[1616693466.2202597, 1616693468.9926267]
[1616693466.676141, 1616693469.3975365]
[1616693466.3703494, 1616693469.1231074]
[1616693466.3902805, 1616693469.1854386]
[1616693466.1961668, 1616693468.9269433]
[1616693466.6428378, 1616693469.4700933]
[1616693466.522325, 1616693469.3177414]
[1616693466.4700427, 1616693469.2297914]
[1616693466.3751628, 1616693469.1606648]
[1616693466.6608286, 1616693469.3953152]
[1616693466.6818347, 1616693469.3777611]
[1616693466.9120224, 1616693469.6758447]
[1616693466.977305, 1616693469.6967506]
[1616693466.8442492, 1616693469.5775723]
[1616693466.8759189, 1616693469.6342201]
[1616693467.0922332, 1616693469.8127341]
[1616693467.089097, 1616693469.8833914]
[1616693467.0373888, 1616693469.7630064]
[1616693467.077116, 1616693469.8561769]
[1616693467.2984293, 1616693470.0365696]
[1616693467.1460733, 1616693469.8668754]
[1616693467.2676606, 1616693470.0079613]
[1616693467.204785, 1616693469.9277878]
[1616693467.2644753, 1616693470.0822852]
[1616693467.404517, 1616693470.1943655]
[1616693467.6618237, 1616693470.401202]
[1616693467.3254955, 1616693470.1142077]
[1616693467.562297, 1616693470.343867]
[1616693467.6216016, 1616693470.3985953]
[1616693467.6585937, 1616693470.3762941]
[1616693467.5713856, 1616693470.2863123]
[1616693467.5721335, 1616693470.3293526]
[1616693467.7424884, 1616693470.4720407]
[1616693467.6937177, 1616693470.4655485]
[1616693467.650431, 1616693470.4043198]
[1616693467.8882897, 1616693470.6114542]
[1616693467.9307775, 1616693470.6584792]
[1616693468.0570214, 1616693470.7378786]
[1616693468.1002333, 1616693470.853374]
[1616693467.8997478, 1616693470.682247]
[1616693468.0898201, 1616693470.7969255]
[1616693468.024626, 1616693470.7699044]
[1616693468.0497081, 1616693470.758516]
[1616693468.183698, 1616693470.977779]
[1616693468.2036602, 1616693470.9416292]
[1616693468.332198, 1616693471.06481]
[1616693468.4418201, 1616693471.1950648]
[1616693468.4293487, 1616693471.1241302]
[1616693468.4756024, 1616693471.237311]
[1616693468.6438763, 1616693471.3839183]
[1616693468.5904517, 1616693471.3404677]
[1616693468.6956263, 1616693471.4292073]
[1616693468.6932845, 1616693471.443005]
[1616693468.6342843, 1616693471.3646977]
[1616693468.6322973, 1616693471.3281503]
[1616693468.8639956, 1616693471.6224651]
[1616693469.1598923, 1616693471.9005916]
[1616693468.874941, 1616693471.6162314]
[1616693468.871847, 1616693471.5886931]
[1616693469.0572512, 1616693471.8228617]
[1616693469.0710506, 1616693471.7991478]
[1616693469.050188, 1616693471.7760181]
[1616693469.2587802, 1616693471.9919093]
[1616693469.31164, 1616693472.0603437]
[1616693469.1364627, 1616693471.8815653]
[1616693469.3812726, 1616693472.179265]
[1616693469.5213876, 1616693472.270063]
[1616693469.297215, 1616693472.0317254]
[1616693469.5147521, 1616693472.1920369]
[1616693469.4182823, 1616693472.1394708]
[1616693469.44721, 1616693472.1824589]
[1616693469.6226218, 1616693472.3483305]
[1616693469.67538, 1616693472.4523969]
[1616693469.737393, 1616693472.5450363]
[1616693469.7964096, 1616693472.4739838]
[1616693469.497005, 1616693472.2729445]
[1616693469.7759628, 1616693472.492952]
[1616693469.6219695, 1616693472.3458235]
[1616693469.7303386, 1616693472.44189]
[1616693470.0702164, 1616693472.7892768]
[1616693470.0591578, 1616693472.8386545]
[1616693470.0321064, 1616693472.7680707]
[1616693470.0500977, 1616693472.7917824]
[1616693469.9962335, 1616693472.7160451]
[1616693470.4181423, 1616693473.175314]
[1616693470.210611, 1616693473.000871]
[1616693470.2370815, 1616693473.013985]
[1616693470.3337674, 1616693473.1220446]
[1616693470.3430166, 1616693473.1059842]
[1616693470.315193, 1616693473.0638855]
[1616693470.453638, 1616693473.218037]
[1616693470.358683, 1616693473.1449528]
[1616693470.3440492, 1616693473.1204612]
[1616693470.6541893, 1616693473.3930476]
[1616693470.618823, 1616693473.3524828]
[1616693470.5952256, 1616693473.3214839]
[1616693470.7267916, 1616693473.4963963]
[1616693470.8975103, 1616693473.647306]
[1616693470.6592128, 1616693473.4420595]
[1616693470.767562, 1616693473.4771006]
[1616693470.86099, 1616693473.6179187]
[1616693470.8257127, 1616693473.5450532]
[1616693471.155741, 1616693473.8998764]
[1616693470.9280684, 1616693473.6652567]
[1616693471.0242457, 1616693473.7959132]
[1616693470.9081557, 1616693473.5938323]
[1616693471.2291663, 1616693473.9886074]
[1616693471.1995838, 1616693473.9120622]
[1616693471.13829, 1616693473.834992]
[1616693471.068216, 1616693473.8501587]
[1616693471.4356973, 1616693474.143536]
[1616693471.1917934, 1616693473.913433]
[1616693471.428516, 1616693474.1723104]
[1616693471.5501983, 1616693474.356865]
[1616693471.5671813, 1616693474.3198562]
[1616693471.6929529, 1616693474.4495773]
[1616693471.7329988, 1616693474.511294]
[1616693471.6203363, 1616693474.336514]
[1616693471.7792192, 1616693474.5231123]
[1616693471.6962278, 1616693474.4633753]
[1616693471.809135, 1616693474.5235662]
[1616693472.007592, 1616693474.731798]
[1616693471.9152877, 1616693474.64502]
[1616693471.7411478, 1616693474.4528356]
[1616693472.0094616, 1616693474.7689745]
[1616693472.1236875, 1616693474.8679833]
[1616693472.1635034, 1616693474.907289]
[1616693472.1159236, 1616693474.8693593]
[1616693472.542201, 1616693475.2574422]
[1616693472.3186176, 1616693475.0525382]
[1616693472.295206, 1616693475.041963]
[1616693472.675089, 1616693475.3843465]
[1616693472.2125776, 1616693474.9050968]
[1616693472.3642557, 1616693475.0922806]
[1616693472.6330018, 1616693475.3858294]
[1616693472.747801, 1616693475.4995613]
[1616693472.8484693, 1616693475.643623]
[1616693472.7757638, 1616693475.502911]
[1616693472.6504984, 1616693475.4084024]
[1616693472.689802, 1616693475.4230406]
[1616693472.502416, 1616693475.2238967]
[1616693472.9261932, 1616693475.6394072]
[1616693472.7821257, 1616693475.5676727]
[1616693472.798496, 1616693475.54348]
[1616693472.6822112, 1616693475.4374616]
[1616693473.1247296, 1616693475.8455396]
[1616693473.0251834, 1616693475.8219538]
[1616693473.1375473, 1616693475.9785964]
[1616693473.1789455, 1616693475.9414737]
[1616693473.122836, 1616693475.8786793]
[1616693473.1852133, 1616693475.92422]
[1616693473.2308328, 1616693475.9650512]
[1616693473.3627055, 1616693476.1154773]
[1616693473.393142, 1616693476.1216438]
[1616693473.2785337, 1616693476.0502126]
[1616693473.4743896, 1616693476.214237]
[1616693473.5702503, 1616693476.2862797]
[1616693473.6934369, 1616693476.4211369]
[1616693473.7302291, 1616693476.4805841]
[1616693473.7648988, 1616693476.5413437]
[1616693473.7562387, 1616693476.444986]
[1616693473.8561819, 1616693476.6010897]
[1616693473.640009, 1616693476.3949573]
[1616693473.780098, 1616693476.4924295]
[1616693473.9555058, 1616693476.7109585]
[1616693474.047448, 1616693476.783336]
[1616693474.0998156, 1616693476.8807824]
[1616693474.023729, 1616693476.7681549]
[1616693474.1998873, 1616693476.9460127]
[1616693474.2506256, 1616693476.9506862]
[1616693473.965573, 1616693476.6729758]
[1616693474.0894697, 1616693476.7945032]
[1616693474.4702706, 1616693477.2183297]
[1616693474.4542954, 1616693477.2291205]
[1616693474.357434, 1616693477.0974817]
[1616693474.4746168, 1616693477.1775227]
[1616693474.5722404, 1616693477.300358]
[1616693474.654135, 1616693477.3987057]
[1616693474.4759727, 1616693477.2588608]
[1616693474.2807012, 1616693477.0162883]
[1616693474.7899113, 1616693477.5389535]
[1616693474.3879564, 1616693477.1114519]
[1616693474.6313276, 1616693477.348924]
[1616693474.6786406, 1616693477.4523797]
[1616693474.7964108, 1616693477.5300434]
[1616693474.8465562, 1616693477.6067905]
[1616693474.8842394, 1616693477.6316833]
[1616693475.135958, 1616693477.8766732]
[1616693474.8492513, 1616693477.625311]
[1616693475.0021122, 1616693477.721468]
[1616693475.2974136, 1616693478.0596702]
[1616693475.0151048, 1616693477.7172809]
[1616693475.1236892, 1616693477.8425474]
[1616693475.2782161, 1616693477.9497726]
[1616693475.4063687, 1616693478.1442425]
[1616693475.2867796, 1616693478.004137]
[1616693475.4211764, 1616693478.1478207]
[1616693475.419838, 1616693478.1972864]
[1616693475.3810701, 1616693478.1290944]
[1616693475.5479171, 1616693478.292572]
[1616693475.40735, 1616693478.126803]
[1616693475.572919, 1616693478.3725028]
[1616693475.6720622, 1616693478.4206817]
[1616693475.5536816, 1616693478.2860863]
[1616693475.7513142, 1616693478.4655154]
[1616693475.6369925, 1616693478.3622513]
[1616693475.6723506, 1616693478.45886]
[1616693475.9253051, 1616693478.6500921]
[1616693475.9509888, 1616693478.7161078]
[1616693476.0931785, 1616693479.0942273]
[1616693476.0074577, 1616693478.8046572]
[1616693475.9124389, 1616693478.6698813]
[1616693475.936993, 1616693478.6776443]
[1616693476.0692089, 1616693478.8405428]
[1616693476.0066159, 1616693478.7936566]
[1616693476.2351184, 1616693479.0057647]
[1616693476.3288727, 1616693479.0337057]
[1616693476.4144497, 1616693479.1663053]
[1616693476.350549, 1616693479.0868027]
[1616693476.5322003, 1616693479.2449026]
[1616693476.4482298, 1616693479.2159445]
[1616693476.3268437, 1616693479.0566795]
[1616693476.6578515, 1616693479.409007]
[1616693476.8045692, 1616693479.5071158]
[1616693476.5668044, 1616693479.3353136]
[1616693476.7085512, 1616693479.412207]
[1616693476.8095944, 1616693479.547451]
[1616693476.691634, 1616693479.4123156]
[1616693476.6243227, 1616693479.3944008]
[1616693476.7700696, 1616693479.486249]
[1616693476.8812156, 1616693479.6271694]
[1616693477.070702, 1616693479.8128092]
[1616693477.01684, 1616693479.8157802]
[1616693476.9712825, 1616693479.6773198]
[1616693477.1026924, 1616693479.8100653]
[1616693477.2033753, 1616693479.9181638]
[1616693477.1535304, 1616693479.9242554]
[1616693477.167178, 1616693479.9563596]
[1616693477.3998938, 1616693480.11569]
[1616693477.2888994, 1616693480.0409744]
[1616693477.4667485, 1616693480.2172375]
[1616693477.346913, 1616693480.084367]
[1616693477.4338458, 1616693480.187683]
[1616693477.4321668, 1616693480.164326]
[1616693477.3368397, 1616693480.0680153]
[1616693477.516901, 1616693480.2431524]
[1616693477.5875094, 1616693480.333095]
[1616693477.7746317, 1616693480.494962]
[1616693477.8760917, 1616693480.6088552]
[1616693477.6304584, 1616693480.4274805]
[1616693477.6160676, 1616693480.3927739]
[1616693477.7195942, 1616693480.4725027]
[1616693477.9044635, 1616693480.6303945]
[1616693477.80291, 1616693480.4990413]
[1616693477.6956866, 1616693480.4395604]
[1616693477.818512, 1616693480.5535061]
[1616693477.971011, 1616693480.6561139]
[1616693477.891035, 1616693480.688762]
[1616693478.0626562, 1616693480.7790804]
[1616693478.144409, 1616693480.8620324]
[1616693478.076223, 1616693480.8301654]
[1616693478.1376948, 1616693480.8823915]
[1616693478.110662, 1616693480.8111289]
[1616693478.217734, 1616693480.9785454]
[1616693478.2278728, 1616693480.9547877]
[1616693478.2779825, 1616693481.0152595]
[1616693478.2983963, 1616693481.036392]
[1616693478.3383384, 1616693481.0785463]
[1616693478.4553864, 1616693481.1964207]
[1616693478.4037943, 1616693481.166372]
[1616693478.4477098, 1616693481.1826074]
[1616693478.4176648, 1616693481.141009]
[1616693478.5221968, 1616693481.2460515]
[1616693478.6143665, 1616693481.390237]
[1616693478.7740703, 1616693481.5404954]
[1616693478.8257434, 1616693481.5743527]
[1616693478.784171, 1616693481.5376098]
[1616693478.9032302, 1616693481.6210206]
[1616693478.6459677, 1616693481.3703418]
[1616693478.9015038, 1616693481.6605992]
[1616693478.869209, 1616693481.6556175]
[1616693478.8620558, 1616693481.6354933]
[1616693479.063793, 1616693481.7861478]
[1616693479.0970004, 1616693481.8273208]
[1616693478.9826536, 1616693481.7090604]
[1616693478.9267094, 1616693481.6245697]
[1616693478.967741, 1616693481.6046643]
[1616693479.104314, 1616693481.8777344]
[1616693479.135803, 1616693481.8888583]
[1616693479.1196733, 1616693481.8298247]
[1616693479.2911184, 1616693482.0500078]
[1616693479.298839, 1616693482.0107102]
[1616693479.2585301, 1616693481.9693682]
[1616693479.3270323, 1616693482.018653]
[1616693479.228618, 1616693481.964119]
[1616693479.5232718, 1616693482.2167904]
[1616693479.3584652, 1616693482.128769]
[1616693479.292762, 1616693482.0201254]
[1616693479.450252, 1616693482.1640184]
[1616693479.5245247, 1616693482.240939]
[1616693479.5674882, 1616693482.2951267]
[1616693479.4809077, 1616693482.1669457]
[1616693479.570023, 1616693482.3322432]
[1616693479.7315102, 1616693482.4900303]
[1616693479.6351671, 1616693482.378974]
[1616693479.6394134, 1616693482.365141]
[1616693479.6881096, 1616693482.4061744]
[1616693479.5704205, 1616693482.344432]
[1616693479.742066, 1616693482.473851]
[1616693479.588036, 1616693482.3270345]
[1616693479.745945, 1616693482.5888054]
[1616693480.1057823, 1616693482.8515425]
[1616693480.0258102, 1616693482.7247584]
[1616693480.109783, 1616693482.8468988]
[1616693479.9331765, 1616693482.7321417]
[1616693479.9656181, 1616693482.7496247]
[1616693479.9366674, 1616693482.6463315]
[1616693479.946558, 1616693482.674616]
[1616693480.041873, 1616693482.7776725]
[1616693480.0035763, 1616693482.7518036]
[1616693480.0978882, 1616693482.86394]
[1616693480.0728645, 1616693482.8561394]
[1616693480.1442008, 1616693482.911505]
[1616693480.214256, 1616693482.9642413]
[1616693480.2000206, 1616693482.9594042]
[1616693480.1749737, 1616693482.9446049]
[1616693480.2736118, 1616693483.0321975]
[1616693480.3441026, 1616693483.0932174]
[1616693480.3943815, 1616693483.117319]
[1616693480.2847028, 1616693483.0384648]
[1616693480.323029, 1616693483.038598]
[1616693480.3218467, 1616693482.9999604]
[1616693480.3921947, 1616693483.116896]
[1616693480.4849148, 1616693483.2194626]
[1616693480.383715, 1616693483.1074498]
[1616693480.4364715, 1616693483.2028403]
[1616693480.375337, 1616693483.0956283]
[1616693480.55535, 1616693483.333574]
[1616693480.548349, 1616693483.2299268]
[1616693480.5806944, 1616693483.3820386]
[1616693480.5520868, 1616693483.3982177]
[1616693480.6207964, 1616693483.4399247]
[1616693480.5703018, 1616693483.311196]
[1616693480.6795223, 1616693483.3600798]
[1616693480.648555, 1616693483.3754888]
[1616693480.6912491, 1616693483.4566262]
[1616693481.0353844, 1616693483.768042]
[1616693480.7000797, 1616693483.4593177]
[1616693480.7897797, 1616693483.5081542]
[1616693480.7409837, 1616693483.4858842]
[1616693480.7994277, 1616693483.550524]
[1616693480.8793406, 1616693483.5908105]
[1616693480.8697367, 1616693483.5820146]
[1616693480.7267423, 1616693483.4166918]
[1616693480.8346498, 1616693483.5372176]
[1616693480.840533, 1616693483.6440516]
[1616693480.8807445, 1616693483.5882359]
[1616693480.9195251, 1616693483.6525862]
[1616693481.0980783, 1616693483.8089173]
[1616693480.9934306, 1616693483.744893]
[1616693481.0725098, 1616693483.8106148]
[1616693480.968033, 1616693483.6943521]
[1616693481.00402, 1616693483.7149613]
[1616693481.0973299, 1616693483.883993]
[1616693481.0552678, 1616693483.7793877]
[1616693480.9520977, 1616693483.68409]
[1616693481.0527458, 1616693483.8026502]
[1616693481.0688553, 1616693483.7816992]
[1616693481.3919458, 1616693484.142823]
[1616693481.4231102, 1616693484.2048666]
[1616693481.0305731, 1616693483.7586296]
[1616693481.114049, 1616693483.9115393]
[1616693481.2225132, 1616693484.0978982]
[1616693481.192253, 1616693483.918325]
[1616693481.248599, 1616693483.9475412]
[1616693481.255137, 1616693484.0250254]
[1616693481.2755494, 1616693484.0571592]
[1616693481.3533647, 1616693484.0895202]
[1616693481.330995, 1616693484.056452]
[1616693481.2198136, 1616693483.936818]
[1616693481.1713011, 1616693483.891278]
[1616693481.260837, 1616693483.9979053]
[1616693481.3507848, 1616693484.1070468]
[1616693481.331393, 1616693484.046461]
[1616693481.3787074, 1616693484.1089242]
[1616693481.40521, 1616693484.186158]
[1616693481.3278503, 1616693484.0767787]
[1616693481.6125095, 1616693484.2627044]
[1616693481.545606, 1616693484.4320383]
[1616693481.4303753, 1616693484.0887775]
[1616693481.4839115, 1616693484.2055316]
[1616693481.4914293, 1616693484.2553976]
[1616693481.696876, 1616693484.4336727]
[1616693481.54126, 1616693484.247583]
[1616693481.4183767, 1616693484.1189966]
[1616693481.4991703, 1616693484.216607]
[1616693481.6914258, 1616693484.4306993]
[1616693481.505501, 1616693484.2567673]
[1616693481.5678065, 1616693484.3083355]
[1616693481.6479065, 1616693484.3879926]
[1616693481.5121741, 1616693484.2136533]
[1616693481.5473874, 1616693484.340648]
[1616693481.6275017, 1616693484.3724134]
[1616693481.521472, 1616693484.280267]
[1616693481.6222823, 1616693484.3747492]
[1616693481.665494, 1616693484.4768808]
[1616693481.5578363, 1616693484.305716]
[1616693481.629692, 1616693484.3370492]
[1616693481.5746658, 1616693484.2815146]
[1616693481.636056, 1616693484.3558128]
[1616693481.599737, 1616693484.3463693]
[1616693481.5593643, 1616693484.2873232]
[1616693481.713529, 1616693484.5155616]
[1616693481.6747103, 1616693484.3897696]
[1616693481.6473494, 1616693484.365598]
[1616693481.6353292, 1616693484.3935726]
[1616693481.6527867, 1616693484.3707285]
[1616693481.6709404, 1616693484.449248]
[1616693481.7126658, 1616693484.486593]
[1616693481.690553, 1616693484.401621]
[1616693481.7035995, 1616693484.3976314]
[1616693481.6301882, 1616693484.337852]
[1616693481.6456628, 1616693484.4353456]
[1616693481.7480435, 1616693484.467642]
[1616693481.7768717, 1616693484.4550605]
[1616693481.7889543, 1616693484.5228667]
[1616693481.6534848, 1616693484.3995135]
[1616693481.7492151, 1616693484.4919171]
[1616693481.7376802, 1616693484.4635577]
[1616693481.7052252, 1616693484.4296923]
[1616693481.6983733, 1616693484.4191556]
[1616693481.690007, 1616693484.4157288]
[1616693481.7640202, 1616693484.4795284]
[1616693481.5012727, 1616693484.2414603]
[1616693481.6316233, 1616693484.33139]
[1616693481.4200501, 1616693484.1366036]
[1616693481.7293782, 1616693484.4961755]
[1616693481.6506495, 1616693484.4271102]
[1616693481.7533321, 1616693484.5049396]
[1616693481.7090788, 1616693484.4477623]
[1616693481.7859416, 1616693484.487473]
[1616693481.799163, 1616693484.5269053]
[1616693481.7839375, 1616693484.49152]
[1616693481.8026798, 1616693484.537332]
[1616693481.7627964, 1616693484.4851139]
[1616693481.8006892, 1616693484.5166752]
[1616693481.8000312, 1616693484.5388525]
[1616693481.5353932, 1616693484.2556334]
