[1616693289.2532933, 1616693291.9914482]
[1616693289.6369064, 1616693292.3754416]
[1616693289.7384603, 1616693292.413919]
[1616693289.5316796, 1616693292.2518039]
[1616693289.1065683, 1616693291.8318975]
[1616693289.1763077, 1616693291.9086616]
[1616693289.4810631, 1616693292.2139068]
[1616693289.3097768, 1616693292.0537283]
[1616693289.1384506, 1616693291.8640406]
[1616693289.2350194, 1616693291.9528074]
[1616693289.5423908, 1616693292.2676766]
[1616693289.6609867, 1616693292.3743317]
[1616693289.419675, 1616693292.162516]
[1616693289.5622716, 1616693292.2793639]
[1616693289.5247064, 1616693292.235471]
[1616693289.619223, 1616693292.3391225]
[1616693289.3786666, 1616693292.1382692]
[1616693289.8236675, 1616693292.554322]
[1616693289.462122, 1616693292.2484865]
[1616693289.5883858, 1616693292.3128095]
[1616693289.7436273, 1616693292.540792]
[1616693289.7868764, 1616693292.5097609]
[1616693290.0685205, 1616693292.785046]
[1616693289.984056, 1616693292.7208302]
[1616693290.0103152, 1616693292.7291727]
[1616693290.3339849, 1616693293.048095]
[1616693290.0114686, 1616693292.7392695]
[1616693290.482749, 1616693293.1990502]
[1616693290.431784, 1616693293.1694975]
[1616693290.407597, 1616693293.13167]
[1616693290.7291243, 1616693293.4468772]
[1616693290.2662466, 1616693292.9669216]
[1616693290.6366646, 1616693293.3386543]
[1616693290.7975035, 1616693293.5342658]
[1616693290.9873307, 1616693293.78786]
[1616693290.8160944, 1616693293.5341506]
[1616693290.808575, 1616693293.5318732]
[1616693291.0293992, 1616693293.748899]
[1616693290.8788435, 1616693293.601742]
[1616693290.7272134, 1616693293.4737113]
[1616693291.3636258, 1616693294.0981388]
[1616693291.318237, 1616693294.0390527]
[1616693291.5470908, 1616693294.271681]
[1616693291.6953726, 1616693294.4166157]
[1616693291.8935885, 1616693294.6311808]
[1616693291.9736679, 1616693294.7332904]
[1616693291.7442687, 1616693294.4749715]
[1616693291.967944, 1616693294.7179718]
[1616693292.2048721, 1616693294.936541]
[1616693292.218822, 1616693294.9631774]
[1616693292.310273, 1616693295.0318415]
[1616693292.4043143, 1616693295.1522439]
[1616693292.3107133, 1616693295.0210905]
[1616693292.3125317, 1616693295.050571]
[1616693292.5762959, 1616693295.3378086]
[1616693292.9432542, 1616693295.7145612]
[1616693292.8866053, 1616693295.6398475]
[1616693292.7369695, 1616693295.453558]
[1616693292.7566695, 1616693295.5137465]
[1616693292.9380834, 1616693295.6857226]
[1616693293.072534, 1616693295.7954128]
[1616693293.297143, 1616693296.0234256]
[1616693293.1220493, 1616693295.834369]
[1616693293.3332725, 1616693296.0839448]
[1616693293.3079348, 1616693296.0451097]
[1616693293.6522036, 1616693296.362868]
[1616693293.489916, 1616693296.2324033]
[1616693293.61047, 1616693296.34137]
[1616693293.5326214, 1616693296.283403]
[1616693293.2695985, 1616693295.9901636]
[1616693293.692202, 1616693296.4137502]
[1616693294.0177412, 1616693296.7720544]
[1616693294.1276512, 1616693296.83787]
[1616693293.9660084, 1616693296.7027192]
[1616693294.0965247, 1616693296.8415194]
[1616693293.8051002, 1616693296.5373826]
[1616693294.232298, 1616693296.8831449]
[1616693294.1759276, 1616693296.8986502]
[1616693294.33297, 1616693297.0615218]
[1616693294.4451597, 1616693297.177956]
[1616693294.408485, 1616693297.122218]
[1616693294.6757705, 1616693297.4166727]
[1616693294.5946705, 1616693297.3340044]
[1616693294.5119293, 1616693297.2546642]
[1616693294.7732935, 1616693297.5298934]
[1616693294.792641, 1616693297.5494123]
[1616693294.75123, 1616693297.49559]
[1616693294.8251243, 1616693297.5328588]
[1616693294.8128498, 1616693297.5332682]
[1616693294.911578, 1616693297.6928525]
[1616693295.0228837, 1616693297.778229]
[1616693295.1783936, 1616693297.923067]
[1616693295.2242007, 1616693297.944641]
[1616693295.358541, 1616693298.0921242]
[1616693295.334378, 1616693298.0488226]
[1616693295.4730985, 1616693298.2029624]
[1616693295.3130617, 1616693298.0684047]
[1616693295.6895225, 1616693298.4179516]
[1616693295.50683, 1616693298.2466164]
[1616693295.6432164, 1616693298.3807619]
[1616693295.6830997, 1616693298.4247472]
[1616693295.9292388, 1616693298.647925]
[1616693296.0168326, 1616693298.7388506]
[1616693296.0685213, 1616693298.7943542]
[1616693295.9973204, 1616693298.7126746]
[1616693295.7959573, 1616693298.5772166]
[1616693296.056955, 1616693298.805306]
[1616693296.1945689, 1616693298.929039]
[1616693296.0928397, 1616693298.8369691]
[1616693296.1769195, 1616693298.8982086]
[1616693296.6328235, 1616693299.3737712]
[1616693296.3773956, 1616693299.1040697]
[1616693296.4271424, 1616693299.1423485]
[1616693296.7405431, 1616693299.4824092]
[1616693296.374246, 1616693299.0854933]
[1616693296.6064103, 1616693299.3307116]
[1616693296.7113073, 1616693299.4508426]
[1616693296.6307173, 1616693299.3939502]
[1616693296.7875712, 1616693299.5216327]
[1616693296.8702013, 1616693299.6242907]
[1616693297.1672587, 1616693299.8936384]
[1616693297.0049965, 1616693299.7324157]
[1616693297.266527, 1616693300.0131586]
[1616693297.2029157, 1616693299.922602]
[1616693297.3981256, 1616693300.0668187]
[1616693297.3781614, 1616693300.1033547]
[1616693297.1835456, 1616693299.8966277]
[1616693297.4606926, 1616693300.20064]
[1616693297.557406, 1616693300.2916384]
[1616693297.6052058, 1616693300.329998]
[1616693297.7555647, 1616693300.477041]
[1616693297.8104534, 1616693300.542615]
[1616693297.7898567, 1616693300.5469022]
[1616693297.7814, 1616693300.4956107]
[1616693297.9446702, 1616693300.710083]
[1616693298.0326486, 1616693300.7349594]
[1616693297.8365583, 1616693300.591086]
[1616693298.021419, 1616693300.747571]
[1616693298.223836, 1616693300.9378998]
[1616693298.2928915, 1616693301.0300865]
[1616693298.2612743, 1616693301.0124352]
[1616693298.4361331, 1616693301.1659906]
[1616693298.3073359, 1616693301.0242655]
[1616693298.4134128, 1616693301.151375]
[1616693298.4424145, 1616693301.1889346]
[1616693298.6082652, 1616693301.3853652]
[1616693298.579776, 1616693301.3117163]
[1616693298.489232, 1616693301.1959062]
[1616693298.593056, 1616693301.3226588]
[1616693298.8156133, 1616693301.550562]
[1616693298.839457, 1616693301.5716994]
[1616693298.8579884, 1616693301.5953817]
[1616693299.2391324, 1616693301.9474266]
[1616693299.088139, 1616693301.8219383]
[1616693299.2160108, 1616693301.9393106]
[1616693299.1777313, 1616693301.9015667]
[1616693298.9364052, 1616693301.7041893]
[1616693299.1914978, 1616693301.92144]
[1616693299.2606013, 1616693301.9711173]
[1616693299.4214468, 1616693302.1677885]
[1616693299.2040992, 1616693301.911853]
[1616693299.3652487, 1616693302.102761]
[1616693299.5127003, 1616693302.2592387]
[1616693299.3782558, 1616693302.0744233]
[1616693299.4221375, 1616693302.2021039]
[1616693299.7779207, 1616693302.4931955]
[1616693299.4866958, 1616693302.2281115]
[1616693299.8218148, 1616693302.5166402]
[1616693299.7692466, 1616693302.509548]
[1616693299.9565015, 1616693302.688314]
[1616693299.7471519, 1616693302.4641902]
[1616693299.8278217, 1616693302.6274748]
[1616693299.929337, 1616693302.6561627]
[1616693299.9001706, 1616693302.6059349]
[1616693299.8383558, 1616693302.565852]
[1616693300.0542045, 1616693302.8048413]
[1616693299.9697616, 1616693302.709764]
[1616693300.3782177, 1616693303.0369904]
[1616693300.313659, 1616693303.089351]
[1616693300.2379947, 1616693302.9853723]
[1616693300.187783, 1616693302.9138222]
[1616693300.3594365, 1616693303.090291]
[1616693300.3171504, 1616693302.9602513]
[1616693300.4024167, 1616693303.1417253]
[1616693300.406123, 1616693303.1108665]
[1616693300.5219288, 1616693303.2337024]
[1616693300.6105392, 1616693303.3733876]
[1616693300.6244302, 1616693303.3606713]
[1616693300.4871647, 1616693303.2211163]
[1616693300.6689937, 1616693303.419095]
[1616693300.8725758, 1616693303.632961]
[1616693300.843446, 1616693303.5675185]
[1616693300.918827, 1616693303.623432]
[1616693300.871861, 1616693303.580588]
[1616693300.927287, 1616693303.6350038]
[1616693301.1735168, 1616693303.9034386]
[1616693301.1272163, 1616693303.8551111]
[1616693301.082963, 1616693303.8423257]
[1616693300.986048, 1616693303.7074847]
[1616693301.1700766, 1616693303.899611]
[1616693301.1657915, 1616693303.8950503]
[1616693301.3006175, 1616693304.0102975]
[1616693301.1775403, 1616693303.8920655]
[1616693301.3605874, 1616693304.0878134]
[1616693301.3289607, 1616693304.0598392]
[1616693301.615806, 1616693304.3505678]
[1616693301.7228115, 1616693304.467588]
[1616693301.666605, 1616693304.3676517]
[1616693301.5414376, 1616693304.2970326]
[1616693301.5112145, 1616693304.2487602]
[1616693301.6976674, 1616693304.4178512]
[1616693301.9464, 1616693304.6610906]
[1616693301.6640093, 1616693304.4024646]
[1616693301.8690257, 1616693304.6202166]
[1616693301.6394, 1616693304.366303]
[1616693301.9045866, 1616693304.6235766]
[1616693302.1709566, 1616693304.8618925]
[1616693302.2041488, 1616693304.9286468]
[1616693302.0443668, 1616693304.7505941]
[1616693302.3331063, 1616693305.0661597]
[1616693302.0729713, 1616693304.7806728]
[1616693302.230515, 1616693304.9970846]
[1616693302.1412838, 1616693304.8680274]
[1616693302.545077, 1616693305.2808306]
[1616693302.5625896, 1616693305.3023345]
[1616693302.5350957, 1616693305.2237499]
[1616693302.2744513, 1616693305.0076065]
[1616693302.6290934, 1616693305.3378844]
[1616693302.5689175, 1616693305.2856135]
[1616693302.369261, 1616693305.075731]
[1616693302.3728948, 1616693305.0838075]
[1616693302.4571815, 1616693305.1830273]
[1616693302.7402384, 1616693305.4553797]
[1616693302.9000163, 1616693305.6569893]
[1616693302.9899275, 1616693305.6547685]
[1616693303.034097, 1616693305.7424989]
[1616693302.9332488, 1616693305.682371]
[1616693303.129607, 1616693305.87896]
[1616693303.0163004, 1616693305.7640357]
[1616693303.0474417, 1616693305.6979153]
[1616693303.126423, 1616693305.8366754]
[1616693303.1233008, 1616693305.8363078]
[1616693303.168362, 1616693305.9132583]
[1616693303.3759549, 1616693306.109725]
[1616693303.156203, 1616693305.896774]
[1616693303.0666041, 1616693305.7786067]
[1616693303.1746073, 1616693305.8955493]
[1616693303.2443337, 1616693305.987482]
[1616693303.1938043, 1616693305.8822832]
[1616693303.4563665, 1616693306.1876671]
[1616693303.5138223, 1616693306.2812698]
[1616693303.6482837, 1616693306.3567204]
[1616693303.6748211, 1616693306.4021785]
[1616693303.7223332, 1616693306.445898]
[1616693303.516198, 1616693306.2562537]
[1616693303.584519, 1616693306.3412313]
[1616693303.672308, 1616693306.47319]
[1616693303.7531915, 1616693306.454589]
[1616693303.9182584, 1616693306.630613]
[1616693303.9010315, 1616693306.6403382]
[1616693303.8037446, 1616693306.5554876]
[1616693304.035149, 1616693306.7684774]
[1616693304.1656084, 1616693306.9057553]
[1616693304.027594, 1616693306.7363236]
[1616693304.2378469, 1616693306.9862506]
[1616693304.3157303, 1616693307.0457296]
[1616693304.1791928, 1616693306.9215019]
[1616693304.2764182, 1616693307.0044253]
[1616693304.5297236, 1616693307.280305]
[1616693304.4537106, 1616693307.1842558]
[1616693304.3716207, 1616693307.097603]
[1616693304.5189695, 1616693307.2621186]
[1616693304.5257459, 1616693307.2225425]
[1616693304.526183, 1616693307.2712462]
[1616693304.7143095, 1616693307.4498627]
[1616693304.7760565, 1616693307.4939506]
[1616693304.577002, 1616693307.3074987]
[1616693304.8163202, 1616693307.5241182]
[1616693304.9149415, 1616693307.6314707]
[1616693304.949266, 1616693307.7340267]
[1616693304.8298376, 1616693307.5683775]
[1616693305.0117693, 1616693307.7506762]
[1616693305.0020697, 1616693307.7449102]
[1616693304.8497422, 1616693307.5915718]
[1616693304.8951652, 1616693307.6340764]
[1616693305.1182418, 1616693307.84412]
[1616693305.1114924, 1616693307.8212726]
[1616693305.240904, 1616693307.9313927]
[1616693305.347146, 1616693308.0465622]
[1616693305.365926, 1616693308.0832765]
[1616693305.3009312, 1616693308.0138721]
[1616693305.546185, 1616693308.3154297]
[1616693305.4822726, 1616693308.2256584]
[1616693305.594079, 1616693308.3597424]
[1616693305.935236, 1616693308.6892028]
[1616693305.6247106, 1616693308.3719883]
[1616693305.448988, 1616693308.1942112]
[1616693305.716086, 1616693308.3664517]
[1616693305.7721913, 1616693308.5142708]
[1616693305.8392668, 1616693308.648378]
[1616693305.8473806, 1616693308.5756779]
[1616693306.1643705, 1616693308.9099252]
[1616693306.1335015, 1616693308.8815494]
[1616693306.138862, 1616693308.8696108]
[1616693306.3146613, 1616693309.0904636]
[1616693306.1567147, 1616693308.9011416]
[1616693306.331487, 1616693309.0668943]
[1616693306.3772645, 1616693309.0855584]
[1616693306.311336, 1616693309.0769875]
[1616693306.7612233, 1616693309.4694662]
[1616693306.4822605, 1616693309.2204719]
[1616693306.4237072, 1616693309.1381614]
[1616693306.7000537, 1616693309.4286847]
[1616693306.5997667, 1616693309.3058827]
[1616693306.5891192, 1616693309.7394304]
[1616693306.8976688, 1616693309.6637452]
[1616693306.8848598, 1616693309.592836]
[1616693306.6941068, 1616693309.4341037]
[1616693306.9497018, 1616693309.6680808]
[1616693306.6285858, 1616693309.356356]
[1616693306.733917, 1616693309.473146]
[1616693307.0348177, 1616693309.7659328]
[1616693306.8537974, 1616693309.5910995]
[1616693307.1242895, 1616693309.8455727]
[1616693307.213046, 1616693309.9375534]
[1616693307.300347, 1616693310.0419123]
[1616693307.270239, 1616693310.0165248]
[1616693307.253849, 1616693309.943911]
[1616693307.383351, 1616693310.114664]
[1616693307.4460888, 1616693310.1844301]
[1616693307.4743893, 1616693310.1952434]
[1616693307.4768882, 1616693310.2051656]
[1616693307.4782598, 1616693310.2071383]
[1616693307.5449047, 1616693310.2550678]
[1616693307.5355396, 1616693310.240078]
[1616693307.6797798, 1616693310.441776]
[1616693307.637931, 1616693310.333934]
[1616693307.6652088, 1616693310.4034824]
[1616693307.5908117, 1616693310.311027]
[1616693307.8534033, 1616693310.5832043]
[1616693307.9201229, 1616693310.6672416]
[1616693307.9889333, 1616693310.6839445]
[1616693307.9218407, 1616693310.6574516]
[1616693308.1792526, 1616693310.9125571]
[1616693308.2490618, 1616693310.965987]
[1616693308.0538619, 1616693310.7574475]
[1616693308.1601524, 1616693310.8807974]
[1616693308.2200387, 1616693310.9844086]
[1616693308.123081, 1616693310.844181]
[1616693308.2913284, 1616693311.0187118]
[1616693308.3057556, 1616693311.0197835]
[1616693308.2740607, 1616693311.0411694]
[1616693308.4077306, 1616693311.1735547]
[1616693308.4178188, 1616693311.0660055]
[1616693308.5954816, 1616693311.3216236]
[1616693308.664334, 1616693311.39575]
[1616693308.661633, 1616693311.3832638]
[1616693308.6624563, 1616693311.424177]
[1616693308.8774278, 1616693311.6016607]
[1616693308.6195498, 1616693311.360392]
[1616693308.7543502, 1616693311.5400386]
[1616693309.0814297, 1616693311.8167675]
[1616693308.9569123, 1616693311.6777165]
[1616693309.0503488, 1616693311.7993896]
[1616693309.1382742, 1616693311.8614762]
[1616693309.285076, 1616693312.036494]
[1616693308.9959302, 1616693311.7588968]
[1616693309.2479503, 1616693312.0054562]
[1616693309.3499904, 1616693312.0627577]
[1616693309.2550662, 1616693311.961064]
[1616693309.3474793, 1616693312.0596368]
[1616693309.1720881, 1616693311.8590279]
[1616693309.369876, 1616693312.0980558]
[1616693309.3769786, 1616693312.130969]
[1616693309.5393014, 1616693312.273532]
[1616693309.6063678, 1616693312.3039827]
[1616693309.7603753, 1616693312.5062294]
[1616693309.8296444, 1616693312.5645127]
[1616693309.752327, 1616693312.4756715]
[1616693309.768067, 1616693312.4782214]
[1616693309.6941738, 1616693312.4216495]
[1616693309.8031754, 1616693312.548102]
[1616693309.724225, 1616693312.479706]
[1616693309.895008, 1616693312.623761]
[1616693309.9122076, 1616693312.6537147]
[1616693310.0164135, 1616693312.7186866]
[1616693310.161988, 1616693312.8987794]
[1616693310.4358246, 1616693313.119527]
[1616693310.3018887, 1616693313.014737]
[1616693310.2068348, 1616693312.9296145]
[1616693310.2368896, 1616693312.992353]
[1616693310.4213123, 1616693313.1791294]
[1616693310.5278714, 1616693313.280015]
[1616693310.2523358, 1616693312.982969]
[1616693310.3256495, 1616693313.0568721]
[1616693310.491769, 1616693313.2506254]
[1616693310.526118, 1616693313.2553399]
[1616693310.6147034, 1616693313.3903396]
[1616693310.5594857, 1616693313.3062315]
[1616693310.7496705, 1616693313.4441817]
[1616693310.616771, 1616693313.344998]
[1616693310.6040714, 1616693313.3232174]
[1616693310.7777257, 1616693313.47844]
[1616693310.9805305, 1616693313.6980252]
[1616693310.9554853, 1616693313.7077308]
[1616693311.0628862, 1616693313.8052733]
[1616693311.241432, 1616693313.9504178]
[1616693311.2359567, 1616693313.9527352]
[1616693311.0026994, 1616693313.7406425]
[1616693311.3425815, 1616693314.0678437]
[1616693311.1993732, 1616693313.9308748]
[1616693311.1573348, 1616693313.8122222]
[1616693311.3722165, 1616693314.1191921]
[1616693311.49723, 1616693314.2077444]
[1616693311.4551122, 1616693314.200312]
[1616693311.451535, 1616693314.178216]
[1616693311.5452924, 1616693314.311297]
[1616693311.6807246, 1616693314.3921866]
[1616693311.6344342, 1616693314.3511884]
[1616693311.6452055, 1616693314.350707]
[1616693311.8340726, 1616693314.5666835]
[1616693311.8468347, 1616693314.584936]
[1616693311.6692364, 1616693314.383293]
[1616693311.7891016, 1616693314.543063]
[1616693311.9630055, 1616693314.6904078]
[1616693312.2359202, 1616693314.94064]
[1616693312.0039208, 1616693314.7079134]
[1616693311.892204, 1616693314.6423218]
[1616693312.1926258, 1616693314.915767]
[1616693312.0837195, 1616693314.7973108]
[1616693312.2380314, 1616693314.9853091]
[1616693312.1196666, 1616693314.8329546]
[1616693312.3097653, 1616693315.0184972]
[1616693312.5371418, 1616693315.2485898]
[1616693312.3732712, 1616693315.1064146]
[1616693312.5154264, 1616693315.2523322]
[1616693312.5580318, 1616693315.291638]
[1616693312.5344548, 1616693315.2467098]
[1616693312.4973795, 1616693315.2255788]
[1616693312.379727, 1616693315.0894423]
[1616693312.3599882, 1616693315.1244109]
[1616693312.459466, 1616693315.1923056]
[1616693312.6617417, 1616693315.3916528]
[1616693312.6815767, 1616693315.398826]
[1616693312.7901883, 1616693315.5089483]
[1616693312.8904722, 1616693315.6372511]
[1616693313.0553572, 1616693315.7651002]
[1616693313.106147, 1616693315.837158]
[1616693313.2142038, 1616693315.9484336]
[1616693313.3539908, 1616693316.095257]
[1616693313.2318244, 1616693315.935891]
[1616693313.2150528, 1616693315.9130447]
[1616693312.9970596, 1616693315.714672]
[1616693313.385954, 1616693316.1073377]
[1616693313.6922662, 1616693316.443242]
[1616693313.2414756, 1616693315.9594796]
[1616693313.2574754, 1616693316.0107818]
[1616693313.409521, 1616693316.15843]
[1616693313.605653, 1616693316.291874]
[1616693313.4917598, 1616693316.1978734]
[1616693313.8590338, 1616693316.5915198]
[1616693313.7936478, 1616693316.5288959]
[1616693313.6798148, 1616693316.4207377]
[1616693313.7505221, 1616693316.4756045]
[1616693313.6999161, 1616693316.4342914]
[1616693313.7770798, 1616693316.5321352]
[1616693313.8409743, 1616693316.5257359]
[1616693313.7895598, 1616693316.5586135]
[1616693314.0694823, 1616693316.7657602]
[1616693314.1831453, 1616693316.9518716]
[1616693313.9678435, 1616693316.688798]
[1616693313.996466, 1616693316.7234828]
[1616693314.0567276, 1616693316.7934077]
[1616693313.9819732, 1616693316.7070346]
[1616693314.0876367, 1616693316.8473878]
[1616693314.024974, 1616693316.7891395]
[1616693314.2951102, 1616693317.0226035]
[1616693314.392477, 1616693317.109138]
[1616693314.223376, 1616693316.9584968]
[1616693314.3012502, 1616693317.065438]
[1616693314.5430765, 1616693317.2362983]
[1616693314.579637, 1616693317.3280869]
[1616693314.6584575, 1616693317.3842535]
[1616693314.3261988, 1616693317.0793233]
[1616693314.8024704, 1616693317.5343003]
[1616693314.6277978, 1616693317.3665457]
[1616693314.881354, 1616693317.6062968]
[1616693314.6307755, 1616693317.3651357]
[1616693314.8516011, 1616693317.5834556]
[1616693314.886293, 1616693317.5837817]
[1616693315.1627874, 1616693317.8921309]
[1616693315.1048784, 1616693317.8214636]
[1616693315.0607593, 1616693317.7980464]
[1616693315.0578365, 1616693317.747564]
[1616693315.2102005, 1616693317.9421067]
[1616693315.3200836, 1616693318.0583308]
[1616693315.1346672, 1616693317.8723896]
[1616693315.0917478, 1616693317.7820663]
[1616693315.2201624, 1616693317.9523826]
[1616693315.1450305, 1616693317.932816]
[1616693315.334207, 1616693318.07905]
[1616693315.2871091, 1616693318.0206525]
[1616693315.3556902, 1616693318.0655065]
[1616693315.4928772, 1616693318.2098386]
[1616693315.5454035, 1616693318.249192]
[1616693315.4789758, 1616693318.2124066]
[1616693315.560125, 1616693318.3027012]
[1616693315.632336, 1616693318.3504658]
[1616693315.7065883, 1616693318.4398026]
[1616693315.8459563, 1616693318.5679355]
[1616693315.6987708, 1616693318.471748]
[1616693315.7759817, 1616693318.4907718]
[1616693315.953107, 1616693318.6723776]
[1616693315.989205, 1616693318.7000914]
[1616693316.1359365, 1616693318.8719869]
[1616693316.2160058, 1616693318.9322586]
[1616693315.910666, 1616693318.636586]
[1616693315.982756, 1616693318.6965773]
[1616693316.2340086, 1616693318.9965792]
[1616693316.3594503, 1616693319.1162453]
[1616693316.4650047, 1616693319.2080538]
[1616693316.129476, 1616693318.856435]
[1616693316.3595765, 1616693319.0502617]
[1616693316.6065767, 1616693319.3446026]
[1616693316.518648, 1616693319.24796]
[1616693316.4102194, 1616693319.1198418]
[1616693316.6332412, 1616693319.3742816]
[1616693316.5753336, 1616693319.2966824]
[1616693316.6894958, 1616693319.3545544]
[1616693316.8710935, 1616693319.5964932]
[1616693316.665602, 1616693319.4032876]
[1616693316.9425063, 1616693319.675727]
[1616693316.7308962, 1616693319.507911]
[1616693317.0467994, 1616693319.7891262]
[1616693316.7340147, 1616693319.4921]
[1616693316.801427, 1616693319.5495644]
[1616693316.9971118, 1616693319.7062728]
[1616693317.033198, 1616693319.7802458]
[1616693317.285993, 1616693320.0193288]
[1616693317.2530117, 1616693319.9702282]
[1616693317.332221, 1616693320.0459046]
[1616693317.2700856, 1616693320.0334775]
[1616693317.4311101, 1616693320.1560938]
[1616693317.4086928, 1616693320.1449783]
[1616693317.2513118, 1616693319.9477284]
[1616693317.6348145, 1616693320.357035]
[1616693317.5793507, 1616693320.2869499]
[1616693317.4941645, 1616693320.228458]
[1616693317.6364024, 1616693320.3553839]
[1616693317.5261157, 1616693320.2525969]
[1616693317.7211773, 1616693320.4539876]
[1616693317.8651164, 1616693320.5809813]
[1616693317.9173596, 1616693320.6510723]
[1616693317.988203, 1616693320.6969142]
[1616693318.0468357, 1616693320.79678]
[1616693318.2119167, 1616693320.9137504]
[1616693317.9460723, 1616693320.7059557]
[1616693318.2457478, 1616693320.978623]
[1616693318.1395292, 1616693320.8495119]
[1616693318.310946, 1616693321.0684237]
[1616693318.253954, 1616693320.9831672]
[1616693318.456652, 1616693321.186789]
[1616693318.491613, 1616693321.2253313]
[1616693318.4703896, 1616693321.1897287]
[1616693318.5637114, 1616693321.287223]
[1616693318.4596422, 1616693321.179542]
[1616693318.5307095, 1616693321.268662]
[1616693318.6133704, 1616693321.3340755]
[1616693318.6929052, 1616693321.421922]
[1616693318.7060664, 1616693321.4069161]
[1616693318.8129344, 1616693321.5480964]
[1616693318.9847188, 1616693321.6860223]
[1616693318.870083, 1616693321.6156042]
[1616693318.9353793, 1616693321.6637871]
[1616693319.1532395, 1616693321.853238]
[1616693318.9919848, 1616693321.7336488]
[1616693319.0515792, 1616693321.7840865]
[1616693319.1204414, 1616693321.8562849]
[1616693318.923252, 1616693321.6708603]
[1616693318.9972415, 1616693321.7283456]
[1616693319.2139807, 1616693321.955611]
[1616693319.0950518, 1616693321.786358]
[1616693319.490462, 1616693322.2229471]
[1616693319.3502676, 1616693322.0789702]
[1616693319.3049104, 1616693322.024983]
[1616693319.310647, 1616693322.0537388]
[1616693319.4663658, 1616693322.2031446]
[1616693319.480452, 1616693322.1286604]
[1616693319.5418994, 1616693322.2839036]
[1616693319.6194036, 1616693322.35486]
[1616693319.4167762, 1616693322.159533]
[1616693319.8456707, 1616693322.5868137]
[1616693319.7926693, 1616693322.529869]
[1616693319.7696342, 1616693322.496764]
[1616693319.9096813, 1616693322.6301587]
[1616693319.7747219, 1616693322.551608]
[1616693319.7949913, 1616693322.518524]
[1616693319.8634226, 1616693322.5867226]
[1616693319.9316654, 1616693322.6195395]
[1616693319.9358907, 1616693322.6519308]
[1616693319.98999, 1616693322.7185264]
[1616693320.4654868, 1616693323.1673048]
[1616693320.1541479, 1616693322.8782916]
[1616693320.1175802, 1616693322.8188157]
[1616693320.119371, 1616693322.8831031]
[1616693320.1848018, 1616693322.907902]
[1616693320.314994, 1616693323.0153558]
[1616693320.578059, 1616693323.2974777]
[1616693320.2454414, 1616693322.9792774]
[1616693320.4007435, 1616693323.1196382]
[1616693320.5131001, 1616693323.2055795]
[1616693320.669875, 1616693323.3990989]
[1616693320.8076699, 1616693323.5159194]
[1616693320.6510663, 1616693323.3613918]
[1616693320.7414436, 1616693323.468322]
[1616693321.0037832, 1616693323.7374995]
[1616693320.7497911, 1616693323.4592738]
[1616693320.8584805, 1616693323.5797563]
[1616693321.11678, 1616693323.8331065]
[1616693321.238263, 1616693323.9612014]
[1616693321.0130596, 1616693323.7042136]
[1616693321.0113497, 1616693323.7584069]
[1616693321.0973656, 1616693323.8384879]
[1616693321.2569008, 1616693323.9436178]
[1616693321.3337405, 1616693324.0535204]
[1616693321.2562299, 1616693323.9845674]
[1616693321.2724483, 1616693323.9881043]
[1616693321.5793953, 1616693324.3069654]
[1616693321.49689, 1616693324.20979]
[1616693321.485831, 1616693324.2125103]
[1616693321.5287104, 1616693324.2280087]
[1616693321.5232859, 1616693324.2454202]
[1616693321.546656, 1616693324.2650883]
[1616693321.8423977, 1616693324.5311856]
[1616693322.0672116, 1616693324.8298457]
[1616693321.7121365, 1616693324.3998237]
[1616693321.7288613, 1616693324.455188]
[1616693321.7253556, 1616693324.4738522]
[1616693322.0385036, 1616693324.7935534]
[1616693321.9569442, 1616693324.692036]
[1616693322.0506237, 1616693324.7670846]
[1616693322.0841331, 1616693324.8256297]
[1616693322.150583, 1616693324.806801]
[1616693322.2792926, 1616693325.0256655]
[1616693321.9710424, 1616693324.7028902]
[1616693322.0952146, 1616693324.843341]
[1616693322.4271662, 1616693325.1640894]
[1616693322.5270987, 1616693325.268797]
[1616693322.5291634, 1616693325.270146]
[1616693322.6031218, 1616693325.3359969]
[1616693322.552181, 1616693325.3025072]
[1616693322.4025562, 1616693325.1044767]
[1616693322.574109, 1616693325.3204386]
[1616693322.649598, 1616693325.353975]
[1616693322.4822295, 1616693325.2256703]
[1616693322.6529915, 1616693325.3541627]
[1616693322.5496612, 1616693325.2898927]
[1616693322.6827, 1616693325.3982968]
[1616693322.6974208, 1616693325.44209]
[1616693322.9185462, 1616693325.6449962]
[1616693322.8459816, 1616693325.555923]
[1616693322.9891837, 1616693325.721674]
[1616693322.9092536, 1616693325.6504297]
[1616693323.0307176, 1616693325.7356117]
[1616693323.121741, 1616693325.8554533]
[1616693323.2377205, 1616693325.9389029]
[1616693323.0614977, 1616693325.785461]
[1616693323.3404765, 1616693326.0687537]
[1616693323.2116418, 1616693325.9159253]
[1616693323.5332966, 1616693326.2491968]
[1616693323.2549558, 1616693325.966249]
[1616693323.5202138, 1616693326.251091]
[1616693323.5034227, 1616693326.2217214]
[1616693323.3412964, 1616693326.0881557]
[1616693323.5163734, 1616693326.2158024]
[1616693323.6905863, 1616693326.4103985]
[1616693323.6066165, 1616693326.3220754]
[1616693323.6631033, 1616693326.3770487]
[1616693323.8839016, 1616693326.6157112]
[1616693323.7213392, 1616693326.4362373]
[1616693323.8493195, 1616693326.5800304]
[1616693323.8411057, 1616693326.5782986]
[1616693323.8483636, 1616693326.6174648]
[1616693323.9471447, 1616693326.6884055]
[1616693323.9469087, 1616693326.6829975]
[1616693324.045052, 1616693326.776934]
[1616693324.017626, 1616693326.7319489]
[1616693324.1343632, 1616693326.8495145]
[1616693324.2089381, 1616693326.90581]
[1616693324.2406769, 1616693326.93847]
[1616693324.4563937, 1616693327.1916938]
[1616693324.1750536, 1616693326.8937912]
[1616693324.486958, 1616693327.231678]
[1616693324.4408338, 1616693327.132932]
[1616693324.6898568, 1616693327.4258947]
[1616693324.578357, 1616693327.2655766]
[1616693324.6237507, 1616693327.3737297]
[1616693324.6478095, 1616693327.3865705]
[1616693324.8112926, 1616693327.5341182]
[1616693324.7063112, 1616693327.4496534]
[1616693324.634094, 1616693327.3676715]
[1616693324.7300262, 1616693327.4736853]
[1616693325.0301464, 1616693327.8045623]
[1616693324.9497273, 1616693327.6752017]
[1616693325.146549, 1616693327.886572]
[1616693324.8791444, 1616693327.6070933]
[1616693325.1538482, 1616693327.901886]
[1616693325.2688186, 1616693328.0301063]
[1616693325.2293856, 1616693327.9422321]
[1616693325.2848709, 1616693328.0171611]
[1616693325.3739026, 1616693328.1086462]
[1616693325.4254682, 1616693328.15287]
[1616693325.3592477, 1616693328.0663612]
[1616693325.75424, 1616693328.4578757]
[1616693325.3705597, 1616693328.0840042]
[1616693325.5439887, 1616693328.2507765]
[1616693325.775081, 1616693328.5384502]
[1616693325.766273, 1616693328.4961388]
[1616693325.8252835, 1616693328.5416162]
[1616693325.7791424, 1616693328.5071316]
[1616693325.829101, 1616693328.562821]
[1616693325.8696496, 1616693328.6074708]
[1616693325.7799153, 1616693328.4879081]
[1616693325.882611, 1616693328.6297152]
[1616693326.1481535, 1616693328.865084]
[1616693326.0418003, 1616693328.7545838]
[1616693326.0792215, 1616693328.785029]
[1616693326.1700838, 1616693328.905435]
[1616693326.0952933, 1616693328.830836]
[1616693326.1395059, 1616693328.8328922]
[1616693326.3010921, 1616693329.0183845]
[1616693326.213772, 1616693328.9583538]
[1616693326.3277233, 1616693329.0345535]
[1616693326.224635, 1616693328.921463]
[1616693326.318238, 1616693328.9806452]
[1616693326.256723, 1616693328.9629314]
[1616693326.3127759, 1616693329.060052]
[1616693326.845875, 1616693329.5755904]
[1616693326.42331, 1616693329.1348834]
[1616693326.7586718, 1616693329.4674883]
[1616693326.6662235, 1616693329.4213538]
[1616693326.9787214, 1616693329.6987052]
[1616693326.8824992, 1616693329.6099107]
[1616693326.8669493, 1616693329.5950751]
[1616693326.9870684, 1616693329.7407243]
[1616693327.0065207, 1616693329.757064]
[1616693326.9359372, 1616693329.6371868]
[1616693326.9503205, 1616693329.6472533]
[1616693327.053383, 1616693329.7700794]
[1616693327.1482542, 1616693329.8359869]
[1616693327.1934643, 1616693329.9447696]
[1616693327.2436407, 1616693329.969837]
[1616693327.2732582, 1616693329.975403]
[1616693327.3542368, 1616693330.0879385]
[1616693327.533972, 1616693330.2618222]
[1616693327.4514904, 1616693330.1906579]
[1616693327.5811656, 1616693330.3097405]
[1616693327.7111332, 1616693330.4282491]
[1616693327.5675814, 1616693330.307291]
[1616693327.534142, 1616693330.2647736]
[1616693327.819182, 1616693330.544335]
[1616693327.9540098, 1616693330.668999]
[1616693327.7750666, 1616693330.5066931]
[1616693327.998251, 1616693330.7317955]
[1616693327.8178186, 1616693330.5647194]
[1616693327.934412, 1616693330.6510508]
[1616693327.911055, 1616693330.6657422]
[1616693328.0002306, 1616693330.6962545]
[1616693328.2722352, 1616693331.0362904]
[1616693328.2335634, 1616693330.9737904]
[1616693328.1658232, 1616693330.8812034]
[1616693328.280288, 1616693330.982152]
[1616693328.4870074, 1616693331.1947575]
[1616693328.3678367, 1616693331.1034336]
[1616693328.4144425, 1616693331.1321895]
[1616693328.3574822, 1616693331.077085]
[1616693328.4597495, 1616693331.2318432]
[1616693328.3280625, 1616693331.0402048]
[1616693328.6637888, 1616693331.4418285]
[1616693328.47079, 1616693331.1792953]
[1616693328.932971, 1616693331.630346]
[1616693328.7107506, 1616693331.4409306]
[1616693328.764914, 1616693331.496168]
[1616693328.7882226, 1616693331.5373936]
[1616693328.8965223, 1616693331.6112332]
[1616693329.075707, 1616693331.7902935]
[1616693329.2565112, 1616693331.9745207]
[1616693329.056516, 1616693331.7600262]
[1616693329.2076402, 1616693331.920126]
[1616693329.001563, 1616693331.6462386]
[1616693329.3771842, 1616693332.1166933]
[1616693329.32091, 1616693332.060299]
[1616693329.322342, 1616693332.068478]
[1616693329.2851691, 1616693332.0185306]
[1616693329.3662772, 1616693332.0689704]
[1616693329.488162, 1616693332.1931865]
[1616693329.559129, 1616693332.31113]
[1616693329.3876984, 1616693332.096519]
[1616693329.7191625, 1616693332.4388654]
[1616693329.7430346, 1616693332.4470625]
[1616693329.759274, 1616693332.5046494]
[1616693329.7726076, 1616693332.5057588]
[1616693329.9990027, 1616693332.7025857]
[1616693329.9509404, 1616693332.7199612]
[1616693329.7428622, 1616693332.451927]
[1616693330.124349, 1616693332.8554535]
[1616693329.8722055, 1616693332.5722823]
[1616693330.180325, 1616693332.9169512]
[1616693330.0165806, 1616693332.7368534]
[1616693330.1597, 1616693332.8959467]
[1616693330.0653794, 1616693332.7761462]
[1616693330.1506522, 1616693332.8547554]
[1616693330.0959, 1616693332.829524]
[1616693330.2125425, 1616693332.9883595]
[1616693330.3137445, 1616693333.0456579]
[1616693330.586366, 1616693333.3888044]
[1616693330.5489397, 1616693333.2653377]
[1616693330.449182, 1616693333.1952813]
[1616693330.389594, 1616693333.1118343]
[1616693330.4642372, 1616693333.2076929]
[1616693330.7384841, 1616693333.465162]
[1616693330.733733, 1616693333.425031]
[1616693330.6895301, 1616693333.5116234]
[1616693330.7731552, 1616693333.5326962]
[1616693330.4778116, 1616693333.2127404]
[1616693330.8913217, 1616693333.6757548]
[1616693330.861183, 1616693333.5762963]
[1616693330.920529, 1616693333.6890647]
[1616693330.8929393, 1616693333.605662]
[1616693331.094526, 1616693333.830045]
[1616693331.0144897, 1616693333.711244]
[1616693331.147451, 1616693333.86659]
[1616693331.2868428, 1616693334.0012999]
[1616693331.288001, 1616693334.0107436]
[1616693331.2038264, 1616693333.8961334]
[1616693331.2302158, 1616693333.976893]
[1616693331.361839, 1616693334.0723922]
[1616693331.5554502, 1616693334.2742033]
[1616693331.4783783, 1616693334.2202036]
[1616693331.4292657, 1616693334.152835]
[1616693331.654579, 1616693334.289427]
[1616693331.6786294, 1616693334.3861144]
[1616693331.7089899, 1616693334.4357293]
[1616693331.5893493, 1616693334.3042452]
[1616693331.6196578, 1616693334.327351]
[1616693331.7944822, 1616693334.4989283]
[1616693331.7404332, 1616693334.4742377]
[1616693331.9068189, 1616693334.621335]
[1616693331.8679023, 1616693334.5922773]
[1616693332.0330524, 1616693334.7464993]
[1616693331.9965663, 1616693334.7155054]
[1616693332.2017803, 1616693334.921095]
[1616693332.0545976, 1616693334.7217503]
[1616693332.0452678, 1616693334.7812274]
[1616693332.1833405, 1616693334.9816792]
[1616693332.0449317, 1616693334.7667196]
[1616693332.2375746, 1616693334.9669273]
[1616693332.3149433, 1616693335.0468125]
[1616693332.251908, 1616693335.005538]
[1616693332.2536988, 1616693335.0085084]
[1616693332.2014484, 1616693334.9049802]
[1616693332.380949, 1616693335.1292598]
[1616693332.4016159, 1616693335.1023664]
[1616693332.691977, 1616693335.3950486]
[1616693332.6588132, 1616693335.3508751]
[1616693332.5571518, 1616693335.2917938]
[1616693332.672302, 1616693335.3797104]
[1616693332.7461295, 1616693335.4601762]
[1616693332.5212376, 1616693335.2525713]
[1616693332.774383, 1616693335.5440555]
[1616693333.0138779, 1616693335.763299]
[1616693332.8215265, 1616693335.5124977]
[1616693332.891524, 1616693335.6016955]
[1616693332.8074505, 1616693335.534635]
[1616693333.2183025, 1616693335.958296]
[1616693333.1299956, 1616693335.8401473]
[1616693333.2107096, 1616693335.9449065]
[1616693333.0352042, 1616693335.7481306]
[1616693333.265609, 1616693335.9902904]
[1616693333.3400493, 1616693336.2190363]
[1616693333.375637, 1616693336.1111403]
[1616693333.2907972, 1616693336.006538]
[1616693333.3490746, 1616693336.069134]
[1616693333.3447752, 1616693336.0827887]
[1616693333.663626, 1616693336.366518]
[1616693333.501589, 1616693336.2222219]
[1616693333.7331502, 1616693336.4275815]
[1616693333.8281891, 1616693336.5371425]
[1616693333.692561, 1616693336.4389231]
[1616693333.8368921, 1616693336.5572417]
[1616693333.9068828, 1616693336.5979772]
[1616693333.8750541, 1616693336.6038902]
[1616693333.9430802, 1616693336.7121818]
[1616693334.08517, 1616693336.8005579]
[1616693334.1863773, 1616693336.9123292]
[1616693333.9343662, 1616693336.6606085]
[1616693334.1618779, 1616693336.892903]
[1616693334.1666284, 1616693336.8761575]
[1616693334.3907282, 1616693337.037845]
[1616693334.1539283, 1616693336.891911]
[1616693334.3734295, 1616693337.1010616]
[1616693334.4623656, 1616693337.2084458]
[1616693334.2754729, 1616693337.0016956]
[1616693334.6077902, 1616693337.3343058]
[1616693334.3344948, 1616693337.043893]
[1616693334.7138965, 1616693337.440898]
[1616693334.4181552, 1616693337.135517]
[1616693334.5858283, 1616693337.313269]
[1616693334.5143316, 1616693337.224535]
[1616693334.7410517, 1616693337.3925266]
[1616693334.8135183, 1616693337.530853]
[1616693334.626387, 1616693337.3551483]
[1616693334.8393385, 1616693337.5402606]
[1616693334.7799268, 1616693337.542208]
[1616693334.9814162, 1616693337.6915512]
[1616693335.0480049, 1616693337.7766893]
[1616693335.109524, 1616693337.8064852]
[1616693335.0735323, 1616693337.8192637]
[1616693335.220563, 1616693337.978605]
[1616693335.311193, 1616693338.0585704]
[1616693335.2682583, 1616693338.000295]
[1616693335.3266404, 1616693338.088088]
[1616693335.4138482, 1616693338.1151972]
[1616693335.4519124, 1616693338.1568654]
[1616693335.3067179, 1616693338.0403898]
[1616693335.5416355, 1616693338.2635133]
[1616693335.565036, 1616693338.3236694]
[1616693335.6397378, 1616693338.3618538]
[1616693335.6676552, 1616693338.360982]
[1616693335.6329577, 1616693338.3603988]
[1616693335.543877, 1616693338.253391]
[1616693335.949878, 1616693338.687392]
[1616693335.7797284, 1616693338.5301583]
[1616693335.9765708, 1616693338.7175694]
[1616693336.1736836, 1616693338.914269]
[1616693336.1238625, 1616693338.8703806]
[1616693336.0484712, 1616693338.7696373]
[1616693336.2449782, 1616693338.9637525]
[1616693336.232485, 1616693338.956447]
[1616693335.9645097, 1616693338.7098627]
[1616693336.2340553, 1616693338.960659]
[1616693336.342378, 1616693339.0585089]
[1616693336.2991688, 1616693339.0325785]
[1616693336.3211417, 1616693339.0754433]
[1616693336.3637478, 1616693339.072667]
[1616693336.533632, 1616693339.2659929]
[1616693336.8099732, 1616693339.532945]
[1616693336.570663, 1616693339.3118663]
[1616693336.4335685, 1616693339.1358438]
[1616693336.5741625, 1616693339.2965424]
[1616693336.6433303, 1616693339.3759644]
[1616693336.7435696, 1616693339.4693038]
[1616693336.734491, 1616693339.4372482]
[1616693336.699389, 1616693339.427634]
[1616693336.7268448, 1616693339.4779158]
[1616693336.9321992, 1616693339.6477425]
[1616693336.8926506, 1616693339.6564484]
[1616693337.0056953, 1616693339.721909]
[1616693336.969319, 1616693339.6938415]
[1616693337.0493639, 1616693339.7807045]
[1616693337.0611548, 1616693339.6986804]
[1616693336.95988, 1616693339.6929126]
[1616693337.0878155, 1616693339.8214343]
[1616693337.0949538, 1616693339.8040352]
[1616693337.1526575, 1616693339.852745]
[1616693337.1583393, 1616693339.8928351]
[1616693337.3669777, 1616693340.0842135]
[1616693337.4557292, 1616693340.1955285]
[1616693337.5603244, 1616693340.3033485]
[1616693337.5882914, 1616693340.3229592]
[1616693337.5364444, 1616693340.252119]
[1616693337.5443819, 1616693340.2230945]
[1616693337.6180904, 1616693340.3706665]
[1616693337.639981, 1616693340.3484151]
[1616693337.6166096, 1616693340.3315682]
[1616693337.8015015, 1616693340.4968302]
[1616693337.792637, 1616693340.5267615]
[1616693337.828681, 1616693340.5649793]
[1616693337.8333092, 1616693340.5510523]
[1616693337.9403644, 1616693340.6366014]
[1616693338.0924308, 1616693340.8332012]
[1616693337.8854175, 1616693340.6205456]
[1616693337.9438927, 1616693340.7140734]
[1616693338.0735936, 1616693340.8971066]
[1616693338.1876917, 1616693340.9640582]
[1616693338.1630702, 1616693340.894867]
[1616693338.31763, 1616693341.035787]
[1616693338.3909721, 1616693341.0824778]
[1616693338.1664572, 1616693340.8707879]
[1616693338.5530365, 1616693341.2447994]
[1616693338.3727283, 1616693341.0942364]
[1616693338.4887931, 1616693341.228423]
[1616693338.5375288, 1616693341.2844145]
[1616693338.6591814, 1616693341.4045048]
[1616693338.664858, 1616693341.418128]
[1616693338.5379393, 1616693341.2895088]
[1616693338.907423, 1616693341.6361995]
[1616693338.7310994, 1616693341.45815]
[1616693338.8518152, 1616693341.6135764]
[1616693338.9146821, 1616693341.5858269]
[1616693338.9694486, 1616693341.718285]
[1616693338.8227215, 1616693341.536279]
[1616693338.857479, 1616693341.5819442]
[1616693338.9505937, 1616693341.7089927]
[1616693339.1460247, 1616693341.8470247]
[1616693338.830642, 1616693341.5639467]
[1616693339.1280696, 1616693341.8716416]
[1616693339.1478863, 1616693341.8575969]
[1616693339.3667283, 1616693342.1292963]
[1616693339.4183273, 1616693342.136071]
[1616693339.2800043, 1616693342.01083]
[1616693339.45272, 1616693342.1588006]
[1616693339.5669403, 1616693342.3438795]
[1616693339.699888, 1616693342.4333942]
[1616693339.5509312, 1616693342.2814028]
[1616693339.4081376, 1616693342.1450546]
[1616693339.587354, 1616693342.3130078]
[1616693339.8587291, 1616693342.6310546]
[1616693339.889622, 1616693342.5828376]
[1616693339.9000278, 1616693342.644122]
[1616693339.9879835, 1616693342.6205606]
[1616693339.7866688, 1616693342.5057635]
[1616693339.824084, 1616693342.5440707]
[1616693340.17462, 1616693342.8923125]
[1616693340.156318, 1616693342.8898518]
[1616693339.9212928, 1616693342.6377668]
[1616693340.312797, 1616693343.0951886]
[1616693340.2143083, 1616693342.9344265]
[1616693340.155891, 1616693342.8948913]
[1616693340.29022, 1616693343.0181115]
[1616693340.0060196, 1616693342.780164]
[1616693340.329528, 1616693343.0936718]
[1616693340.4516242, 1616693343.1967854]
[1616693340.499507, 1616693343.203807]
[1616693340.583943, 1616693343.3132255]
[1616693340.5202532, 1616693343.2094374]
[1616693340.6191123, 1616693343.322558]
[1616693340.5489445, 1616693343.2751396]
[1616693340.7840648, 1616693343.5294528]
[1616693340.7356153, 1616693343.5063462]
[1616693340.8078353, 1616693343.5390706]
[1616693340.9297464, 1616693343.720872]
[1616693340.9698465, 1616693343.7315013]
[1616693341.0112946, 1616693343.7124383]
[1616693340.9545946, 1616693343.6694312]
[1616693341.0730035, 1616693343.8398294]
[1616693340.768685, 1616693343.4636235]
[1616693340.829804, 1616693343.5094407]
[1616693341.177581, 1616693343.891605]
[1616693341.3362348, 1616693344.0710516]
[1616693341.2604892, 1616693343.94846]
[1616693341.0462143, 1616693343.7809315]
[1616693341.308839, 1616693344.0505033]
[1616693341.3711138, 1616693344.0874317]
[1616693341.5869899, 1616693344.3157802]
[1616693341.483476, 1616693344.1978133]
[1616693341.4380713, 1616693344.1856575]
[1616693341.6720934, 1616693344.4060738]
[1616693341.5759795, 1616693344.303242]
[1616693341.7616146, 1616693344.475786]
[1616693341.8665428, 1616693344.5788684]
[1616693341.618034, 1616693344.3389049]
[1616693341.8302681, 1616693344.5835152]
[1616693341.9322553, 1616693344.6234398]
[1616693341.919235, 1616693344.6640007]
[1616693341.776536, 1616693344.5151732]
[1616693341.8258362, 1616693344.5111158]
[1616693341.902191, 1616693344.622714]
[1616693342.121492, 1616693344.8390038]
[1616693342.270438, 1616693344.9898894]
[1616693341.9035316, 1616693344.6181126]
[1616693342.1572866, 1616693344.885062]
[1616693342.1589127, 1616693344.8681324]
[1616693342.081134, 1616693344.838521]
[1616693342.2277856, 1616693344.9115262]
[1616693342.5054295, 1616693345.225594]
[1616693342.3899229, 1616693345.1370537]
[1616693342.4643426, 1616693345.2066488]
[1616693342.4130268, 1616693345.1380682]
[1616693342.6113327, 1616693345.3211205]
[1616693342.5937629, 1616693345.2998495]
[1616693342.6949909, 1616693345.4158125]
[1616693342.5879133, 1616693345.3153772]
[1616693342.672058, 1616693345.3819506]
[1616693342.5567396, 1616693345.2825124]
[1616693342.8692603, 1616693345.6007464]
[1616693343.1244276, 1616693345.871667]
[1616693342.9366546, 1616693345.6536522]
[1616693342.9900496, 1616693345.7122607]
[1616693343.0101864, 1616693345.730555]
[1616693343.0420914, 1616693345.7614377]
[1616693343.1000059, 1616693345.8209898]
[1616693343.0903594, 1616693345.8225498]
[1616693343.2861507, 1616693346.0412571]
[1616693343.256285, 1616693345.978769]
[1616693343.3985753, 1616693346.1164908]
[1616693343.4856117, 1616693346.2109113]
[1616693343.532389, 1616693346.2869968]
[1616693343.6015031, 1616693346.3342698]
[1616693343.4663148, 1616693346.1653523]
[1616693343.5806656, 1616693346.2963793]
[1616693343.5301719, 1616693346.1998618]
[1616693343.4692929, 1616693346.1765592]
[1616693343.43074, 1616693346.1595757]
[1616693343.6177454, 1616693346.247832]
[1616693343.6109312, 1616693346.3926632]
[1616693343.8988905, 1616693346.6026459]
[1616693343.8954208, 1616693346.6487336]
[1616693343.8464928, 1616693346.5839674]
[1616693343.7533247, 1616693346.4926605]
[1616693343.8962965, 1616693346.6237087]
[1616693344.0922508, 1616693346.8310876]
[1616693343.8534517, 1616693346.5845938]
[1616693344.0895925, 1616693346.8447921]
[1616693344.1923847, 1616693346.9330254]
[1616693344.344443, 1616693347.0637908]
[1616693344.3456378, 1616693347.0697024]
[1616693344.480859, 1616693347.178856]
[1616693344.2678308, 1616693347.0124662]
[1616693344.423793, 1616693347.1595714]
[1616693344.449066, 1616693347.183236]
[1616693344.5346217, 1616693347.2700033]
[1616693344.4623365, 1616693347.1818304]
[1616693344.6453037, 1616693347.3363895]
[1616693344.6780083, 1616693347.4117703]
[1616693344.8092573, 1616693347.5358307]
[1616693344.8617525, 1616693347.5922792]
[1616693344.913398, 1616693347.638435]
[1616693345.074795, 1616693347.7735052]
[1616693344.8270156, 1616693347.5547333]
[1616693344.8915381, 1616693347.6353781]
[1616693344.9564953, 1616693347.6592977]
[1616693344.825422, 1616693347.535133]
[1616693344.9419854, 1616693347.6263697]
[1616693344.8689485, 1616693347.6164114]
[1616693345.2138994, 1616693347.9615202]
[1616693345.3090413, 1616693348.004305]
[1616693345.0412984, 1616693347.758499]
[1616693345.3924391, 1616693348.1019506]
[1616693345.4022472, 1616693348.1206203]
[1616693345.5553303, 1616693348.2743924]
[1616693345.6078417, 1616693348.330916]
[1616693345.8382215, 1616693348.5835545]
[1616693345.630204, 1616693348.3699014]
[1616693345.626737, 1616693348.3429675]
[1616693345.905352, 1616693348.6262891]
[1616693345.8385296, 1616693348.5761018]
[1616693345.6855407, 1616693348.3917916]
[1616693345.8915262, 1616693348.6484005]
[1616693345.865385, 1616693348.5866437]
[1616693345.9788477, 1616693348.6943936]
[1616693345.8687084, 1616693348.5914233]
[1616693345.9998147, 1616693348.7322986]
[1616693346.1439674, 1616693348.8306618]
[1616693346.1470861, 1616693348.9043229]
[1616693346.2372413, 1616693348.976994]
[1616693346.0826867, 1616693348.8461516]
[1616693346.383268, 1616693349.027601]
[1616693346.3285522, 1616693349.0861773]
[1616693346.3107252, 1616693349.0310767]
[1616693346.3780334, 1616693349.1540058]
[1616693346.6166415, 1616693349.3215368]
[1616693346.4206176, 1616693349.1583407]
[1616693346.7453847, 1616693349.468653]
[1616693346.661859, 1616693349.3971782]
[1616693346.675017, 1616693349.3954558]
[1616693346.4854815, 1616693349.162575]
[1616693346.557548, 1616693349.297061]
[1616693346.8145888, 1616693349.5101626]
[1616693346.7685986, 1616693349.5020437]
[1616693346.826584, 1616693349.5570748]
[1616693346.82479, 1616693349.5332081]
[1616693347.0734773, 1616693349.8117619]
[1616693347.1199772, 1616693349.8347447]
[1616693347.1316926, 1616693349.870114]
[1616693347.1728122, 1616693349.9035187]
[1616693347.0940483, 1616693349.8453743]
[1616693347.2535892, 1616693350.0239933]
[1616693347.3846953, 1616693350.0730994]
[1616693347.2691946, 1616693349.9830322]
[1616693347.4704838, 1616693350.2079268]
[1616693347.6003423, 1616693350.32013]
[1616693347.7261336, 1616693350.446483]
[1616693347.699708, 1616693350.4254365]
[1616693347.5631952, 1616693350.2946534]
[1616693347.7729943, 1616693350.563872]
[1616693347.536624, 1616693350.2792165]
[1616693347.9068527, 1616693350.597279]
[1616693347.8659074, 1616693350.5682662]
[1616693347.8171048, 1616693350.514534]
[1616693347.9019172, 1616693350.648107]
[1616693347.8358297, 1616693350.5724816]
[1616693347.94941, 1616693350.6336095]
[1616693347.998325, 1616693350.7328222]
[1616693347.9012132, 1616693350.6141908]
[1616693348.141174, 1616693350.8524861]
[1616693348.2508545, 1616693350.9518678]
[1616693348.5002115, 1616693351.216256]
[1616693348.2825396, 1616693351.012173]
[1616693348.2470036, 1616693350.9504778]
[1616693348.3007882, 1616693351.0383377]
[1616693348.4463603, 1616693351.1987715]
[1616693348.4481585, 1616693351.180554]
[1616693348.5874372, 1616693351.3014212]
[1616693348.5707314, 1616693351.2865636]
[1616693348.561047, 1616693351.3023272]
[1616693348.7979198, 1616693351.526589]
[1616693348.5701797, 1616693351.319752]
[1616693348.5927868, 1616693351.3270388]
[1616693348.56993, 1616693351.3135896]
[1616693348.8099425, 1616693351.516126]
[1616693348.857799, 1616693351.6071877]
[1616693349.0085278, 1616693351.748609]
[1616693348.9415455, 1616693351.6721873]
[1616693348.9916174, 1616693351.7509296]
[1616693348.980837, 1616693351.7056189]
[1616693349.1419184, 1616693351.9025447]
[1616693349.0505188, 1616693351.6779988]
[1616693349.0466764, 1616693351.7589438]
[1616693349.1855373, 1616693351.8465872]
[1616693349.0297618, 1616693351.7539833]
[1616693349.1984694, 1616693351.993662]
[1616693349.4504223, 1616693352.1836524]
[1616693349.4263873, 1616693352.1779084]
[1616693349.4334607, 1616693352.170722]
[1616693349.3280907, 1616693352.0256367]
[1616693349.6838896, 1616693352.4282396]
[1616693349.558259, 1616693352.2860603]
[1616693349.5480955, 1616693352.2436962]
[1616693349.5227685, 1616693352.2124069]
[1616693349.720093, 1616693352.4311597]
[1616693349.7489498, 1616693352.4701133]
[1616693349.926497, 1616693352.6893792]
[1616693349.924054, 1616693352.6518986]
[1616693349.9475267, 1616693352.6775305]
[1616693350.0312173, 1616693352.7681863]
[1616693350.0181918, 1616693352.7354376]
[1616693350.1216211, 1616693352.8217711]
[1616693350.0232902, 1616693352.7289002]
[1616693350.1601017, 1616693352.8794174]
[1616693350.0562923, 1616693352.8076346]
[1616693350.387392, 1616693353.1265688]
[1616693350.2799098, 1616693353.034129]
[1616693350.5306535, 1616693353.2275252]
[1616693350.436255, 1616693353.1388586]
[1616693350.60669, 1616693353.3077526]
[1616693350.6456215, 1616693353.332307]
[1616693350.564355, 1616693353.296451]
[1616693350.5749202, 1616693353.276892]
[1616693350.6255822, 1616693353.3366075]
[1616693350.566151, 1616693353.2903235]
[1616693350.7735257, 1616693353.5297213]
[1616693350.587018, 1616693353.3144782]
[1616693350.746916, 1616693353.4756913]
[1616693350.8846004, 1616693353.6096275]
[1616693350.856107, 1616693353.5982544]
[1616693350.89008, 1616693353.6564775]
[1616693350.8470535, 1616693353.5643888]
[1616693351.1713123, 1616693353.8660543]
[1616693351.0272803, 1616693353.75498]
[1616693351.2212574, 1616693353.9361563]
[1616693351.1327527, 1616693353.8780441]
[1616693351.3179252, 1616693354.0831914]
[1616693351.3777566, 1616693354.1030698]
[1616693351.2354236, 1616693353.9480262]
[1616693351.4589694, 1616693354.2063076]
[1616693351.4640508, 1616693354.1669803]
[1616693351.3145938, 1616693354.0676897]
[1616693351.3951886, 1616693354.1421082]
[1616693351.6049614, 1616693354.3158221]
[1616693351.6532989, 1616693354.3934996]
[1616693351.654026, 1616693354.3506145]
[1616693351.7168388, 1616693354.4129055]
[1616693351.7951145, 1616693354.5189376]
[1616693351.7903285, 1616693354.5112538]
[1616693351.9551451, 1616693354.6887846]
[1616693352.0761106, 1616693354.769724]
[1616693351.8627052, 1616693354.5334654]
[1616693351.9729865, 1616693354.7133322]
[1616693351.939375, 1616693354.7005181]
[1616693352.1590288, 1616693354.9168174]
[1616693352.0252013, 1616693354.7584064]
[1616693352.086636, 1616693354.71615]
[1616693352.199436, 1616693354.9673965]
[1616693352.1312752, 1616693354.8737643]
[1616693352.4637408, 1616693355.186169]
[1616693352.217786, 1616693354.9074693]
[1616693352.5178828, 1616693355.2497528]
[1616693352.2843404, 1616693354.985059]
[1616693352.4115925, 1616693355.1418583]
[1616693352.5514276, 1616693355.2739604]
[1616693352.6488562, 1616693355.3527143]
[1616693352.629988, 1616693355.35331]
[1616693352.8314548, 1616693355.5291574]
[1616693352.59805, 1616693355.3413563]
[1616693352.8063712, 1616693355.5541863]
[1616693352.662456, 1616693355.3954349]
[1616693353.0742245, 1616693355.8731823]
[1616693352.8412693, 1616693355.5639265]
[1616693352.8345132, 1616693355.557427]
[1616693353.028228, 1616693355.725472]
[1616693352.964777, 1616693355.7086885]
[1616693352.8383362, 1616693355.56909]
[1616693352.9564245, 1616693355.6727097]
[1616693352.9711285, 1616693355.697391]
[1616693353.2627897, 1616693355.9929924]
[1616693353.1559076, 1616693355.8648038]
[1616693353.2334075, 1616693355.8984184]
[1616693353.259273, 1616693355.9927404]
[1616693353.2662406, 1616693356.008111]
[1616693353.49353, 1616693356.236372]
[1616693353.4597838, 1616693356.144946]
[1616693353.5367792, 1616693356.2717738]
[1616693353.582039, 1616693356.3206549]
[1616693353.515954, 1616693356.2419071]
[1616693353.2643583, 1616693355.985152]
[1616693353.3697083, 1616693356.078072]
[1616693353.59952, 1616693356.2813594]
[1616693353.6591058, 1616693356.3698115]
[1616693353.7299936, 1616693356.44311]
[1616693353.7012773, 1616693356.4655328]
[1616693353.700559, 1616693356.4257143]
[1616693353.7217014, 1616693356.4379673]
[1616693353.7533057, 1616693356.4484293]
[1616693353.9338064, 1616693356.6633737]
[1616693353.92372, 1616693356.6246939]
[1616693353.9262838, 1616693356.6596618]
[1616693354.0146852, 1616693356.7396014]
[1616693354.028573, 1616693356.755589]
[1616693354.048112, 1616693356.771523]
[1616693354.193386, 1616693356.9228358]
[1616693353.8867395, 1616693356.6096814]
[1616693354.0417416, 1616693356.7652361]
[1616693354.2430694, 1616693356.9888122]
[1616693354.0097077, 1616693356.731044]
[1616693354.311644, 1616693357.028661]
[1616693354.1906087, 1616693356.9296978]
[1616693354.188998, 1616693356.9039938]
[1616693354.2707875, 1616693356.9819467]
[1616693354.2991683, 1616693357.0217235]
[1616693354.41703, 1616693357.1569602]
[1616693354.3704884, 1616693357.0677783]
[1616693354.4434333, 1616693357.1749103]
[1616693354.514593, 1616693357.2565892]
[1616693354.5120287, 1616693357.2437634]
[1616693354.4771419, 1616693357.1700296]
[1616693354.5090766, 1616693357.2257657]
[1616693354.5865715, 1616693357.315572]
[1616693354.5083835, 1616693357.2199733]
[1616693354.7304442, 1616693357.3586287]
[1616693354.5632236, 1616693357.2142708]
[1616693354.7055342, 1616693357.4318092]
[1616693354.6232917, 1616693357.3721395]
[1616693354.595481, 1616693357.330221]
[1616693354.776629, 1616693357.4764285]
[1616693354.9475179, 1616693357.6761794]
[1616693354.8009138, 1616693357.5574222]
[1616693354.8018591, 1616693357.5486982]
[1616693355.0710297, 1616693357.7759683]
[1616693354.9814777, 1616693357.708467]
[1616693354.9626415, 1616693357.663085]
[1616693355.0074086, 1616693357.732072]
[1616693355.0106692, 1616693357.766235]
[1616693355.0015714, 1616693357.703018]
[1616693355.084737, 1616693357.816603]
[1616693355.0977077, 1616693357.8407035]
[1616693355.1566257, 1616693357.9228482]
[1616693355.255008, 1616693357.9922414]
[1616693355.2008376, 1616693357.9408903]
[1616693355.3663874, 1616693358.0999439]
[1616693355.298834, 1616693358.007327]
[1616693355.271339, 1616693357.9854665]
[1616693355.279808, 1616693357.9857028]
[1616693355.1946213, 1616693357.910291]
[1616693355.3162036, 1616693358.0557113]
[1616693355.6374748, 1616693358.330629]
[1616693355.4508994, 1616693358.162276]
[1616693355.1810393, 1616693357.9025903]
[1616693355.3226657, 1616693358.046152]
[1616693355.634013, 1616693358.3456216]
[1616693355.430206, 1616693358.1576996]
[1616693355.549667, 1616693358.246346]
[1616693355.5016227, 1616693358.255106]
[1616693355.5676718, 1616693358.3104284]
[1616693355.646252, 1616693358.4043896]
[1616693355.7287354, 1616693358.4634712]
[1616693355.6429439, 1616693358.3430135]
[1616693355.6358414, 1616693358.3712788]
[1616693355.711688, 1616693358.431788]
[1616693355.6184127, 1616693358.3393738]
[1616693355.671941, 1616693358.3732738]
[1616693355.682344, 1616693358.3975785]
[1616693355.7978797, 1616693358.5077527]
[1616693355.6832566, 1616693358.3975232]
[1616693355.796314, 1616693358.5027852]
[1616693355.8672206, 1616693358.6013672]
[1616693355.824261, 1616693358.5277555]
[1616693355.8076134, 1616693358.509978]
[1616693355.7997203, 1616693358.5100245]
[1616693355.9916668, 1616693358.7168136]
[1616693355.936653, 1616693358.6352494]
[1616693355.9489524, 1616693358.6682668]
[1616693355.8854136, 1616693358.6202738]
[1616693355.89561, 1616693358.603737]
[1616693355.9717278, 1616693358.6812391]
[1616693356.0492918, 1616693358.7828796]
[1616693355.9205344, 1616693358.5802243]
[1616693355.958967, 1616693358.674162]
[1616693356.15698, 1616693358.8468282]
[1616693356.1213744, 1616693358.8217738]
[1616693356.107271, 1616693358.819337]
[1616693356.118426, 1616693358.8389192]
[1616693356.0436072, 1616693358.7898839]
[1616693356.147657, 1616693358.8689163]
[1616693356.123165, 1616693358.850122]
[1616693356.303402, 1616693358.974816]
[1616693356.2181523, 1616693358.965001]
[1616693356.248686, 1616693358.9727864]
[1616693356.2545033, 1616693359.0118406]
[1616693356.3412123, 1616693359.0843737]
[1616693356.365372, 1616693359.0864277]
[1616693356.3292677, 1616693359.0431695]
[1616693356.39519, 1616693359.0979662]
[1616693356.4997945, 1616693359.2234683]
[1616693356.3372269, 1616693358.9460413]
[1616693356.3323982, 1616693359.022507]
[1616693356.4344232, 1616693359.1493762]
[1616693356.466814, 1616693359.1536026]
[1616693356.3315086, 1616693359.1208801]
[1616693356.5417666, 1616693359.2883036]
[1616693356.6501575, 1616693359.3576908]
[1616693356.5349336, 1616693359.268366]
[1616693356.6135635, 1616693359.3026454]
[1616693356.558031, 1616693359.2263172]
[1616693356.6304038, 1616693359.3367898]
[1616693356.416427, 1616693359.1634853]
[1616693356.4113483, 1616693359.1191895]
[1616693356.4208157, 1616693359.1315155]
[1616693356.6328223, 1616693359.338243]
[1616693356.4408162, 1616693359.159181]
[1616693356.5810223, 1616693359.2933855]
[1616693356.5870173, 1616693359.2846217]
[1616693356.5509942, 1616693359.2506855]
[1616693356.5942502, 1616693359.3091018]
[1616693356.629598, 1616693359.3501837]
[1616693356.4787903, 1616693359.2182322]
[1616693356.7491689, 1616693359.4717133]
[1616693356.5120592, 1616693359.228165]
[1616693356.6298718, 1616693359.378237]
[1616693356.6992586, 1616693359.4098585]
[1616693356.679085, 1616693359.4167898]
[1616693356.7115686, 1616693359.40598]
[1616693356.825742, 1616693359.5552921]
[1616693356.645522, 1616693359.3517728]
[1616693356.85925, 1616693359.5830648]
[1616693356.7616978, 1616693359.515942]
[1616693356.788173, 1616693359.492313]
[1616693356.9060686, 1616693359.677692]
[1616693356.9012947, 1616693359.5987742]
[1616693356.6428373, 1616693359.3496947]
[1616693356.643376, 1616693359.3455288]
[1616693356.9286013, 1616693359.658859]
[1616693356.8173327, 1616693359.5472996]
[1616693356.9040196, 1616693359.6338964]
[1616693356.7868075, 1616693359.493631]
[1616693356.9182892, 1616693359.617905]
[1616693356.930168, 1616693359.5904338]
[1616693356.9252303, 1616693359.6311343]
[1616693356.9446647, 1616693359.6569614]
[1616693356.8588448, 1616693359.611503]
[1616693356.9174886, 1616693359.6807272]
[1616693356.8145378, 1616693359.5642562]
[1616693356.8923218, 1616693359.6257381]
[1616693356.7772534, 1616693359.525467]
[1616693356.8162575, 1616693359.5207045]
[1616693356.8139188, 1616693359.5276089]
[1616693356.887587, 1616693359.4965036]
[1616693356.9385693, 1616693359.667035]
[1616693356.8070936, 1616693359.5082753]
[1616693356.9838908, 1616693359.6919847]
[1616693356.8831573, 1616693359.6072228]
[1616693356.9402325, 1616693359.6741896]
[1616693356.979392, 1616693359.692978]
[1616693356.9038963, 1616693359.638662]
[1616693356.894255, 1616693359.639237]
[1616693356.9289114, 1616693359.6561823]
[1616693356.8324172, 1616693359.5493774]
[1616693356.9472938, 1616693359.6581855]
[1616693356.9322553, 1616693359.6915996]
[1616693356.9594877, 1616693359.6596284]
[1616693356.9893825, 1616693359.720871]
[1616693356.9846125, 1616693359.706223]
[1616693356.8768117, 1616693359.586754]
[1616693356.9735973, 1616693359.7844408]
[1616693356.9118285, 1616693359.6200256]
[1616693356.6414459, 1616693359.3636272]
[1616693357.0039296, 1616693359.7557333]
[1616693356.8980255, 1616693359.5866501]
[1616693357.0186105, 1616693360.5558252]
[1616693356.8631744, 1616693359.5829692]
