[1616947255.2023494, 1616947257.9386504]
[1616947255.3571126, 1616947258.056922]
[1616947255.394091, 1616947258.0617192]
[1616947254.894416, 1616947257.6289554]
[1616947255.0956552, 1616947257.7800038]
[1616947255.6847498, 1616947258.4375916]
[1616947255.3328924, 1616947258.0453312]
[1616947255.2797832, 1616947257.980545]
[1616947255.0537791, 1616947257.7798553]
[1616947255.554148, 1616947258.210128]
[1616947255.298013, 1616947258.0412464]
[1616947255.786356, 1616947258.498319]
[1616947255.6387594, 1616947258.2900555]
[1616947255.4299202, 1616947258.1123059]
[1616947255.3984396, 1616947258.0859575]
[1616947255.4019382, 1616947258.13639]
[1616947255.008637, 1616947257.7038064]
[1616947255.6184785, 1616947258.2762196]
[1616947255.030735, 1616947257.8177438]
[1616947255.7483218, 1616947258.492519]
[1616947256.3138292, 1616947258.999698]
[1616947255.566754, 1616947258.2392662]
[1616947255.6202781, 1616947258.3186207]
[1616947256.2638743, 1616947258.9617546]
[1616947255.932793, 1616947258.6180549]
[1616947256.4257655, 1616947259.1214428]
[1616947256.5666933, 1616947259.1862032]
[1616947256.0276065, 1616947258.7344503]
[1616947256.354607, 1616947259.0079665]
[1616947256.514178, 1616947259.1607575]
[1616947256.3953018, 1616947259.0467072]
[1616947256.4936726, 1616947259.1615033]
[1616947256.6269264, 1616947259.36879]
[1616947256.8744457, 1616947259.6035035]
[1616947257.1495063, 1616947259.8593345]
[1616947257.1895428, 1616947259.8729649]
[1616947257.2845275, 1616947259.9598615]
[1616947256.965282, 1616947259.6610322]
[1616947257.3377194, 1616947260.0357301]
[1616947257.8070729, 1616947260.5253072]
[1616947257.4233057, 1616947260.086589]
[1616947257.6532784, 1616947260.4010575]
[1616947257.6251104, 1616947260.3269656]
[1616947257.419225, 1616947260.0335596]
[1616947257.9466677, 1616947260.7037346]
[1616947257.8041432, 1616947260.4744325]
[1616947257.926492, 1616947260.6748314]
[1616947258.3511884, 1616947261.024247]
[1616947258.1913006, 1616947260.9217403]
[1616947258.222355, 1616947260.866233]
[1616947258.4605095, 1616947261.2237127]
[1616947258.5946805, 1616947261.246254]
[1616947258.5126145, 1616947261.2178404]
[1616947258.7930875, 1616947261.4936688]
[1616947258.5238864, 1616947261.2562323]
[1616947258.971734, 1616947261.656643]
[1616947258.9275184, 1616947261.609479]
[1616947259.094825, 1616947261.7444658]
[1616947258.6769729, 1616947261.3662958]
[1616947258.6862082, 1616947261.3622837]
[1616947259.2870119, 1616947261.952551]
[1616947259.2610204, 1616947261.946325]
[1616947259.1345918, 1616947261.8265562]
[1616947259.6975443, 1616947262.4434702]
[1616947259.2229621, 1616947261.8590243]
[1616947259.6221325, 1616947262.3670702]
[1616947259.3669384, 1616947262.0395207]
[1616947259.6696627, 1616947262.3888414]
[1616947259.7844877, 1616947262.4576502]
[1616947259.7787778, 1616947262.4837942]
[1616947259.9421663, 1616947262.6289506]
[1616947260.0558004, 1616947262.7372055]
[1616947259.939205, 1616947262.629445]
[1616947259.9983144, 1616947262.69336]
[1616947260.0073168, 1616947262.7027528]
[1616947260.2806556, 1616947262.9017787]
[1616947260.038832, 1616947262.7575135]
[1616947259.954445, 1616947262.6670697]
[1616947260.6181266, 1616947263.3506496]
[1616947260.2785666, 1616947262.9467123]
[1616947260.5493686, 1616947263.259061]
[1616947260.42502, 1616947263.133628]
[1616947260.5563483, 1616947263.2427917]
[1616947260.6954024, 1616947263.4407191]
[1616947260.8212929, 1616947263.5470479]
[1616947260.8982744, 1616947263.5593386]
[1616947260.8386314, 1616947263.5581534]
[1616947261.180879, 1616947263.8684745]
[1616947261.0249333, 1616947263.769255]
[1616947261.2206972, 1616947263.9130707]
[1616947261.2183418, 1616947263.8940866]
[1616947260.861255, 1616947263.5848231]
[1616947261.1583421, 1616947263.857697]
[1616947261.143581, 1616947263.832566]
[1616947261.23923, 1616947263.9337132]
[1616947261.5095823, 1616947264.2511933]
[1616947261.4015307, 1616947264.090812]
[1616947261.4328458, 1616947264.0908134]
[1616947261.470154, 1616947264.2139218]
[1616947261.9915106, 1616947264.6478958]
[1616947261.8951843, 1616947264.53594]
[1616947261.8975198, 1616947264.5820289]
[1616947261.987057, 1616947264.6472926]
[1616947262.0352015, 1616947264.7218099]
[1616947261.907917, 1616947264.5744615]
[1616947262.198595, 1616947264.8677864]
[1616947262.2311857, 1616947264.919899]
[1616947262.2797499, 1616947265.0628948]
[1616947262.291959, 1616947264.9868574]
[1616947262.278423, 1616947264.9572623]
[1616947262.518229, 1616947265.202993]
[1616947262.5969603, 1616947265.2673466]
[1616947262.5907106, 1616947265.3130627]
[1616947262.5196936, 1616947265.4293504]
[1616947262.5890357, 1616947265.2688518]
[1616947262.4605541, 1616947265.2046704]
[1616947262.7377338, 1616947265.415205]
[1616947262.6684551, 1616947265.358572]
[1616947262.9149537, 1616947265.5404088]
[1616947262.9379745, 1616947265.6112545]
[1616947262.8050222, 1616947265.5089538]
[1616947262.885961, 1616947265.576087]
[1616947263.0984807, 1616947265.7642581]
[1616947263.4163938, 1616947266.1342566]
[1616947263.141415, 1616947265.851216]
[1616947263.2246127, 1616947265.9059427]
[1616947263.4174361, 1616947266.1476617]
[1616947263.4921887, 1616947266.2288144]
[1616947263.50448, 1616947266.1794043]
[1616947263.5611932, 1616947266.2941232]
[1616947263.761083, 1616947266.5027816]
[1616947263.7471938, 1616947266.3911457]
[1616947263.7854111, 1616947266.5183508]
[1616947263.6867752, 1616947266.4109645]
[1616947263.914492, 1616947266.5714128]
[1616947263.9263358, 1616947266.6561925]
[1616947263.874092, 1616947266.5701046]
[1616947264.0358288, 1616947266.7304544]
[1616947264.0566623, 1616947266.763159]
[1616947264.184204, 1616947266.8710413]
[1616947264.3020957, 1616947266.992454]
[1616947264.2381191, 1616947266.9831145]
[1616947264.239081, 1616947266.8855107]
[1616947264.4507878, 1616947267.110111]
[1616947264.4227335, 1616947267.1150854]
[1616947264.271826, 1616947266.9632363]
[1616947264.5235953, 1616947267.2279465]
[1616947264.674911, 1616947267.3510203]
[1616947264.8446138, 1616947267.510675]
[1616947264.6361835, 1616947267.3362412]
[1616947264.857195, 1616947267.5834627]
[1616947264.7827175, 1616947267.4513578]
[1616947264.7769065, 1616947267.467751]
[1616947264.8472488, 1616947267.4697564]
[1616947265.0253572, 1616947267.6857014]
[1616947265.00556, 1616947267.6978729]
[1616947265.087663, 1616947267.8538358]
[1616947265.113284, 1616947267.785106]
[1616947265.2469363, 1616947267.985513]
[1616947265.2723176, 1616947267.9777467]
[1616947265.3130374, 1616947268.018845]
[1616947265.4149623, 1616947268.0881157]
[1616947265.3788605, 1616947268.1013818]
[1616947265.5328803, 1616947268.2280574]
[1616947265.3713684, 1616947268.0493069]
[1616947265.475, 1616947268.1917596]
[1616947265.5594056, 1616947268.2106917]
[1616947265.384794, 1616947268.1006577]
[1616947265.510983, 1616947268.181019]
[1616947265.7876408, 1616947268.4501164]
[1616947265.650148, 1616947268.3262374]
[1616947265.7647302, 1616947268.459693]
[1616947265.769613, 1616947268.5146277]
[1616947265.7922633, 1616947268.4347296]
[1616947265.9179814, 1616947268.6098714]
[1616947265.8347592, 1616947268.513717]
[1616947265.9910462, 1616947268.7056234]
[1616947266.1030645, 1616947268.7943473]
[1616947266.0479586, 1616947268.7027075]
[1616947265.9877734, 1616947268.7032394]
[1616947266.1902623, 1616947268.903181]
[1616947266.3415444, 1616947269.1588135]
[1616947266.4680548, 1616947269.1992965]
[1616947266.1413774, 1616947268.9011264]
[1616947266.3574505, 1616947269.0974767]
[1616947266.187492, 1616947268.8682158]
[1616947266.549083, 1616947269.2863412]
[1616947266.535813, 1616947269.2725852]
[1616947266.5511494, 1616947269.2068636]
[1616947266.6412444, 1616947269.3477676]
[1616947266.6488087, 1616947269.3557394]
[1616947266.5991836, 1616947269.2665734]
[1616947266.6347494, 1616947269.335282]
[1616947266.955183, 1616947269.6177006]
[1616947267.0263848, 1616947269.7618678]
[1616947267.139665, 1616947269.8445952]
[1616947267.089406, 1616947269.8024771]
[1616947266.993261, 1616947269.7503912]
[1616947267.065266, 1616947269.7559426]
[1616947267.1087427, 1616947269.7973633]
[1616947267.1630957, 1616947269.825826]
[1616947267.0251231, 1616947269.7260728]
[1616947267.3331285, 1616947270.0974574]
[1616947267.2414706, 1616947269.9344573]
[1616947267.5635297, 1616947270.2761848]
[1616947267.4096348, 1616947270.082979]
[1616947267.4273412, 1616947270.1258104]
[1616947267.4435997, 1616947270.1583455]
[1616947267.6764216, 1616947270.4024003]
[1616947267.5413845, 1616947270.2099962]
[1616947267.7094023, 1616947270.3802757]
[1616947267.4927592, 1616947270.1125617]
[1616947267.7033584, 1616947270.391121]
[1616947267.679553, 1616947270.3521676]
[1616947267.708611, 1616947270.4273007]
[1616947267.8784368, 1616947270.6619701]
[1616947267.85659, 1616947270.5401664]
[1616947267.9898055, 1616947270.6549845]
[1616947268.0707064, 1616947270.7642643]
[1616947268.0408986, 1616947270.746007]
[1616947267.8549936, 1616947270.523975]
[1616947268.185972, 1616947270.9217157]
[1616947268.053331, 1616947270.7922256]
[1616947268.2549174, 1616947270.9099865]
[1616947268.4988632, 1616947271.1659908]
[1616947268.2344933, 1616947271.0222254]
[1616947268.386111, 1616947271.0445898]
[1616947268.558618, 1616947271.2492702]
[1616947268.4869363, 1616947271.1667259]
[1616947268.5252912, 1616947271.246607]
[1616947268.5900216, 1616947271.2679644]
[1616947268.4998064, 1616947271.1187634]
[1616947268.5715494, 1616947271.2551987]
[1616947268.9628556, 1616947271.6752229]
[1616947268.7252884, 1616947271.4473326]
[1616947268.869902, 1616947271.541772]
[1616947269.0678248, 1616947271.7936254]
[1616947268.905495, 1616947271.5758655]
[1616947268.9578683, 1616947271.7181816]
[1616947269.202211, 1616947271.9470053]
[1616947268.9528005, 1616947271.6627712]
[1616947268.9851437, 1616947271.661177]
[1616947269.139587, 1616947271.9353573]
[1616947269.2639122, 1616947271.9346964]
[1616947269.2460074, 1616947271.9726887]
[1616947269.2485514, 1616947271.9285998]
[1616947269.4582427, 1616947272.161633]
[1616947269.5196378, 1616947272.290838]
[1616947269.4108272, 1616947272.1168256]
[1616947269.4692175, 1616947272.1672227]
[1616947269.231461, 1616947271.8755836]
[1616947269.6269505, 1616947272.3380685]
[1616947269.6104612, 1616947272.2901495]
[1616947269.5031106, 1616947272.227612]
[1616947269.895401, 1616947272.5547373]
[1616947269.7683744, 1616947272.4962437]
[1616947269.6061776, 1616947272.273568]
[1616947269.6958547, 1616947272.3585017]
[1616947269.8286872, 1616947272.5359254]
[1616947269.8715107, 1616947272.544415]
[1616947270.1074557, 1616947272.8303874]
[1616947269.9304237, 1616947272.6066747]
[1616947270.052123, 1616947272.802276]
[1616947270.025211, 1616947272.7151875]
[1616947270.1992345, 1616947272.9018397]
[1616947270.038104, 1616947272.7278454]
[1616947270.2978806, 1616947272.9835894]
[1616947270.247168, 1616947272.93764]
[1616947270.6268682, 1616947273.3221776]
[1616947270.3289187, 1616947273.0064204]
[1616947270.3676546, 1616947273.026968]
[1616947270.6995964, 1616947273.3841348]
[1616947270.4114745, 1616947273.1488476]
[1616947270.5925946, 1616947273.2675822]
[1616947270.681443, 1616947273.4692914]
[1616947270.5158024, 1616947273.250883]
[1616947270.5691352, 1616947273.2422228]
[1616947270.9875045, 1616947273.71843]
[1616947270.867789, 1616947273.5597923]
[1616947270.8414288, 1616947273.5776024]
[1616947270.7594457, 1616947273.4837856]
[1616947270.8864121, 1616947273.5512965]
[1616947270.9113111, 1616947273.5315173]
[1616947271.1814039, 1616947273.8803353]
[1616947271.0628939, 1616947273.7066603]
[1616947271.0801997, 1616947273.8192797]
[1616947271.2730813, 1616947273.9487865]
[1616947271.2323933, 1616947273.8641012]
[1616947271.2481377, 1616947273.8943632]
[1616947271.1923325, 1616947273.8641777]
[1616947271.3598487, 1616947274.0454988]
[1616947271.3507297, 1616947274.0255477]
[1616947271.384668, 1616947274.1367667]
[1616947271.6953633, 1616947274.4349189]
[1616947271.6230223, 1616947274.3134034]
[1616947271.7249472, 1616947274.467186]
[1616947271.6494472, 1616947274.3379996]
[1616947271.8394341, 1616947274.4988081]
[1616947271.7764864, 1616947274.5012457]
[1616947271.932178, 1616947274.5885205]
[1616947272.0002947, 1616947274.7235272]
[1616947271.801257, 1616947274.504499]
[1616947272.0046914, 1616947274.8408313]
[1616947272.1167262, 1616947274.7873292]
[1616947272.0648568, 1616947274.81135]
[1616947272.2488887, 1616947274.9910493]
[1616947272.196314, 1616947274.8948102]
[1616947272.2829144, 1616947274.9574323]
[1616947272.2214923, 1616947274.9347546]
[1616947272.3460844, 1616947275.0510378]
[1616947272.413326, 1616947275.054852]
[1616947272.5049584, 1616947275.2392807]
[1616947272.5798876, 1616947275.2660022]
[1616947272.6875608, 1616947275.4099095]
[1616947272.7437272, 1616947275.4254582]
[1616947272.8427877, 1616947275.561266]
[1616947272.7022061, 1616947275.40449]
[1616947272.7008727, 1616947275.3693132]
[1616947272.9532166, 1616947275.6181126]
[1616947272.7409363, 1616947275.4279902]
[1616947272.7919133, 1616947275.5241861]
[1616947273.0533075, 1616947275.7148473]
[1616947272.902999, 1616947275.6682627]
[1616947273.2019417, 1616947275.908113]
[1616947272.9223752, 1616947275.6382303]
[1616947273.1062741, 1616947275.8106673]
[1616947273.1019075, 1616947275.756081]
[1616947273.1469438, 1616947275.824694]
[1616947273.1797233, 1616947275.90714]
[1616947273.1894448, 1616947275.88681]
[1616947273.2906866, 1616947275.9575803]
[1616947273.579023, 1616947276.274528]
[1616947273.3228605, 1616947276.1047435]
[1616947273.5345933, 1616947276.2078648]
[1616947273.4833505, 1616947276.2133536]
[1616947273.7010546, 1616947276.4365146]
[1616947273.4916232, 1616947276.1831396]
[1616947273.8293662, 1616947276.518084]
[1616947273.9706318, 1616947276.634938]
[1616947273.7704368, 1616947276.50041]
[1616947273.86337, 1616947276.5279117]
[1616947274.0305026, 1616947276.7123895]
[1616947274.2235446, 1616947276.9011421]
[1616947274.1831806, 1616947276.8659623]
[1616947273.9699018, 1616947276.6653447]
[1616947274.2415667, 1616947276.944048]
[1616947274.4910088, 1616947277.2420683]
[1616947274.3289466, 1616947277.0177057]
[1616947274.3870783, 1616947277.0042388]
[1616947274.3480744, 1616947277.0188086]
[1616947274.6798553, 1616947277.3397698]
[1616947274.4318907, 1616947277.0910988]
[1616947274.5606885, 1616947277.276525]
[1616947274.794859, 1616947277.4527755]
[1616947274.6744027, 1616947277.3270054]
[1616947274.5781982, 1616947277.2861607]
[1616947274.8549173, 1616947277.5917892]
[1616947274.6789434, 1616947277.3863373]
[1616947275.005725, 1616947277.7344942]
[1616947274.8696847, 1616947277.6173117]
[1616947275.0499253, 1616947277.7047722]
[1616947275.0823138, 1616947277.733613]
[1616947275.1237345, 1616947277.8291845]
[1616947275.1775434, 1616947277.91338]
[1616947275.108494, 1616947277.8157442]
[1616947275.080561, 1616947277.7904105]
[1616947275.1812685, 1616947277.8550465]
[1616947275.226486, 1616947277.8610845]
[1616947275.444733, 1616947278.1488128]
[1616947275.4874976, 1616947278.1718104]
[1616947275.37978, 1616947278.0577946]
[1616947275.428644, 1616947278.122419]
[1616947275.526281, 1616947278.2163584]
[1616947275.3656352, 1616947277.9996347]
[1616947275.493836, 1616947278.2049596]
[1616947275.5192108, 1616947278.2589898]
[1616947275.5824137, 1616947278.3029385]
[1616947275.8577814, 1616947278.5421305]
[1616947275.6128497, 1616947278.353953]
[1616947275.6979544, 1616947278.4417126]
[1616947275.8647451, 1616947278.5055075]
[1616947275.8319805, 1616947278.5435364]
[1616947275.9448586, 1616947278.6368818]
[1616947276.1524546, 1616947278.80366]
[1616947275.9643767, 1616947278.631556]
[1616947276.2011395, 1616947278.8963256]
[1616947276.130869, 1616947278.865614]
[1616947276.0044672, 1616947278.7517064]
[1616947276.2182794, 1616947278.9709907]
[1616947276.039448, 1616947278.7358625]
[1616947276.214519, 1616947278.9005837]
[1616947276.2857525, 1616947278.9839633]
[1616947276.1606243, 1616947278.8639305]
[1616947276.404903, 1616947279.0687366]
[1616947276.4248586, 1616947279.1020472]
[1616947276.5060241, 1616947279.2486665]
[1616947276.549095, 1616947279.2087836]
[1616947276.6383371, 1616947279.3652961]
[1616947276.445985, 1616947279.181989]
[1616947276.5061033, 1616947279.2231615]
[1616947276.5726337, 1616947279.2785218]
[1616947276.5766919, 1616947279.2581663]
[1616947276.990294, 1616947279.6748435]
[1616947276.771046, 1616947279.4612248]
[1616947276.8705924, 1616947279.5696065]
[1616947276.8927982, 1616947279.703145]
[1616947276.981851, 1616947279.6659794]
[1616947277.0333834, 1616947279.7270582]
[1616947277.0839028, 1616947279.7746804]
[1616947277.2429235, 1616947279.9019141]
[1616947276.9069633, 1616947279.5415864]
[1616947277.0941331, 1616947279.702441]
[1616947277.343655, 1616947279.9691753]
[1616947277.3459215, 1616947280.0014746]
[1616947277.3674197, 1616947280.0834918]
[1616947277.523277, 1616947280.230334]
[1616947277.6132977, 1616947280.3149736]
[1616947277.6052995, 1616947280.3462024]
[1616947277.7981422, 1616947280.5077977]
[1616947277.7685921, 1616947280.4961474]
[1616947277.6424725, 1616947280.3867633]
[1616947277.677624, 1616947280.3982666]
[1616947278.0167308, 1616947280.655407]
[1616947277.8356483, 1616947280.544568]
[1616947277.8822093, 1616947280.5495164]
[1616947277.9933856, 1616947280.7120888]
[1616947277.8755944, 1616947280.5104153]
[1616947278.117167, 1616947280.8604367]
[1616947278.0994534, 1616947280.7773736]
[1616947278.1188707, 1616947280.7799938]
[1616947278.1480923, 1616947280.8361804]
[1616947278.195283, 1616947280.8731337]
[1616947278.3520234, 1616947281.069471]
[1616947278.3571386, 1616947281.123134]
[1616947278.3580174, 1616947281.0213923]
[1616947278.4314876, 1616947281.1662564]
[1616947278.4975948, 1616947281.1813085]
[1616947278.477733, 1616947281.2233262]
[1616947278.5598428, 1616947281.2466202]
[1616947278.4803138, 1616947281.2440772]
[1616947278.601833, 1616947281.2833743]
[1616947278.910044, 1616947281.5723305]
[1616947278.794809, 1616947281.5196674]
[1616947278.723789, 1616947281.4353037]
[1616947279.1247733, 1616947281.803661]
[1616947279.0079188, 1616947281.708834]
[1616947278.89546, 1616947281.6317222]
[1616947279.0537422, 1616947281.7477639]
[1616947279.0254087, 1616947281.7264233]
[1616947279.1931548, 1616947281.926899]
[1616947279.1967897, 1616947281.915011]
[1616947279.17599, 1616947281.8373957]
[1616947279.412454, 1616947282.1389053]
[1616947279.4051738, 1616947282.1175714]
[1616947279.2729175, 1616947281.9465706]
[1616947279.3281705, 1616947282.0380325]
[1616947279.4237864, 1616947282.1265318]
[1616947279.463322, 1616947282.1331213]
[1616947279.544676, 1616947282.2396145]
[1616947279.641556, 1616947282.31531]
[1616947279.9331262, 1616947282.5996284]
[1616947279.8370056, 1616947282.5179381]
[1616947279.6470318, 1616947282.2860804]
[1616947279.7432008, 1616947282.4513702]
[1616947279.7557094, 1616947282.4421115]
[1616947279.951421, 1616947282.614872]
[1616947279.9012246, 1616947282.5910294]
[1616947279.8895597, 1616947282.5238326]
[1616947280.0926201, 1616947282.7934144]
[1616947280.023383, 1616947282.6504664]
[1616947280.114454, 1616947282.7483091]
[1616947280.2383533, 1616947282.919263]
[1616947280.2260435, 1616947282.8798318]
[1616947280.2804046, 1616947282.9424415]
[1616947280.2257254, 1616947282.9332376]
[1616947280.4550557, 1616947283.1449056]
[1616947280.3423991, 1616947283.0680056]
[1616947280.480387, 1616947283.2170327]
[1616947280.4995904, 1616947283.1701484]
[1616947280.4857957, 1616947283.2212248]
[1616947280.5889037, 1616947283.2595422]
[1616947280.5354562, 1616947283.244924]
[1616947280.7618988, 1616947283.4712489]
[1616947280.5318522, 1616947283.1615005]
[1616947280.9263844, 1616947283.637307]
[1616947280.7465308, 1616947283.4848018]
[1616947281.0712504, 1616947283.7456698]
[1616947280.6862218, 1616947283.3565812]
[1616947281.0374403, 1616947283.7300417]
[1616947280.9112897, 1616947283.618272]
[1616947281.1972752, 1616947283.8989089]
[1616947281.2011573, 1616947283.8928251]
[1616947281.0709088, 1616947283.708292]
[1616947281.0018473, 1616947283.700641]
[1616947281.5574474, 1616947284.278807]
[1616947281.1988368, 1616947283.9335237]
[1616947281.3560727, 1616947284.0335217]
[1616947281.2433925, 1616947283.9856544]
[1616947281.3807092, 1616947284.1563666]
[1616947281.4274616, 1616947284.150803]
[1616947281.403491, 1616947284.127323]
[1616947281.4765174, 1616947284.1869075]
[1616947281.3167338, 1616947283.998289]
[1616947281.6605678, 1616947284.3493645]
[1616947281.9476795, 1616947284.6892989]
[1616947281.653867, 1616947284.3818257]
[1616947281.7440577, 1616947284.5339518]
[1616947281.7741704, 1616947284.475484]
[1616947281.9792442, 1616947284.6781478]
[1616947282.2104774, 1616947284.871076]
[1616947282.0196013, 1616947284.690002]
[1616947281.8097482, 1616947284.4828942]
[1616947282.1176326, 1616947284.7844255]
[1616947282.1520429, 1616947284.8795896]
[1616947282.102087, 1616947284.7903867]
[1616947282.055348, 1616947284.8126454]
[1616947281.9652407, 1616947284.6219916]
[1616947282.3767138, 1616947285.0210416]
[1616947282.3967838, 1616947285.112355]
[1616947282.4272003, 1616947285.1716516]
[1616947282.3915408, 1616947285.1066704]
[1616947282.5166624, 1616947285.2130237]
[1616947282.3862538, 1616947285.0703416]
[1616947282.3540416, 1616947285.0620313]
[1616947282.517087, 1616947285.219564]
[1616947282.6617112, 1616947285.2841935]
[1616947282.5815253, 1616947285.2237878]
[1616947282.8454287, 1616947285.5085623]
[1616947282.786604, 1616947285.4544785]
[1616947282.8395247, 1616947285.5497072]
[1616947282.9229214, 1616947285.5900247]
[1616947282.7796988, 1616947285.4037163]
[1616947283.098786, 1616947285.8105497]
[1616947283.131949, 1616947285.8049095]
[1616947283.2326684, 1616947285.9682617]
[1616947282.9739778, 1616947285.6515713]
[1616947283.0757608, 1616947285.773794]
[1616947282.924665, 1616947285.6076388]
[1616947283.4072044, 1616947286.1453218]
[1616947283.3221262, 1616947285.9909155]
[1616947283.487708, 1616947286.19189]
[1616947283.3477118, 1616947286.0610018]
[1616947283.5093307, 1616947286.1424673]
[1616947283.4622366, 1616947286.150907]
[1616947283.5004647, 1616947286.2333941]
[1616947283.6967132, 1616947286.3732238]
[1616947283.3804324, 1616947286.0373657]
[1616947283.8490086, 1616947286.5490773]
[1616947283.8780065, 1616947286.6220763]
[1616947283.7179468, 1616947286.3873036]
[1616947283.6867433, 1616947286.4101377]
[1616947283.8084528, 1616947286.4909987]
[1616947283.8563914, 1616947286.5451155]
[1616947283.9792018, 1616947286.675586]
[1616947284.2194946, 1616947286.9343746]
[1616947283.950315, 1616947286.69199]
[1616947284.1443665, 1616947286.8142304]
[1616947284.2805586, 1616947287.0181906]
[1616947284.3837445, 1616947287.0755577]
[1616947284.2844758, 1616947287.0644765]
[1616947284.2007077, 1616947286.9050364]
[1616947284.142484, 1616947286.850177]
[1616947284.5531943, 1616947287.2504733]
[1616947284.3781083, 1616947287.0430117]
[1616947284.6273818, 1616947287.3621538]
[1616947284.3984272, 1616947287.1747446]
[1616947284.5295115, 1616947287.2089882]
[1616947284.5441136, 1616947287.2705874]
[1616947284.7936816, 1616947287.432486]
[1616947284.8151588, 1616947287.5525522]
[1616947284.7941282, 1616947287.4872975]
[1616947284.9249678, 1616947287.612817]
[1616947284.5909007, 1616947287.352132]
[1616947284.7990484, 1616947287.483108]
[1616947285.000222, 1616947287.6807613]
[1616947284.9487844, 1616947287.6485457]
[1616947284.98567, 1616947287.6937468]
[1616947284.9023967, 1616947287.6384873]
[1616947285.001567, 1616947287.641638]
[1616947284.653703, 1616947287.3312366]
[1616947285.2921143, 1616947287.9163084]
[1616947285.4129689, 1616947288.0352]
[1616947285.374651, 1616947288.0032256]
[1616947285.5428274, 1616947288.1938756]
[1616947285.7239804, 1616947288.397647]
[1616947285.2168121, 1616947287.9581273]
[1616947285.5726147, 1616947288.3015034]
[1616947285.6501951, 1616947288.3420336]
[1616947285.7721398, 1616947288.475295]
[1616947285.7415164, 1616947288.408363]
[1616947285.88676, 1616947288.6202633]
[1616947285.8820002, 1616947288.5615292]
[1616947285.903542, 1616947288.5873747]
[1616947285.9203224, 1616947288.5978055]
[1616947285.8242912, 1616947288.527002]
[1616947285.9493136, 1616947288.6577098]
[1616947285.9273794, 1616947288.6284163]
[1616947286.1937912, 1616947288.8607895]
[1616947286.1937542, 1616947288.9174144]
[1616947286.0046887, 1616947288.672943]
[1616947286.1330352, 1616947288.7954507]
[1616947286.123255, 1616947288.8319423]
[1616947286.5299606, 1616947289.206169]
[1616947286.3564095, 1616947289.058107]
[1616947286.4490106, 1616947289.1818614]
[1616947286.5684307, 1616947289.2893505]
[1616947286.2571838, 1616947288.958385]
[1616947286.561656, 1616947289.2627757]
[1616947286.8114555, 1616947289.5600748]
[1616947286.9064975, 1616947289.5682716]
[1616947286.9551623, 1616947289.701357]
[1616947287.0163765, 1616947289.6816158]
[1616947286.8576703, 1616947289.5873246]
[1616947286.9645514, 1616947289.6549182]
[1616947286.9685223, 1616947289.666023]
[1616947286.9098227, 1616947289.5857632]
[1616947287.0522602, 1616947289.7458248]
[1616947287.1163373, 1616947289.7849386]
[1616947287.1538842, 1616947289.869935]
[1616947287.1731184, 1616947289.8895333]
[1616947287.0216424, 1616947289.7115989]
[1616947287.3522637, 1616947290.1367214]
[1616947287.344338, 1616947290.020113]
[1616947287.2222304, 1616947289.8903842]
[1616947287.427279, 1616947290.1419446]
[1616947287.247295, 1616947289.980529]
[1616947287.5600662, 1616947290.2943075]
[1616947287.5788548, 1616947290.2476375]
[1616947287.8272083, 1616947290.5152097]
[1616947287.7574134, 1616947290.4697633]
[1616947287.8523753, 1616947290.611167]
[1616947287.6320956, 1616947290.2969167]
[1616947287.6640027, 1616947290.365647]
[1616947287.66879, 1616947290.307519]
[1616947288.050863, 1616947290.663723]
[1616947287.8484783, 1616947290.513104]
[1616947287.8032014, 1616947290.49643]
[1616947287.8259633, 1616947290.5684006]
[1616947288.0030296, 1616947290.6401608]
[1616947288.1362803, 1616947290.8390067]
[1616947288.2230546, 1616947290.8667064]
[1616947288.0973623, 1616947290.7290986]
[1616947287.998849, 1616947290.740108]
[1616947288.2128978, 1616947290.8655024]
[1616947288.4845989, 1616947291.1520078]
[1616947288.4413333, 1616947291.1173997]
[1616947288.5614836, 1616947291.2707894]
[1616947288.2948055, 1616947290.988086]
[1616947288.231863, 1616947290.9576917]
[1616947288.4651046, 1616947291.1353247]
[1616947288.3918264, 1616947291.0711756]
[1616947288.345094, 1616947291.051481]
[1616947288.6541343, 1616947291.3648572]
[1616947288.4374177, 1616947291.1191335]
[1616947288.6053734, 1616947291.299745]
[1616947288.7852862, 1616947291.481146]
[1616947288.714898, 1616947291.39024]
[1616947289.0361638, 1616947291.7330492]
[1616947289.1737676, 1616947291.8796227]
[1616947288.7675366, 1616947291.4776068]
[1616947288.8921108, 1616947291.604618]
[1616947289.0634103, 1616947291.7069886]
[1616947289.0780525, 1616947291.7678804]
[1616947289.2055373, 1616947291.9384732]
[1616947288.8898427, 1616947291.5564573]
[1616947289.1762364, 1616947291.8503876]
[1616947288.9295425, 1616947291.6702373]
[1616947289.4075243, 1616947292.0934403]
[1616947289.5824947, 1616947292.270417]
[1616947289.3853025, 1616947292.1018984]
[1616947289.5709941, 1616947292.3051639]
[1616947289.6812847, 1616947292.3662295]
[1616947289.7721193, 1616947292.4239914]
[1616947289.7336411, 1616947292.4388194]
[1616947289.6119497, 1616947292.337411]
[1616947289.9407759, 1616947292.6621146]
[1616947289.7772167, 1616947292.4869196]
[1616947289.8865528, 1616947292.6048274]
[1616947289.9718168, 1616947292.6699216]
[1616947290.0717316, 1616947292.793736]
[1616947290.0562496, 1616947292.750796]
[1616947290.1542425, 1616947292.8756714]
[1616947290.1363962, 1616947292.82738]
[1616947289.8981593, 1616947292.569228]
[1616947290.096441, 1616947292.7939215]
[1616947290.0862978, 1616947292.7420683]
[1616947290.2965832, 1616947292.964867]
[1616947290.4231865, 1616947293.1057022]
[1616947290.411138, 1616947293.1085367]
[1616947290.4739678, 1616947293.259854]
[1616947290.453504, 1616947293.1886382]
[1616947290.4967737, 1616947293.193191]
[1616947290.5466115, 1616947293.2370653]
[1616947290.9452426, 1616947293.5839229]
[1616947290.5016258, 1616947293.1684883]
[1616947290.513577, 1616947293.2020495]
[1616947290.7812092, 1616947293.5359876]
[1616947290.9633965, 1616947293.6994553]
[1616947290.4209564, 1616947293.0493853]
[1616947291.0540721, 1616947293.7206318]
[1616947290.8043537, 1616947293.435663]
[1616947290.8567865, 1616947293.5246148]
[1616947291.0640254, 1616947293.7704]
[1616947291.0780025, 1616947293.7594564]
[1616947291.3537765, 1616947294.0319626]
[1616947291.0388741, 1616947293.7317069]
[1616947291.1940463, 1616947293.8601933]
[1616947291.334174, 1616947294.0023155]
[1616947291.3896086, 1616947294.113355]
[1616947291.3464375, 1616947294.0826259]
[1616947291.5118961, 1616947294.2168956]
[1616947291.6055105, 1616947294.2752512]
[1616947291.8906872, 1616947294.5711179]
[1616947291.9010475, 1616947294.5929174]
[1616947291.882771, 1616947294.6091814]
[1616947291.9180112, 1616947294.5963087]
[1616947291.9495735, 1616947294.6759138]
[1616947291.8938217, 1616947294.558413]
[1616947292.0216875, 1616947294.6956193]
[1616947291.9246752, 1616947294.5857158]
[1616947291.5200825, 1616947294.2550938]
[1616947291.6820297, 1616947294.4944363]
[1616947291.878702, 1616947294.567567]
[1616947291.877637, 1616947294.558462]
[1616947292.1490195, 1616947294.778003]
[1616947292.112253, 1616947294.7887676]
[1616947292.4635818, 1616947295.1663036]
[1616947292.3707368, 1616947295.049193]
[1616947292.4382195, 1616947295.1109748]
[1616947292.1086957, 1616947294.8178582]
[1616947292.3506098, 1616947295.0602043]
[1616947292.6238482, 1616947295.3422527]
[1616947292.557725, 1616947295.2818692]
[1616947292.6293778, 1616947295.3017037]
[1616947292.5816069, 1616947295.256265]
[1616947292.4729009, 1616947295.2024274]
[1616947292.7155888, 1616947295.4036052]
[1616947292.6570096, 1616947295.2781293]
[1616947292.9147022, 1616947295.6331031]
[1616947292.9845974, 1616947295.659032]
[1616947292.8762066, 1616947295.5496092]
[1616947292.8775625, 1616947295.5718067]
[1616947292.9169147, 1616947295.64652]
[1616947293.1036184, 1616947295.7365203]
[1616947293.1758564, 1616947295.855328]
[1616947293.2248368, 1616947295.9320872]
[1616947293.2185428, 1616947295.9211879]
[1616947293.4567187, 1616947296.1022801]
[1616947293.278133, 1616947296.1251516]
[1616947293.2356741, 1616947295.9635873]
[1616947293.260861, 1616947295.9415386]
[1616947293.3721006, 1616947296.0583599]
[1616947293.5533442, 1616947296.2683685]
[1616947293.5567157, 1616947296.3262188]
[1616947293.5204253, 1616947296.249864]
[1616947293.3195717, 1616947296.0605624]
[1616947293.4454646, 1616947296.1261554]
[1616947293.4435375, 1616947296.0808446]
[1616947293.54675, 1616947296.281587]
[1616947294.026965, 1616947296.724669]
[1616947293.9199789, 1616947296.6037614]
[1616947294.0788522, 1616947296.710064]
[1616947293.7847784, 1616947296.4943123]
[1616947293.9696743, 1616947296.667073]
[1616947293.983948, 1616947296.6465914]
[1616947294.0027075, 1616947296.735778]
[1616947293.8706748, 1616947296.54214]
[1616947294.0626714, 1616947296.7247953]
[1616947294.2550828, 1616947296.9449582]
[1616947294.122408, 1616947296.8313053]
[1616947294.3815184, 1616947297.1056373]
[1616947294.1938608, 1616947296.8972392]
[1616947294.5236747, 1616947297.2703278]
[1616947294.6474864, 1616947297.3623111]
[1616947294.311664, 1616947296.9847565]
[1616947294.4136474, 1616947297.1382735]
[1616947294.4176106, 1616947297.0432198]
[1616947294.5952692, 1616947297.2678518]
[1616947294.7802565, 1616947297.4775884]
[1616947294.7411146, 1616947297.413087]
[1616947294.6824546, 1616947297.3709695]
[1616947294.6966054, 1616947297.4399016]
[1616947294.884481, 1616947297.6024268]
[1616947294.9677274, 1616947297.6310997]
[1616947295.1150603, 1616947297.7742343]
[1616947295.034121, 1616947297.664868]
[1616947295.1746387, 1616947297.8726234]
[1616947295.175355, 1616947297.8694289]
[1616947295.1884966, 1616947297.8802977]
[1616947295.3146636, 1616947298.0720928]
[1616947295.2801893, 1616947297.9338818]
[1616947295.2971895, 1616947298.0273747]
[1616947295.1147783, 1616947297.8316944]
[1616947295.528392, 1616947298.2652302]
[1616947295.3251846, 1616947297.9477851]
[1616947295.4657667, 1616947298.1469798]
[1616947295.4805522, 1616947298.22505]
[1616947295.6337533, 1616947298.3229942]
[1616947295.6059077, 1616947298.294254]
[1616947295.6356802, 1616947298.3262515]
[1616947295.709505, 1616947298.4379804]
[1616947295.68788, 1616947298.3536608]
[1616947295.5901022, 1616947298.2877357]
[1616947295.8404632, 1616947298.561382]
[1616947295.7463112, 1616947298.3862119]
[1616947295.849795, 1616947298.5125554]
[1616947296.1369867, 1616947298.821069]
[1616947295.9956675, 1616947298.7304509]
[1616947296.1655288, 1616947298.7775028]
[1616947296.18851, 1616947298.81932]
[1616947296.216382, 1616947298.9257061]
[1616947296.2251399, 1616947298.921207]
[1616947296.1486506, 1616947298.892902]
[1616947296.3977795, 1616947299.1669645]
[1616947296.1966429, 1616947298.9134116]
[1616947296.4722056, 1616947299.1430192]
[1616947296.4097223, 1616947299.0860102]
[1616947296.5171719, 1616947299.2247534]
[1616947296.4514158, 1616947299.1424737]
[1616947296.419906, 1616947299.1499727]
[1616947296.6964135, 1616947299.3474865]
[1616947296.4075613, 1616947299.1354344]
[1616947296.7240484, 1616947299.3460102]
[1616947296.6723113, 1616947299.3625886]
[1616947296.9077237, 1616947299.6223366]
[1616947296.93345, 1616947299.633391]
[1616947296.787958, 1616947299.5315533]
[1616947296.937222, 1616947299.6148436]
[1616947297.0737214, 1616947299.7139587]
[1616947297.103776, 1616947299.7570033]
[1616947296.9641824, 1616947299.6625626]
[1616947297.238875, 1616947299.9192603]
[1616947297.4149191, 1616947300.1221635]
[1616947297.3046794, 1616947300.026257]
[1616947297.1747892, 1616947299.9135485]
[1616947297.216011, 1616947299.928655]
[1616947297.3919795, 1616947300.0810397]
[1616947297.5054648, 1616947300.209696]
[1616947297.6504328, 1616947300.299584]
[1616947297.4746408, 1616947300.1923323]
[1616947297.7214227, 1616947300.4020188]
[1616947297.619024, 1616947300.3250313]
[1616947297.8051543, 1616947300.4734073]
[1616947297.7909653, 1616947300.4599307]
[1616947297.8221602, 1616947300.4892714]
[1616947297.6944842, 1616947300.318034]
[1616947297.7441173, 1616947300.4118617]
[1616947298.100517, 1616947300.7768686]
[1616947298.0133417, 1616947300.6629698]
[1616947298.075036, 1616947300.8099215]
[1616947298.1004255, 1616947300.796737]
[1616947298.244139, 1616947300.9679945]
[1616947297.995859, 1616947300.6047783]
[1616947298.1977477, 1616947300.961879]
[1616947298.3895755, 1616947301.062469]
[1616947298.5006204, 1616947301.1891513]
[1616947298.4479744, 1616947301.2122712]
[1616947298.5040257, 1616947301.1613898]
[1616947298.4563026, 1616947301.1464276]
[1616947298.2785482, 1616947301.0208724]
[1616947298.4387167, 1616947301.0742178]
[1616947298.701994, 1616947301.4088678]
[1616947298.6693687, 1616947301.3879943]
[1616947298.528925, 1616947301.1868656]
[1616947298.8614717, 1616947301.5467675]
[1616947298.7287838, 1616947301.4007478]
[1616947299.146798, 1616947301.8753846]
[1616947298.7971895, 1616947301.4068322]
[1616947298.700508, 1616947301.400785]
[1616947299.2465258, 1616947301.94526]
[1616947299.0696132, 1616947301.7625942]
[1616947299.3923028, 1616947302.0249293]
[1616947299.0360427, 1616947301.719559]
[1616947299.1069427, 1616947301.8078725]
[1616947299.1942613, 1616947301.94895]
[1616947299.0701272, 1616947301.7778194]
[1616947299.2465136, 1616947301.9667833]
[1616947299.3811285, 1616947302.0652523]
[1616947299.1281018, 1616947301.9324496]
[1616947299.2469923, 1616947301.9491498]
[1616947299.2952483, 1616947301.9958172]
[1616947299.6350474, 1616947302.3817883]
[1616947299.624545, 1616947302.2895079]
[1616947299.6272466, 1616947302.3257453]
[1616947299.8678582, 1616947302.4961019]
[1616947299.519494, 1616947302.1673553]
[1616947299.8917081, 1616947302.6271253]
[1616947299.734455, 1616947302.377098]
[1616947299.6938183, 1616947302.3897483]
[1616947299.7522616, 1616947302.4569883]
[1616947300.0575552, 1616947302.8504179]
[1616947299.8310204, 1616947302.4760506]
[1616947300.0966518, 1616947302.769876]
[1616947300.1155298, 1616947302.839674]
[1616947300.2623398, 1616947302.988463]
[1616947300.2458048, 1616947302.965995]
[1616947300.232491, 1616947302.9329216]
[1616947300.4672973, 1616947303.1211417]
[1616947300.3697948, 1616947303.063862]
[1616947300.4252112, 1616947303.109812]
[1616947300.5620184, 1616947303.2540252]
[1616947300.5289316, 1616947303.2122]
[1616947300.3974738, 1616947303.0299172]
[1616947300.4480865, 1616947303.1257155]
[1616947300.783198, 1616947303.498595]
[1616947300.6890569, 1616947303.3558931]
[1616947300.7660983, 1616947303.4943082]
[1616947300.6941235, 1616947303.3156917]
[1616947300.7040117, 1616947303.3725293]
[1616947300.8117507, 1616947303.5085886]
[1616947300.7982259, 1616947303.511572]
[1616947300.7056324, 1616947303.4082289]
[1616947300.9210274, 1616947303.655696]
[1616947301.1139557, 1616947303.7614677]
[1616947301.127327, 1616947303.8082416]
[1616947301.2450106, 1616947303.904302]
[1616947301.2258036, 1616947303.9415665]
[1616947301.435497, 1616947304.1317735]
[1616947301.3060179, 1616947304.002966]
[1616947301.3594975, 1616947304.0523863]
[1616947301.2426422, 1616947303.9537637]
[1616947301.6285546, 1616947304.3043132]
[1616947301.799657, 1616947304.494457]
[1616947301.6036358, 1616947304.2070558]
[1616947301.6536322, 1616947304.3149276]
[1616947301.7639406, 1616947304.4791608]
[1616947301.56195, 1616947304.2338855]
[1616947301.7056262, 1616947304.4155452]
[1616947302.148235, 1616947304.8314078]
[1616947301.9976656, 1616947304.7207124]
[1616947301.9155765, 1616947304.6453776]
[1616947301.911266, 1616947304.6317046]
[1616947301.8275344, 1616947304.4930394]
[1616947302.0306118, 1616947304.665555]
[1616947301.8355432, 1616947304.5177977]
[1616947302.0022724, 1616947304.7071586]
[1616947302.323964, 1616947304.988447]
[1616947302.1744578, 1616947304.790278]
[1616947302.2518778, 1616947305.0116851]
[1616947302.2974122, 1616947305.000777]
[1616947302.4179847, 1616947305.1147344]
[1616947302.4205308, 1616947305.1715693]
[1616947302.4599402, 1616947305.0976708]
[1616947302.502998, 1616947305.1407778]
[1616947302.699319, 1616947305.4145465]
[1616947302.530825, 1616947305.1853395]
[1616947302.968857, 1616947305.68322]
[1616947302.6018636, 1616947305.3117032]
[1616947302.755115, 1616947305.481579]
[1616947302.647682, 1616947305.3794138]
[1616947303.1525743, 1616947305.823964]
[1616947302.8670456, 1616947305.666691]
[1616947302.8037045, 1616947305.5096974]
[1616947302.9387653, 1616947305.640659]
[1616947303.0439823, 1616947305.6945448]
[1616947303.1093793, 1616947305.7975261]
[1616947302.894037, 1616947305.9638174]
[1616947303.417047, 1616947306.0955088]
[1616947303.2106333, 1616947305.8849828]
[1616947303.3653386, 1616947306.0390642]
[1616947303.1961794, 1616947305.8774161]
[1616947303.4240503, 1616947306.1109765]
[1616947303.423079, 1616947306.090448]
[1616947303.4535682, 1616947306.1582763]
[1616947303.3718395, 1616947305.9863384]
[1616947303.3861015, 1616947306.0845747]
[1616947303.6659038, 1616947306.4010096]
[1616947303.5227973, 1616947306.2392697]
[1616947303.656974, 1616947306.3311982]
[1616947303.6520169, 1616947306.3279026]
[1616947303.7657013, 1616947306.4198585]
[1616947303.7747061, 1616947306.4736047]
[1616947303.6737115, 1616947306.396425]
[1616947303.969265, 1616947306.675416]
[1616947304.0658844, 1616947306.7421527]
[1616947303.8032026, 1616947306.5210137]
[1616947304.1419332, 1616947306.8374352]
[1616947304.0614579, 1616947306.7529297]
[1616947304.1590912, 1616947306.823001]
[1616947303.8050594, 1616947306.4713838]
[1616947304.2768033, 1616947306.9637554]
[1616947304.1581733, 1616947306.8376653]
[1616947304.0892782, 1616947306.8066518]
[1616947304.514491, 1616947307.2064216]
[1616947304.1341174, 1616947306.8013136]
[1616947304.2777855, 1616947306.8859282]
[1616947304.6613142, 1616947307.3921125]
[1616947304.4053545, 1616947307.0649736]
[1616947304.5019338, 1616947307.2660017]
[1616947304.467704, 1616947307.148621]
[1616947304.8148482, 1616947307.4280365]
[1616947304.8304002, 1616947307.5454223]
[1616947305.0098004, 1616947307.68618]
[1616947304.6704903, 1616947307.3609529]
[1616947304.6457899, 1616947307.3863225]
[1616947304.8616223, 1616947307.5412457]
[1616947304.7610028, 1616947307.5098746]
[1616947305.0630062, 1616947307.8433578]
[1616947305.1198454, 1616947307.824021]
[1616947305.2427938, 1616947307.8925738]
[1616947304.973226, 1616947307.6836147]
[1616947304.88055, 1616947307.5194983]
[1616947305.2819343, 1616947308.0060682]
[1616947305.079536, 1616947307.7455933]
[1616947305.6370597, 1616947308.356041]
[1616947305.4279273, 1616947308.1345205]
[1616947305.3136847, 1616947307.9517932]
[1616947305.572133, 1616947308.2760496]
[1616947305.433642, 1616947308.1599817]
[1616947305.4784834, 1616947308.1059582]
[1616947305.317369, 1616947308.0324917]
[1616947305.7574785, 1616947308.3839924]
[1616947305.531094, 1616947308.1993713]
[1616947305.6815922, 1616947308.4530408]
[1616947305.6939018, 1616947308.504091]
[1616947305.6562555, 1616947308.3518083]
[1616947305.6711543, 1616947308.296768]
[1616947305.870925, 1616947308.5458162]
[1616947305.9147527, 1616947308.5877175]
[1616947305.8198926, 1616947308.517332]
[1616947305.9734254, 1616947308.6866622]
[1616947305.9598417, 1616947308.610142]
[1616947306.120442, 1616947308.8007627]
[1616947306.152452, 1616947308.8481057]
[1616947306.4809072, 1616947309.1778626]
[1616947306.2465112, 1616947309.0084026]
[1616947306.4117346, 1616947309.121007]
[1616947306.3584814, 1616947309.0742927]
[1616947306.5353703, 1616947309.2501261]
[1616947306.317988, 1616947309.0393317]
[1616947306.5402799, 1616947309.1874897]
[1616947306.5019217, 1616947309.1775954]
[1616947306.694641, 1616947309.3968978]
[1616947306.5493047, 1616947309.2623334]
[1616947306.748845, 1616947309.4397786]
[1616947306.7297838, 1616947309.3944774]
[1616947306.8985796, 1616947309.5176258]
[1616947306.8552003, 1616947309.5368433]
[1616947306.997391, 1616947309.7188401]
[1616947306.8416855, 1616947309.501251]
[1616947307.021091, 1616947309.6501658]
[1616947306.9867418, 1616947309.6804702]
[1616947306.884536, 1616947309.55433]
[1616947307.0348823, 1616947309.716207]
[1616947307.243859, 1616947309.9066327]
[1616947307.1135182, 1616947309.7871177]
[1616947307.0597546, 1616947309.719501]
[1616947307.3243525, 1616947310.0543177]
[1616947307.47484, 1616947310.0816333]
[1616947307.3920512, 1616947310.1073606]
[1616947307.5975213, 1616947310.229225]
[1616947307.483715, 1616947310.211392]
[1616947307.6448789, 1616947310.3757331]
[1616947307.829096, 1616947310.5653384]
[1616947307.6680045, 1616947310.3508956]
[1616947307.5798783, 1616947310.2748759]
[1616947307.5617979, 1616947310.2682672]
[1616947307.8930905, 1616947310.6472795]
[1616947307.8097463, 1616947310.4831738]
[1616947307.9050539, 1616947310.5602102]
[1616947307.975105, 1616947310.639681]
[1616947307.763439, 1616947310.4269435]
[1616947307.9867468, 1616947310.7032154]
[1616947307.9334083, 1616947310.6698036]
[1616947308.1132526, 1616947310.7790515]
[1616947308.0945375, 1616947310.8079057]
[1616947308.19561, 1616947310.9198077]
[1616947307.9884207, 1616947310.6645393]
[1616947308.1691408, 1616947310.8949807]
[1616947308.3074176, 1616947310.9414306]
[1616947308.2165291, 1616947310.8870673]
[1616947308.4137359, 1616947311.034771]
[1616947308.5606468, 1616947311.2533205]
[1616947308.7335403, 1616947311.3979502]
[1616947308.4175198, 1616947311.1205792]
[1616947308.4817483, 1616947311.193723]
[1616947308.6131725, 1616947311.2912376]
[1616947308.829188, 1616947311.5208364]
[1616947308.7607837, 1616947311.4714792]
[1616947308.7162507, 1616947311.419324]
[1616947308.7419825, 1616947311.454832]
[1616947308.9796233, 1616947311.6509798]
[1616947308.8680625, 1616947311.5338893]
[1616947308.8417792, 1616947311.5451055]
[1616947308.971067, 1616947311.7059817]
[1616947308.915945, 1616947311.637972]
[1616947309.1144662, 1616947311.7880545]
[1616947308.9899802, 1616947311.5999947]
[1616947309.2371418, 1616947311.9295042]
[1616947309.070696, 1616947311.7993429]
[1616947309.4172344, 1616947312.11934]
[1616947309.3690033, 1616947312.0702198]
[1616947309.2554352, 1616947311.9777265]
[1616947309.2238395, 1616947311.876142]
[1616947309.339007, 1616947312.056009]
[1616947309.5556731, 1616947312.2485428]
[1616947309.5595658, 1616947312.2351837]
[1616947309.5333447, 1616947312.1545587]
[1616947309.6251245, 1616947312.2754831]
[1616947309.7204401, 1616947312.4079351]
[1616947309.6438298, 1616947312.3244228]
[1616947309.8624816, 1616947312.6132169]
[1616947309.8197572, 1616947312.4945095]
[1616947309.8673813, 1616947312.5490518]
[1616947310.026544, 1616947312.7329009]
[1616947310.0303211, 1616947312.6924288]
[1616947310.1670868, 1616947312.9018636]
[1616947309.82229, 1616947312.4820366]
[1616947309.994094, 1616947312.6916163]
[1616947310.3430395, 1616947313.0550246]
[1616947310.1566572, 1616947312.781175]
[1616947309.8908007, 1616947312.5437288]
[1616947310.624325, 1616947313.2793736]
[1616947310.1519518, 1616947312.8883374]
[1616947310.5221012, 1616947313.2249742]
[1616947310.3412223, 1616947313.0217872]
[1616947310.4903963, 1616947313.1624186]
[1616947310.5297244, 1616947313.2930744]
[1616947310.7240944, 1616947313.430978]
[1616947310.612419, 1616947313.347714]
[1616947310.7817807, 1616947313.5354428]
[1616947310.6517262, 1616947313.3068554]
[1616947310.5586503, 1616947313.2326393]
[1616947310.7311304, 1616947313.4091098]
[1616947310.7087188, 1616947313.3909223]
[1616947310.7940829, 1616947313.4334571]
[1616947311.0275388, 1616947313.672555]
[1616947311.3442776, 1616947314.0545676]
[1616947311.1347182, 1616947313.8402474]
[1616947311.340966, 1616947314.0557384]
[1616947311.1589277, 1616947313.8807814]
[1616947311.2095244, 1616947313.9393609]
[1616947311.1538994, 1616947313.8504279]
[1616947311.1525688, 1616947313.8110752]
[1616947311.6093163, 1616947314.2293534]
[1616947311.317685, 1616947313.9750845]
[1616947311.537368, 1616947314.2907047]
[1616947311.2493005, 1616947313.9293716]
[1616947311.4186442, 1616947314.0926628]
[1616947311.632611, 1616947314.341164]
[1616947311.5311759, 1616947314.226602]
[1616947311.6566617, 1616947314.3716075]
[1616947311.7286053, 1616947314.4706664]
[1616947311.5440438, 1616947314.241735]
[1616947311.70303, 1616947314.4040542]
[1616947311.7677717, 1616947314.4760404]
[1616947311.9377534, 1616947314.6569197]
[1616947311.8042653, 1616947314.5486374]
[1616947311.681474, 1616947314.3446128]
[1616947311.8208659, 1616947314.54305]
[1616947312.0450962, 1616947314.6941075]
[1616947312.1080713, 1616947314.7961226]
[1616947311.9915957, 1616947314.704015]
[1616947312.0648015, 1616947314.7904708]
[1616947312.2383566, 1616947314.8630114]
[1616947312.5353186, 1616947315.1944606]
[1616947312.4543426, 1616947315.175944]
[1616947312.4663618, 1616947315.0904047]
[1616947312.3228889, 1616947315.0001774]
[1616947312.3075953, 1616947314.9612315]
[1616947312.2718444, 1616947314.9786463]
[1616947312.4602082, 1616947315.1512485]
[1616947312.5194476, 1616947315.2013996]
[1616947312.4498208, 1616947315.1287613]
[1616947312.777237, 1616947315.461496]
[1616947312.703323, 1616947315.3764756]
[1616947312.7652924, 1616947315.4478996]
[1616947312.7765868, 1616947315.4950163]
[1616947312.8479664, 1616947315.4696312]
[1616947312.9601011, 1616947315.6694388]
[1616947313.0967488, 1616947315.7831318]
[1616947313.1593993, 1616947315.8057902]
[1616947312.7611535, 1616947315.4989572]
[1616947313.0131319, 1616947315.7509856]
[1616947313.0997257, 1616947315.812726]
[1616947313.2998395, 1616947316.039767]
[1616947313.3548234, 1616947316.0591474]
[1616947313.2266707, 1616947315.8902087]
[1616947313.5204997, 1616947316.2269714]
[1616947313.4368925, 1616947316.1182125]
[1616947313.4593825, 1616947316.1499527]
[1616947313.7729826, 1616947316.4209616]
[1616947313.4458127, 1616947316.1277094]
[1616947313.5424109, 1616947316.3035831]
[1616947313.7344189, 1616947316.3533912]
[1616947313.8110561, 1616947316.4786487]
[1616947313.6513662, 1616947316.2882872]
[1616947313.799777, 1616947316.598606]
[1616947313.975223, 1616947316.6916952]
[1616947313.983769, 1616947316.6689134]
[1616947313.9360423, 1616947316.6294968]
[1616947314.1136372, 1616947316.827208]
[1616947314.0389872, 1616947316.7560983]
[1616947313.8779492, 1616947316.5847764]
[1616947314.060133, 1616947316.7735186]
[1616947314.1074324, 1616947316.7811265]
[1616947314.215804, 1616947316.9181828]
[1616947314.3794963, 1616947317.0810447]
[1616947314.4017537, 1616947317.07369]
[1616947314.4758177, 1616947317.2054977]
[1616947314.4100494, 1616947317.10433]
[1616947314.4809616, 1616947317.1872475]
[1616947314.559387, 1616947317.2364552]
[1616947314.4659874, 1616947317.1883965]
[1616947314.6188636, 1616947317.3541083]
[1616947314.4566154, 1616947317.1584094]
[1616947314.6350343, 1616947317.290739]
[1616947314.853156, 1616947317.5869548]
[1616947314.6534321, 1616947317.259607]
[1616947314.9895787, 1616947317.6577427]
[1616947314.6782413, 1616947317.3693888]
[1616947314.8291566, 1616947317.534001]
[1616947314.9425251, 1616947317.655705]
[1616947315.090419, 1616947317.794543]
[1616947315.3476868, 1616947318.019029]
[1616947315.119332, 1616947317.7718148]
[1616947314.9173357, 1616947317.527337]
[1616947315.094025, 1616947317.789244]
[1616947315.2377634, 1616947317.9030042]
[1616947315.5822558, 1616947318.2802393]
[1616947315.5642443, 1616947318.2412567]
[1616947315.18173, 1616947317.859076]
[1616947315.622301, 1616947318.301923]
[1616947315.5570307, 1616947318.1569626]
[1616947315.552316, 1616947318.2601385]
[1616947315.7104201, 1616947318.39885]
[1616947315.500695, 1616947318.2132668]
[1616947315.8848228, 1616947318.49991]
[1616947315.664791, 1616947318.370242]
[1616947315.752119, 1616947318.4117084]
[1616947315.9633927, 1616947318.6374972]
[1616947315.8999329, 1616947318.6212847]
[1616947315.8961315, 1616947318.5981474]
[1616947315.9243603, 1616947318.6141703]
[1616947315.848264, 1616947318.543637]
[1616947316.1191604, 1616947318.803204]
[1616947315.9049587, 1616947318.5640814]
[1616947316.1413465, 1616947318.7952766]
[1616947316.1587412, 1616947318.8688688]
[1616947316.3289006, 1616947318.9574754]
[1616947316.3908498, 1616947319.0206544]
[1616947316.2014647, 1616947318.8862154]
[1616947316.345676, 1616947319.02112]
[1616947316.308942, 1616947319.1575027]
[1616947316.3488083, 1616947319.1312418]
[1616947316.6312625, 1616947319.3030684]
[1616947316.5815032, 1616947319.2723763]
[1616947316.3979366, 1616947319.0400805]
[1616947316.701639, 1616947319.4398787]
[1616947316.841263, 1616947319.5196145]
[1616947316.7129674, 1616947319.379886]
[1616947316.7221396, 1616947319.4132724]
[1616947316.9060862, 1616947319.568854]
[1616947316.978578, 1616947319.6787372]
[1616947317.0155733, 1616947319.7227054]
[1616947317.2863593, 1616947320.0047204]
[1616947317.1406584, 1616947319.8443904]
[1616947317.2975383, 1616947319.9776857]
[1616947317.2766151, 1616947319.872428]
[1616947317.339408, 1616947320.0851502]
[1616947317.2080228, 1616947319.986965]
[1616947317.3573244, 1616947320.0727408]
[1616947317.3369122, 1616947320.0860913]
[1616947317.4035602, 1616947320.0973613]
[1616947317.4768157, 1616947320.209501]
[1616947317.4879503, 1616947320.1906426]
[1616947317.6160984, 1616947320.3203158]
[1616947317.619245, 1616947320.256168]
[1616947317.5933952, 1616947320.3266222]
[1616947317.7844899, 1616947320.4236348]
[1616947317.645624, 1616947320.3196056]
[1616947317.8443372, 1616947320.5015242]
[1616947317.7745528, 1616947320.4421258]
[1616947317.8822901, 1616947320.5650403]
[1616947317.9603815, 1616947320.6296046]
[1616947317.8464313, 1616947320.5468137]
[1616947317.8533347, 1616947320.5577414]
[1616947318.0394297, 1616947320.7031527]
[1616947318.435482, 1616947321.1122103]
[1616947318.1844318, 1616947320.9245312]
[1616947318.4377744, 1616947321.1237297]
[1616947318.178406, 1616947320.7987056]
[1616947318.4812822, 1616947321.1582842]
[1616947318.342159, 1616947321.0223434]
[1616947318.503214, 1616947321.1903954]
[1616947318.394763, 1616947321.0918946]
[1616947318.2852852, 1616947320.9887104]
[1616947318.6619034, 1616947321.3432114]
[1616947318.771647, 1616947321.4867256]
[1616947318.6182775, 1616947321.3018036]
[1616947318.5276535, 1616947321.1693804]
[1616947318.5982127, 1616947321.2294872]
[1616947318.8860195, 1616947321.6361735]
[1616947318.788385, 1616947321.5009975]
[1616947318.7282887, 1616947321.4727476]
[1616947319.0123184, 1616947321.6902285]
[1616947318.994354, 1616947321.6405709]
[1616947319.0970058, 1616947321.7354426]
[1616947318.960984, 1616947321.6357107]
[1616947319.2427814, 1616947321.8596444]
[1616947319.2312322, 1616947321.9236033]
[1616947319.2273366, 1616947321.9680455]
[1616947319.181035, 1616947321.9440687]
[1616947319.2689157, 1616947321.936026]
[1616947319.469782, 1616947322.2569547]
[1616947319.6966064, 1616947322.3948495]
[1616947319.522561, 1616947322.1915078]
[1616947319.2964668, 1616947321.9600427]
[1616947319.4419136, 1616947322.1039138]
[1616947319.4716456, 1616947322.138202]
[1616947319.639569, 1616947322.3120317]
[1616947319.7953224, 1616947322.5008948]
[1616947319.571719, 1616947322.2559094]
[1616947319.678168, 1616947322.408625]
[1616947319.8788495, 1616947322.4795089]
[1616947319.8637736, 1616947322.5664556]
[1616947319.8940053, 1616947322.612217]
[1616947320.023021, 1616947322.770912]
[1616947320.0135057, 1616947322.6905913]
[1616947320.2709572, 1616947322.9313023]
[1616947320.321228, 1616947323.0176883]
[1616947320.2041192, 1616947322.922651]
[1616947320.2832544, 1616947323.025029]
[1616947320.4366465, 1616947323.099707]
[1616947320.358904, 1616947323.043061]
[1616947320.3581524, 1616947323.0916688]
[1616947320.6356544, 1616947323.311383]
[1616947320.852305, 1616947323.4640229]
[1616947320.4715164, 1616947323.1410809]
[1616947320.9311938, 1616947323.6572855]
[1616947320.6886008, 1616947323.346821]
[1616947320.7739792, 1616947323.4849584]
[1616947320.7834916, 1616947323.4935682]
[1616947320.7304082, 1616947323.4064813]
[1616947320.8656266, 1616947323.5465932]
[1616947320.9863276, 1616947323.7190888]
[1616947320.931843, 1616947323.6010673]
[1616947321.160885, 1616947323.8529868]
[1616947321.2581508, 1616947323.9446468]
[1616947321.1766894, 1616947323.838817]
[1616947321.0677762, 1616947323.7688901]
[1616947321.2518754, 1616947323.9171948]
[1616947321.293859, 1616947324.040838]
[1616947321.2717218, 1616947323.9538407]
[1616947321.2691202, 1616947323.9812317]
[1616947321.3216197, 1616947324.045422]
[1616947321.319471, 1616947324.0118835]
[1616947321.287277, 1616947323.9835613]
[1616947321.6853695, 1616947324.36127]
[1616947321.7869575, 1616947324.4587815]
[1616947321.549043, 1616947324.248035]
[1616947321.7048066, 1616947324.4394758]
[1616947321.6627147, 1616947324.3280778]
[1616947321.6873527, 1616947324.4886951]
[1616947321.8779535, 1616947324.5108733]
[1616947321.8647213, 1616947324.5573492]
[1616947321.7639265, 1616947324.4180243]
[1616947321.8426166, 1616947324.5823684]
[1616947322.076723, 1616947324.8129358]
[1616947322.1069326, 1616947324.7895353]
[1616947322.293449, 1616947325.0321648]
[1616947322.1622508, 1616947324.812742]
[1616947322.4913468, 1616947325.099905]
[1616947322.1747246, 1616947324.830219]
[1616947322.6000006, 1616947325.3554637]
[1616947322.345512, 1616947325.0390484]
[1616947322.3178523, 1616947324.994988]
[1616947322.6823757, 1616947325.346601]
[1616947322.5214024, 1616947325.2453961]
[1616947322.4471977, 1616947325.1544523]
[1616947322.544781, 1616947325.247224]
[1616947322.8369343, 1616947325.5384238]
[1616947322.5829935, 1616947325.2836065]
[1616947322.421248, 1616947325.1314404]
[1616947322.6304324, 1616947325.3159177]
[1616947322.828849, 1616947325.523495]
[1616947323.0667927, 1616947325.7975168]
[1616947322.7885723, 1616947325.5107388]
[1616947322.9478629, 1616947325.6239483]
[1616947323.0745091, 1616947325.8203025]
[1616947322.9658556, 1616947325.6792698]
[1616947322.8212073, 1616947325.5362277]
[1616947323.1135747, 1616947325.8451908]
[1616947323.1874242, 1616947325.8561862]
[1616947323.0497346, 1616947325.733748]
[1616947322.9926589, 1616947325.6809182]
[1616947323.1114793, 1616947325.7757056]
[1616947323.1999674, 1616947325.873125]
[1616947323.5515368, 1616947326.2301457]
[1616947323.7181978, 1616947326.399005]
[1616947323.634584, 1616947326.292088]
[1616947323.3839326, 1616947326.0641572]
[1616947323.7027724, 1616947326.4312]
[1616947323.780954, 1616947326.4521205]
[1616947323.6481884, 1616947326.3848388]
[1616947323.7425618, 1616947326.4118202]
[1616947323.8478687, 1616947326.5061982]
[1616947323.653211, 1616947326.2745063]
[1616947323.5969803, 1616947326.3102956]
[1616947323.7701328, 1616947326.5222394]
[1616947323.8540618, 1616947326.5791152]
[1616947324.1693254, 1616947326.8692474]
[1616947323.7355719, 1616947326.4576719]
[1616947324.2538147, 1616947326.9763827]
[1616947324.2532349, 1616947326.9457884]
[1616947324.324553, 1616947327.0142336]
[1616947324.1530142, 1616947326.8568182]
[1616947324.0618732, 1616947326.823472]
[1616947324.2593982, 1616947326.9861326]
[1616947324.5870247, 1616947327.2991648]
[1616947324.379808, 1616947327.0562367]
[1616947324.619281, 1616947327.3387907]
[1616947324.4647858, 1616947327.1795807]
[1616947324.599083, 1616947327.3369744]
[1616947324.5715888, 1616947327.2634304]
[1616947324.5376832, 1616947327.168242]
[1616947324.845381, 1616947327.4921496]
[1616947324.6913059, 1616947327.3416893]
[1616947324.864506, 1616947327.5473104]
[1616947325.0175424, 1616947327.7102623]
[1616947324.823179, 1616947327.5566764]
[1616947324.8071232, 1616947327.4857528]
[1616947324.9498353, 1616947327.6051435]
[1616947325.0064666, 1616947327.6657386]
[1616947325.0723681, 1616947327.7636564]
[1616947324.988922, 1616947327.6778202]
[1616947325.5682325, 1616947328.2651262]
[1616947325.3547654, 1616947328.0491412]
[1616947325.3520305, 1616947328.0305183]
[1616947325.4227808, 1616947328.1320848]
[1616947325.4173024, 1616947328.1677809]
[1616947325.7279127, 1616947328.43799]
[1616947325.5216367, 1616947328.2823527]
[1616947325.5829864, 1616947328.2611253]
[1616947325.706906, 1616947328.3952718]
[1616947325.6386726, 1616947328.3107424]
[1616947325.8546488, 1616947328.5829816]
[1616947325.7353928, 1616947328.4438643]
[1616947325.7940629, 1616947328.4412613]
[1616947325.8788788, 1616947328.5672457]
[1616947325.8578508, 1616947328.5485854]
[1616947325.820522, 1616947328.5807326]
[1616947325.8407452, 1616947328.5319483]
[1616947326.3394713, 1616947328.9896219]
[1616947326.0508718, 1616947328.7185829]
[1616947326.3170745, 1616947329.0643728]
[1616947326.2289286, 1616947328.94208]
[1616947326.1978104, 1616947328.864749]
[1616947326.2626064, 1616947328.9505966]
[1616947326.6105103, 1616947329.3192332]
[1616947326.6846182, 1616947329.379223]
[1616947326.3937094, 1616947329.1141407]
[1616947326.2662692, 1616947328.981801]
[1616947326.4290724, 1616947329.1034074]
[1616947326.3737383, 1616947329.0098338]
[1616947326.6943734, 1616947329.3573127]
[1616947326.5238543, 1616947329.1851494]
[1616947326.5605872, 1616947329.2999494]
[1616947326.7086933, 1616947329.4296794]
[1616947326.7832768, 1616947329.4808671]
[1616947326.7686331, 1616947329.4389842]
[1616947326.8192804, 1616947329.5361593]
[1616947326.8983004, 1616947329.6221714]
[1616947326.8840718, 1616947329.5814247]
[1616947327.0347016, 1616947329.710496]
[1616947327.1909773, 1616947329.8695004]
[1616947326.9894092, 1616947329.6921692]
[1616947327.112168, 1616947329.7999568]
[1616947327.133173, 1616947329.847056]
[1616947327.1265137, 1616947329.8074644]
[1616947327.0493317, 1616947329.7796972]
[1616947327.369419, 1616947330.0686703]
[1616947327.3487763, 1616947330.0009782]
[1616947327.313052, 1616947330.0374894]
[1616947327.5306325, 1616947330.1761022]
[1616947327.4245968, 1616947330.1616237]
[1616947327.470273, 1616947330.1000185]
[1616947327.6413672, 1616947330.2791035]
[1616947327.4465463, 1616947330.13486]
[1616947327.7419674, 1616947330.4368136]
[1616947327.8628988, 1616947330.53683]
[1616947327.76377, 1616947330.4346752]
[1616947327.7318442, 1616947330.4260783]
[1616947327.9210851, 1616947330.6685407]
[1616947327.9676096, 1616947330.5820022]
[1616947327.9224026, 1616947330.587943]
[1616947327.9664617, 1616947330.630801]
[1616947328.093642, 1616947330.7580185]
[1616947328.139761, 1616947330.852372]
[1616947328.0607152, 1616947330.7395523]
[1616947328.0992234, 1616947330.8145084]
[1616947328.2159538, 1616947330.8531842]
[1616947328.1928065, 1616947330.9400847]
[1616947328.1871636, 1616947330.9464002]
[1616947328.202607, 1616947330.880003]
[1616947328.2517934, 1616947330.9686873]
[1616947328.2137501, 1616947331.0204055]
[1616947328.3972287, 1616947331.055528]
[1616947328.4826887, 1616947331.1864061]
[1616947328.5849485, 1616947331.2399976]
[1616947328.6722672, 1616947331.3600442]
[1616947328.7120414, 1616947331.4229665]
[1616947328.7612681, 1616947331.4214253]
[1616947328.5881758, 1616947331.3406131]
[1616947328.6871254, 1616947331.3856692]
[1616947328.6347823, 1616947331.395199]
[1616947328.8032844, 1616947331.4802704]
[1616947328.5063713, 1616947331.1463914]
[1616947328.8690834, 1616947331.597379]
[1616947329.0901892, 1616947331.7427888]
[1616947328.9766662, 1616947331.6719623]
[1616947329.094762, 1616947331.8115597]
[1616947329.0328434, 1616947331.6499815]
[1616947329.19516, 1616947331.842525]
[1616947329.2770522, 1616947331.9766881]
[1616947329.08082, 1616947331.780568]
[1616947329.1589708, 1616947331.9196563]
[1616947329.2101433, 1616947331.8926754]
[1616947329.201741, 1616947331.8632057]
[1616947329.5549054, 1616947332.2783163]
[1616947329.3178442, 1616947332.0499008]
[1616947329.2729588, 1616947331.9463158]
[1616947329.3206282, 1616947332.047595]
[1616947329.6105752, 1616947332.2882912]
[1616947329.5236757, 1616947332.2186337]
[1616947329.5855057, 1616947332.2736506]
[1616947329.6976302, 1616947332.3850985]
[1616947329.6227553, 1616947332.339538]
[1616947329.8567946, 1616947332.5645494]
[1616947329.9807076, 1616947332.6624131]
[1616947329.7113137, 1616947332.4129295]
[1616947329.800419, 1616947332.4849865]
[1616947329.9871242, 1616947332.665503]
[1616947330.182033, 1616947332.8272464]
[1616947330.0376084, 1616947332.7043328]
[1616947330.0042794, 1616947332.670623]
[1616947330.2942467, 1616947332.9463964]
[1616947330.460133, 1616947333.1221054]
[1616947330.5121863, 1616947333.126202]
[1616947330.1653078, 1616947332.8471472]
[1616947330.4086583, 1616947333.127013]
[1616947330.481225, 1616947333.1606195]
[1616947330.501554, 1616947333.2085907]
[1616947330.5172648, 1616947333.2287126]
[1616947330.609161, 1616947333.2849774]
[1616947330.66318, 1616947333.3250682]
[1616947330.754663, 1616947333.4478834]
[1616947330.6256425, 1616947333.2364612]
[1616947330.6944342, 1616947333.4362578]
[1616947331.0636988, 1616947333.7241907]
[1616947330.9023595, 1616947333.6502361]
[1616947331.2096515, 1616947333.9491508]
[1616947331.0679743, 1616947333.862326]
[1616947330.9008198, 1616947333.7361608]
[1616947330.968866, 1616947333.7314749]
[1616947331.0766864, 1616947333.8778348]
[1616947330.989945, 1616947333.689632]
[1616947331.193716, 1616947333.9144607]
[1616947331.1545393, 1616947333.7984064]
[1616947331.1272912, 1616947333.8146527]
[1616947331.4115193, 1616947334.1393826]
[1616947331.2211385, 1616947333.901483]
[1616947331.401654, 1616947334.1322553]
[1616947331.5542274, 1616947334.261269]
[1616947331.4639823, 1616947334.1755323]
[1616947331.729759, 1616947334.402536]
[1616947331.7534678, 1616947334.421497]
[1616947331.6595519, 1616947334.287873]
[1616947331.6269352, 1616947334.3245656]
[1616947331.7303338, 1616947334.3871217]
[1616947331.8510041, 1616947334.5146694]
[1616947331.9138396, 1616947334.5849884]
[1616947331.883236, 1616947334.5599332]
[1616947332.0371766, 1616947334.753014]
[1616947332.002451, 1616947334.676242]
[1616947331.9457712, 1616947334.6578383]
[1616947332.0354815, 1616947334.6956427]
[1616947332.1892338, 1616947334.9170463]
[1616947332.394411, 1616947335.0816674]
[1616947332.3183658, 1616947335.0057862]
[1616947332.5082288, 1616947335.2034373]
[1616947332.4759157, 1616947335.2122552]
[1616947332.4205496, 1616947335.137254]
[1616947332.4539585, 1616947335.1711898]
[1616947332.6085565, 1616947335.3573508]
[1616947332.48832, 1616947335.2127664]
[1616947332.7344131, 1616947335.385322]
[1616947332.8189077, 1616947335.4591937]
[1616947332.5050867, 1616947335.2043426]
[1616947332.665916, 1616947335.3309283]
[1616947332.8510237, 1616947335.5183873]
[1616947332.8302634, 1616947335.514315]
[1616947332.8568463, 1616947335.530411]
[1616947332.8512106, 1616947335.500101]
[1616947332.9484909, 1616947335.6339803]
[1616947333.0026944, 1616947335.651836]
[1616947333.0732503, 1616947335.7552657]
[1616947333.321401, 1616947335.9814095]
[1616947333.1515644, 1616947335.7881157]
[1616947333.2090724, 1616947335.9265594]
[1616947333.1774473, 1616947335.852087]
[1616947333.4111452, 1616947336.0831194]
[1616947333.4747365, 1616947336.151282]
[1616947333.437443, 1616947336.0402672]
[1616947333.4971838, 1616947336.2295423]
[1616947333.6858666, 1616947336.3075867]
[1616947333.4989853, 1616947336.1744947]
[1616947333.5531094, 1616947336.2185009]
[1616947333.699358, 1616947336.4213595]
[1616947333.7270763, 1616947336.4459968]
[1616947333.5191357, 1616947336.2066183]
[1616947333.9226334, 1616947336.6384406]
[1616947333.8167872, 1616947336.452435]
[1616947333.835412, 1616947336.5327659]
[1616947334.161046, 1616947336.8725827]
[1616947334.083209, 1616947336.7966845]
[1616947334.2109091, 1616947336.9275868]
[1616947333.7946198, 1616947336.483968]
[1616947334.1461895, 1616947336.842413]
[1616947334.1203942, 1616947336.881218]
[1616947334.0905006, 1616947336.7397077]
[1616947334.390258, 1616947337.013257]
[1616947334.7680824, 1616947337.503812]
[1616947334.2819793, 1616947336.9574695]
[1616947334.403151, 1616947337.038592]
[1616947334.6342645, 1616947337.2999651]
[1616947334.4079285, 1616947337.0909932]
[1616947334.3793747, 1616947337.140237]
[1616947334.785803, 1616947337.4711664]
[1616947334.5669875, 1616947337.2669187]
[1616947334.731216, 1616947337.4140227]
[1616947334.6287522, 1616947337.3196118]
[1616947334.6320996, 1616947337.2915957]
[1616947334.833906, 1616947337.635281]
[1616947334.8697827, 1616947337.7400768]
[1616947335.0005496, 1616947337.6710603]
[1616947334.8035219, 1616947337.526472]
[1616947334.912669, 1616947337.537417]
[1616947334.8919647, 1616947337.554396]
[1616947335.3034472, 1616947337.9809928]
[1616947334.9272497, 1616947337.6493552]
[1616947335.1555636, 1616947338.0618758]
[1616947335.220514, 1616947337.911121]
[1616947335.3204606, 1616947338.0152946]
[1616947335.179237, 1616947337.9006226]
[1616947335.2877676, 1616947338.0180132]
[1616947335.3826933, 1616947338.090908]
[1616947335.6012533, 1616947338.2910213]
[1616947335.6289873, 1616947338.2934823]
[1616947335.757588, 1616947338.4396977]
[1616947335.593033, 1616947338.2679904]
[1616947335.5821888, 1616947338.2703388]
[1616947335.754305, 1616947338.4567275]
[1616947335.8649938, 1616947338.5362425]
[1616947335.7448707, 1616947338.3582876]
[1616947335.847912, 1616947338.472387]
[1616947335.8807967, 1616947338.5982766]
[1616947335.6294627, 1616947338.2937598]
[1616947335.87506, 1616947338.554088]
[1616947336.337144, 1616947338.9507294]
[1616947336.0024543, 1616947338.6850376]
[1616947336.0963767, 1616947338.801058]
[1616947336.050937, 1616947338.696301]
[1616947336.1861255, 1616947338.8612196]
[1616947336.0589027, 1616947338.7537334]
[1616947336.341149, 1616947339.0810847]
[1616947336.4495883, 1616947339.1450846]
[1616947336.41096, 1616947339.0602794]
[1616947336.826043, 1616947339.5468564]
[1616947336.6274796, 1616947339.3226285]
[1616947336.726766, 1616947339.4269607]
[1616947337.0471396, 1616947339.671066]
[1616947336.7872758, 1616947339.4572299]
[1616947336.8867593, 1616947339.625677]
[1616947336.7362053, 1616947339.4421415]
[1616947336.9625385, 1616947339.7487652]
[1616947336.7373228, 1616947339.3858864]
[1616947336.9030323, 1616947339.6078517]
[1616947337.1420984, 1616947339.8275442]
[1616947337.017265, 1616947339.719483]
[1616947336.8143759, 1616947339.5482066]
[1616947337.0586822, 1616947339.6891782]
[1616947337.3429458, 1616947340.0169644]
[1616947337.217327, 1616947339.9294329]
[1616947337.0645368, 1616947339.7682228]
[1616947337.2050242, 1616947339.9298875]
[1616947337.2640347, 1616947339.9402864]
[1616947337.386593, 1616947340.0330775]
[1616947337.270713, 1616947339.9544594]
[1616947337.6049988, 1616947340.3078501]
[1616947337.636812, 1616947340.3043842]
[1616947337.6300824, 1616947340.3161395]
[1616947337.5831797, 1616947340.1994014]
[1616947337.5687456, 1616947340.2470047]
[1616947337.3493726, 1616947340.0140064]
[1616947337.5976148, 1616947340.2938237]
[1616947337.6505663, 1616947340.4548619]
[1616947337.8151782, 1616947340.6873612]
[1616947338.1058934, 1616947340.8110662]
[1616947338.0908172, 1616947340.8318853]
[1616947337.8842869, 1616947340.5717547]
[1616947337.9181788, 1616947340.6013322]
[1616947337.9056997, 1616947340.6420295]
[1616947338.1555915, 1616947340.8573377]
[1616947337.9049866, 1616947340.6429265]
[1616947338.0662436, 1616947340.7817538]
[1616947338.257862, 1616947340.9816985]
[1616947338.166952, 1616947340.8610892]
[1616947338.2185724, 1616947340.8933213]
[1616947338.3466897, 1616947340.9916108]
[1616947338.2262225, 1616947340.9281223]
[1616947338.572476, 1616947341.2508762]
[1616947338.533608, 1616947341.2777042]
[1616947338.5616987, 1616947341.2442782]
[1616947338.6607087, 1616947341.3321292]
[1616947339.1340358, 1616947341.860027]
[1616947338.8582878, 1616947341.5291708]
[1616947338.7622113, 1616947341.4602964]
[1616947339.0556648, 1616947341.746372]
[1616947339.034977, 1616947341.7314854]
[1616947338.9103115, 1616947341.5775666]
[1616947338.962254, 1616947341.581592]
[1616947338.9612744, 1616947341.5851574]
[1616947339.0610952, 1616947341.6941059]
[1616947339.137672, 1616947341.7719069]
[1616947339.0070863, 1616947341.6754007]
[1616947339.2162538, 1616947341.9118145]
[1616947339.3433688, 1616947341.993698]
[1616947339.4011848, 1616947342.0460653]
[1616947339.785321, 1616947342.4867394]
[1616947339.520501, 1616947342.2245064]
[1616947339.489973, 1616947342.1637533]
[1616947339.3411906, 1616947342.0261714]
[1616947339.4644065, 1616947342.123772]
[1616947339.5845954, 1616947342.3006968]
[1616947339.6540225, 1616947342.403018]
[1616947339.6696112, 1616947342.382943]
[1616947339.4299257, 1616947342.0889912]
[1616947339.7394238, 1616947342.4084315]
[1616947339.9668818, 1616947342.6573074]
[1616947339.8783383, 1616947342.5692823]
[1616947339.8328903, 1616947342.4603982]
[1616947339.8012812, 1616947342.514604]
[1616947340.1149528, 1616947342.8561513]
[1616947339.8891869, 1616947342.5074897]
[1616947340.2307737, 1616947342.8655365]
[1616947340.0621448, 1616947342.7270932]
[1616947340.295144, 1616947342.942264]
[1616947340.2454207, 1616947342.9797013]
[1616947340.1629925, 1616947342.8413427]
[1616947340.3972576, 1616947343.102525]
[1616947340.179456, 1616947342.8428223]
[1616947340.3848648, 1616947343.077343]
[1616947340.5382473, 1616947343.3023105]
[1616947340.5959325, 1616947343.324794]
[1616947340.764166, 1616947343.477372]
[1616947340.7044613, 1616947343.386266]
[1616947340.7056162, 1616947343.4660108]
[1616947340.570965, 1616947343.2427707]
[1616947340.6751473, 1616947343.403645]
[1616947340.6770005, 1616947343.3821256]
[1616947340.9433575, 1616947343.6066356]
[1616947341.0666652, 1616947343.776102]
[1616947340.9355419, 1616947343.6146684]
[1616947340.9908326, 1616947343.7008243]
[1616947340.8324518, 1616947343.5680718]
[1616947340.8415668, 1616947343.5706782]
[1616947340.9112663, 1616947343.5941954]
[1616947341.0150912, 1616947343.695549]
[1616947341.3838265, 1616947344.1109653]
[1616947341.4385893, 1616947344.1619744]
[1616947341.3666248, 1616947344.027828]
[1616947341.354913, 1616947344.0728948]
[1616947341.3311505, 1616947343.9512448]
[1616947341.3788078, 1616947344.0708547]
[1616947341.789044, 1616947344.465373]
[1616947341.5984437, 1616947344.2334156]
[1616947341.4061859, 1616947344.1183412]
[1616947341.7178705, 1616947344.354551]
[1616947341.9315467, 1616947344.6103566]
[1616947341.852021, 1616947344.5383778]
[1616947341.8451006, 1616947344.5229926]
[1616947341.8762038, 1616947344.617964]
[1616947342.012949, 1616947344.665401]
[1616947341.880915, 1616947344.5690043]
[1616947341.890587, 1616947344.522932]
[1616947342.0696123, 1616947344.714016]
[1616947342.178572, 1616947344.8988976]
[1616947342.1084912, 1616947344.780099]
[1616947342.202198, 1616947344.8962939]
[1616947342.1947992, 1616947344.8937433]
[1616947342.204972, 1616947344.8684573]
[1616947342.2692878, 1616947344.993803]
[1616947342.1686141, 1616947344.8209631]
[1616947342.2452273, 1616947344.9440794]
[1616947342.4833028, 1616947345.121445]
[1616947342.5308511, 1616947345.2277248]
[1616947342.4535954, 1616947345.1477897]
[1616947342.6040137, 1616947345.3454063]
[1616947342.605728, 1616947345.318598]
[1616947342.5764103, 1616947345.2580285]
[1616947342.6548188, 1616947345.381532]
[1616947342.5385942, 1616947345.223174]
[1616947342.5175405, 1616947345.1759946]
[1616947342.8752337, 1616947345.5738938]
[1616947342.8475714, 1616947345.5123475]
[1616947342.9514914, 1616947345.603146]
[1616947342.8099976, 1616947345.4726534]
[1616947342.9537745, 1616947345.6169224]
[1616947343.0437827, 1616947345.7947397]
[1616947342.8747041, 1616947345.5113416]
[1616947342.9729536, 1616947345.6608331]
[1616947343.0874302, 1616947345.7795475]
[1616947343.294632, 1616947346.0089047]
[1616947343.2112148, 1616947345.885239]
[1616947343.2730677, 1616947345.913631]
[1616947343.2682695, 1616947345.924002]
[1616947343.168362, 1616947345.8653743]
[1616947343.1727526, 1616947345.8262389]
[1616947343.3919606, 1616947346.0681217]
[1616947343.4195704, 1616947346.1604896]
[1616947343.4302917, 1616947346.1330376]
[1616947343.3770823, 1616947346.0544183]
[1616947343.6113307, 1616947346.2703333]
[1616947343.5251362, 1616947346.1812172]
[1616947343.4447753, 1616947346.2859683]
[1616947343.4720483, 1616947346.2215106]
[1616947343.5965755, 1616947346.324876]
[1616947343.6682112, 1616947346.3596501]
[1616947343.4838684, 1616947346.2095556]
[1616947343.860932, 1616947346.5741494]
[1616947343.8828142, 1616947346.515879]
[1616947343.856673, 1616947346.5487728]
[1616947343.8621469, 1616947346.5760086]
[1616947343.8164833, 1616947346.4937809]
[1616947343.8302112, 1616947346.531752]
[1616947343.8663049, 1616947346.6368377]
[1616947343.8544872, 1616947346.4995475]
[1616947344.0154028, 1616947346.6720963]
[1616947344.1248415, 1616947346.8442469]
[1616947343.9162428, 1616947346.681714]
[1616947344.0913932, 1616947346.792711]
[1616947343.99957, 1616947346.6184087]
[1616947344.0623145, 1616947346.7281358]
[1616947344.1349115, 1616947346.9146054]
[1616947344.0126913, 1616947346.6567512]
[1616947344.1424537, 1616947346.8315566]
[1616947344.3410847, 1616947347.074091]
[1616947344.2601616, 1616947346.88474]
[1616947344.409152, 1616947347.1414862]
[1616947344.4110622, 1616947347.0388472]
[1616947344.405931, 1616947347.1591682]
[1616947344.393994, 1616947347.056553]
[1616947344.5011299, 1616947347.19594]
[1616947344.368776, 1616947347.015889]
[1616947344.5311673, 1616947347.1863613]
[1616947344.5356903, 1616947347.2493515]
[1616947344.5342774, 1616947347.1653843]
[1616947344.4778285, 1616947347.1398587]
[1616947344.7502894, 1616947347.4168153]
[1616947344.6519895, 1616947347.3216238]
[1616947344.7235274, 1616947347.3803895]
[1616947344.7804594, 1616947347.5035713]
[1616947344.7633836, 1616947347.4737556]
[1616947344.8272748, 1616947347.466163]
[1616947344.6448834, 1616947347.3656223]
[1616947344.8351688, 1616947347.5006964]
[1616947344.9018977, 1616947347.600121]
[1616947344.7292464, 1616947347.368262]
[1616947344.8664103, 1616947347.5838966]
[1616947344.9620988, 1616947347.6451762]
[1616947344.7897081, 1616947347.4872656]
[1616947344.9534938, 1616947347.6595178]
[1616947344.9159646, 1616947347.6018908]
[1616947345.0254002, 1616947347.7710056]
[1616947344.863309, 1616947347.5575144]
[1616947345.1300082, 1616947347.7643635]
[1616947345.1617126, 1616947347.8700411]
[1616947345.141612, 1616947347.8797991]
[1616947345.0886264, 1616947347.7508793]
[1616947345.078909, 1616947347.7468784]
[1616947345.1569233, 1616947347.8418124]
[1616947345.096506, 1616947347.855684]
[1616947345.1828501, 1616947347.8297446]
[1616947345.1548781, 1616947347.8161485]
[1616947345.2458472, 1616947347.9460726]
[1616947345.3861625, 1616947348.085332]
[1616947345.3300714, 1616947348.0334234]
[1616947345.4391723, 1616947348.1608098]
[1616947345.394008, 1616947348.1663263]
[1616947345.2919948, 1616947347.9773006]
[1616947345.5077667, 1616947348.1855783]
[1616947345.459901, 1616947348.2150881]
[1616947345.4259298, 1616947348.1629705]
[1616947345.5785236, 1616947348.254189]
[1616947345.4379885, 1616947348.123259]
[1616947345.4601052, 1616947348.1502717]
[1616947345.607262, 1616947348.3757226]
[1616947345.5886285, 1616947348.274644]
[1616947345.5946875, 1616947348.3876972]
[1616947345.5915458, 1616947348.223289]
[1616947345.7528958, 1616947348.5050685]
[1616947345.6328938, 1616947348.2673728]
[1616947345.7119942, 1616947348.426181]
[1616947345.6582396, 1616947348.306849]
[1616947345.690412, 1616947348.3804376]
[1616947345.6972897, 1616947348.4655085]
[1616947345.7237542, 1616947348.406473]
[1616947345.7750125, 1616947348.4732769]
[1616947345.8365188, 1616947348.5128078]
[1616947345.8062203, 1616947348.539362]
[1616947345.847384, 1616947348.5658762]
[1616947345.713137, 1616947348.4371567]
[1616947345.8414931, 1616947348.5486462]
[1616947345.8907704, 1616947348.609535]
[1616947345.7441473, 1616947348.484288]
[1616947345.7312627, 1616947348.4640172]
[1616947345.8355718, 1616947348.4954448]
[1616947345.8734894, 1616947348.5884564]
[1616947345.9492958, 1616947348.681731]
[1616947345.915324, 1616947348.6542664]
[1616947345.899733, 1616947348.5577672]
[1616947345.9031682, 1616947348.6189184]
[1616947345.915286, 1616947348.619758]
[1616947345.9531221, 1616947348.7074065]
[1616947346.0473611, 1616947348.7362535]
[1616947346.1618805, 1616947348.8666701]
[1616947346.0982609, 1616947348.7739847]
[1616947346.1915054, 1616947348.8690698]
[1616947345.9436965, 1616947348.6208963]
[1616947346.0999842, 1616947348.7764862]
[1616947346.2679074, 1616947348.9695382]
[1616947346.007445, 1616947348.7453876]
[1616947346.18668, 1616947348.922618]
[1616947346.108672, 1616947348.8739066]
[1616947346.2505958, 1616947349.011553]
[1616947346.1084995, 1616947348.9048026]
[1616947346.13201, 1616947348.8780947]
[1616947346.372798, 1616947349.101292]
[1616947346.328065, 1616947349.0564578]
[1616947346.3488488, 1616947349.100827]
[1616947346.1378164, 1616947348.8216944]
[1616947346.2894013, 1616947348.9409187]
[1616947346.3048277, 1616947349.0675323]
[1616947346.2604105, 1616947349.029049]
[1616947347.2201626, 1616947350.6610987]
[1616947346.3257716, 1616947349.0923307]
[1616947347.1909516, 1616947350.4434495]
[1616947347.2505233, 1616947350.5375955]
[1616947346.1012807, 1616947348.882115]
[1616947347.205731, 1616947350.6525102]
[1616947346.3944745, 1616947349.667895]
[1616947347.1625197, 1616947350.37664]
[1616947347.1289165, 1616947350.2360802]
[1616947346.2212577, 1616947348.9451194]
[1616947346.3731308, 1616947349.0911298]
[1616947347.2896984, 1616947350.7089994]
[1616947346.1787047, 1616947348.903297]
[1616947346.5544977, 1616947349.2433722]
[1616947346.5360208, 1616947349.2689981]
[1616947347.379552, 1616947350.8111758]
[1616947346.5216775, 1616947349.1520958]
[1616947348.429121, 1616947351.9505339]
[1616947347.2152247, 1616947350.6465027]
[1616947346.5054455, 1616947349.1520553]
[1616947347.216026, 1616947350.6099083]
[1616947346.5789995, 1616947349.3017986]
[1616947347.3660574, 1616947350.8352494]
[1616947347.3156133, 1616947350.522198]
[1616947347.3534932, 1616947350.7895513]
[1616947346.2737691, 1616947349.0332265]
[1616947347.3650231, 1616947350.8159666]
[1616947347.3109262, 1616947350.7815764]
[1616947347.4626446, 1616947350.922738]
[1616947348.4468465, 1616947351.6885347]
[1616947347.3542278, 1616947350.8007941]
[1616947347.3032672, 1616947350.7219105]
[1616947346.6416986, 1616947349.3571038]
[1616947347.3295448, 1616947350.5446346]
[1616947347.334524, 1616947350.7142465]
[1616947347.3512542, 1616947350.5948784]
[1616947346.3461962, 1616947349.056885]
[1616947347.2959294, 1616947350.4885268]
[1616947346.3692687, 1616947349.0807383]
[1616947346.660932, 1616947349.4340823]
[1616947346.498926, 1616947349.2051737]
[1616947347.34078, 1616947350.7816274]
[1616947346.6762419, 1616947349.340383]
[1616947347.3349905, 1616947350.615138]
[1616947346.581107, 1616947349.5756307]
[1616947347.3551354, 1616947350.5652046]
[1616947347.7197506, 1616947351.1065397]
[1616947346.623386, 1616947349.217092]
[1616947347.3240166, 1616947350.547903]
[1616947346.6877315, 1616947349.4935389]
[1616947347.366536, 1616947350.7889776]
[1616947347.3946514, 1616947350.686197]
[1616947347.5419369, 1616947351.031703]
[1616947347.3680248, 1616947350.5546267]
[1616947347.4690933, 1616947350.702466]
