[1616947154.194468, 1616947156.9422088]
[1616947154.2155993, 1616947156.9282818]
[1616947154.4130843, 1616947157.0968692]
[1616947154.7434728, 1616947157.4256964]
[1616947153.948323, 1616947156.657426]
[1616947154.519628, 1616947157.1971233]
[1616947154.4593146, 1616947157.2125537]
[1616947154.4891124, 1616947157.150568]
[1616947154.4841394, 1616947157.1639044]
[1616947154.6296122, 1616947157.3572733]
[1616947154.4699059, 1616947157.1875694]
[1616947154.7623758, 1616947157.3998728]
[1616947154.5738356, 1616947157.3118138]
[1616947154.48583, 1616947157.1928425]
[1616947154.492412, 1616947157.139706]
[1616947154.762616, 1616947157.4663923]
[1616947154.4838371, 1616947157.2057679]
[1616947154.5603461, 1616947157.258655]
[1616947155.0267692, 1616947157.7207453]
[1616947154.6118536, 1616947157.2312179]
[1616947154.5840707, 1616947157.3357632]
[1616947155.1327534, 1616947157.8526504]
[1616947154.876083, 1616947157.5187688]
[1616947155.4830256, 1616947158.085613]
[1616947155.1900663, 1616947157.8585691]
[1616947155.6814132, 1616947158.41468]
[1616947155.366752, 1616947158.0459905]
[1616947155.4986598, 1616947158.1766984]
[1616947155.9357073, 1616947158.6247323]
[1616947155.5619185, 1616947158.2550497]
[1616947155.5230782, 1616947158.1758513]
[1616947155.913212, 1616947158.5896373]
[1616947155.7068152, 1616947158.388328]
[1616947156.074603, 1616947158.7138822]
[1616947156.2204356, 1616947158.9325948]
[1616947155.8835988, 1616947158.5149808]
[1616947156.1490874, 1616947158.8306818]
[1616947156.3449872, 1616947159.0250812]
[1616947156.1548567, 1616947158.7594101]
[1616947156.5374575, 1616947159.1900957]
[1616947156.9508812, 1616947159.681355]
[1616947156.410929, 1616947159.135301]
[1616947156.3762224, 1616947159.0194485]
[1616947157.041981, 1616947159.7972488]
[1616947156.7302911, 1616947159.4396956]
[1616947157.0238311, 1616947159.7364285]
[1616947157.4916022, 1616947160.2226264]
[1616947157.368033, 1616947160.068936]
[1616947157.7592425, 1616947160.447259]
[1616947157.6946282, 1616947160.3491313]
[1616947157.8244908, 1616947160.51937]
[1616947157.9375043, 1616947160.6173277]
[1616947158.1375105, 1616947160.768556]
[1616947158.0823135, 1616947160.7596354]
[1616947158.563868, 1616947161.195846]
[1616947158.3841262, 1616947161.042484]
[1616947158.322435, 1616947161.0335774]
[1616947158.6835885, 1616947161.3535662]
[1616947158.9038656, 1616947161.4909768]
[1616947158.9649987, 1616947161.6604736]
[1616947158.6972365, 1616947161.3929272]
[1616947158.736721, 1616947161.3712988]
[1616947158.8635817, 1616947161.550816]
[1616947158.9210231, 1616947161.6575406]
[1616947159.1624725, 1616947161.927093]
[1616947159.075765, 1616947161.7412043]
[1616947159.2446663, 1616947161.8973513]
[1616947159.349989, 1616947162.088575]
[1616947158.963764, 1616947161.6941714]
[1616947159.2636967, 1616947161.917371]
[1616947158.9818933, 1616947161.6602914]
[1616947159.6986163, 1616947162.4052122]
[1616947159.5569692, 1616947162.2785287]
[1616947159.5454395, 1616947162.2219372]
[1616947159.490308, 1616947162.2311661]
[1616947159.586373, 1616947162.3316197]
[1616947159.7668147, 1616947162.4998436]
[1616947159.6082716, 1616947162.3545887]
[1616947159.8774636, 1616947162.4912567]
[1616947160.1363273, 1616947162.8490589]
[1616947159.9718008, 1616947162.6988008]
[1616947159.8928392, 1616947162.653022]
[1616947159.834524, 1616947162.5987852]
[1616947160.303586, 1616947162.9868124]
[1616947160.0405302, 1616947162.7246447]
[1616947160.1944299, 1616947162.9017437]
[1616947160.251717, 1616947162.980247]
[1616947160.2789116, 1616947163.0109756]
[1616947160.4680707, 1616947163.1671724]
[1616947160.4158478, 1616947163.065347]
[1616947160.6227624, 1616947163.309642]
[1616947160.5631888, 1616947163.2543163]
[1616947160.6921322, 1616947163.409658]
[1616947160.5089664, 1616947163.1669977]
[1616947160.592772, 1616947163.204961]
[1616947160.7170334, 1616947163.441875]
[1616947160.7649615, 1616947163.4695008]
[1616947160.8829913, 1616947163.5735614]
[1616947161.1631398, 1616947163.8709693]
[1616947160.8720891, 1616947163.4975402]
[1616947161.0924106, 1616947163.7323322]
[1616947161.1940742, 1616947163.8225667]
[1616947161.3678498, 1616947164.0333486]
[1616947161.2541323, 1616947163.8838477]
[1616947161.4597552, 1616947164.1134508]
[1616947161.25949, 1616947163.899182]
[1616947161.5663083, 1616947164.240426]
[1616947161.3214755, 1616947163.9942148]
[1616947161.6125863, 1616947164.232702]
[1616947161.3399894, 1616947164.0525064]
[1616947161.441056, 1616947164.0626912]
[1616947161.425663, 1616947164.091645]
[1616947161.489298, 1616947164.1794267]
[1616947161.821212, 1616947164.4778967]
[1616947161.6862361, 1616947164.3745162]
[1616947161.8223736, 1616947164.536439]
[1616947162.05793, 1616947164.7137778]
[1616947162.0315778, 1616947164.7575967]
[1616947162.1984227, 1616947164.924896]
[1616947162.3694606, 1616947165.0587149]
[1616947162.2771368, 1616947164.9782548]
[1616947162.0859125, 1616947164.7485428]
[1616947162.3302572, 1616947165.0465362]
[1616947162.6377184, 1616947165.4078174]
[1616947162.394354, 1616947165.139752]
[1616947162.50782, 1616947165.2397535]
[1616947162.672049, 1616947165.4311004]
[1616947162.677905, 1616947165.4146197]
[1616947162.77833, 1616947165.4510894]
[1616947162.9044461, 1616947165.640093]
[1616947162.8321736, 1616947165.5530903]
[1616947162.5649536, 1616947165.1939006]
[1616947163.1650317, 1616947165.8703294]
[1616947163.0423286, 1616947165.778964]
[1616947163.097524, 1616947165.753764]
[1616947163.1495566, 1616947165.894061]
[1616947163.208816, 1616947165.8945951]
[1616947163.3474386, 1616947166.043424]
[1616947163.1013124, 1616947165.7565956]
[1616947163.4965312, 1616947166.1913846]
[1616947163.332424, 1616947166.0316248]
[1616947163.5605962, 1616947166.1626022]
[1616947163.5675192, 1616947166.2924385]
[1616947163.8148348, 1616947166.4593027]
[1616947163.8538737, 1616947166.4618602]
[1616947163.719313, 1616947166.410448]
[1616947163.8492007, 1616947166.5537539]
[1616947163.88186, 1616947166.6027653]
[1616947163.849992, 1616947166.4926846]
[1616947163.9037619, 1616947166.5350442]
[1616947164.103021, 1616947166.7964942]
[1616947164.038777, 1616947166.6920395]
[1616947164.2077599, 1616947166.8360782]
[1616947164.2037349, 1616947166.8666403]
[1616947164.3170354, 1616947166.9076667]
[1616947164.4342716, 1616947167.1383326]
[1616947164.306086, 1616947166.985961]
[1616947164.492667, 1616947167.194339]
[1616947164.5066555, 1616947167.1787436]
[1616947164.542325, 1616947167.2495918]
[1616947164.4362488, 1616947167.054232]
[1616947164.581166, 1616947167.2469192]
[1616947164.4915202, 1616947167.150055]
[1616947164.7050257, 1616947167.4200683]
[1616947164.6541793, 1616947167.3064175]
[1616947164.6735325, 1616947167.3716326]
[1616947164.798415, 1616947167.5457144]
[1616947164.6627104, 1616947167.30932]
[1616947164.8388023, 1616947167.4969933]
[1616947164.9739802, 1616947167.6932597]
[1616947165.011285, 1616947167.7064877]
[1616947164.874859, 1616947167.522557]
[1616947165.0246975, 1616947167.6747532]
[1616947165.1212237, 1616947167.8323812]
[1616947165.2304373, 1616947167.8525627]
[1616947164.9261553, 1616947167.5778856]
[1616947165.2928455, 1616947168.0230968]
[1616947165.269013, 1616947168.007662]
[1616947165.2621508, 1616947168.0161116]
[1616947165.351541, 1616947168.0958688]
[1616947165.358881, 1616947167.9774606]
[1616947165.3355937, 1616947168.0835884]
[1616947165.2976863, 1616947167.96213]
[1616947165.4421456, 1616947168.1486635]
[1616947165.6170168, 1616947168.3130074]
[1616947165.4376624, 1616947168.1991823]
[1616947165.8879998, 1616947168.5343215]
[1616947165.8897905, 1616947168.615863]
[1616947165.6073718, 1616947168.3241599]
[1616947165.885972, 1616947168.540696]
[1616947165.9395926, 1616947168.6788898]
[1616947165.8770945, 1616947168.5619745]
[1616947166.0002375, 1616947168.7529547]
[1616947165.884747, 1616947168.614555]
[1616947165.9206185, 1616947168.6073568]
[1616947166.1707864, 1616947168.7794218]
[1616947166.0095143, 1616947168.7251556]
[1616947166.1835458, 1616947168.7944763]
[1616947166.111414, 1616947168.791253]
[1616947166.2198763, 1616947168.9096856]
[1616947166.110372, 1616947168.793196]
[1616947166.2537208, 1616947168.978112]
[1616947166.3803072, 1616947169.0225747]
[1616947166.3048239, 1616947169.0219424]
[1616947166.498709, 1616947169.1324115]
[1616947166.5144546, 1616947169.1244524]
[1616947166.6121397, 1616947169.3204908]
[1616947166.619112, 1616947169.2671604]
[1616947166.5975115, 1616947169.2267756]
[1616947166.6745286, 1616947169.3393996]
[1616947166.5747666, 1616947169.2726698]
[1616947166.7342029, 1616947169.4125483]
[1616947166.7051291, 1616947169.4152696]
[1616947166.9837098, 1616947169.5761385]
[1616947166.8097599, 1616947169.4670336]
[1616947167.0015337, 1616947169.6717129]
[1616947167.19018, 1616947169.8324907]
[1616947167.2645674, 1616947169.9809308]
[1616947167.0659213, 1616947169.688585]
[1616947167.1658356, 1616947169.8767147]
[1616947167.2103035, 1616947169.920841]
[1616947167.160098, 1616947169.8033042]
[1616947167.3479953, 1616947170.001394]
[1616947167.3091502, 1616947169.9544451]
[1616947167.3525045, 1616947170.0130463]
[1616947167.6234765, 1616947170.3676894]
[1616947167.5434463, 1616947170.1945093]
[1616947167.6032922, 1616947170.2479095]
[1616947167.5018957, 1616947170.1690073]
[1616947167.6384034, 1616947170.3537927]
[1616947167.7869377, 1616947170.5352335]
[1616947167.7475493, 1616947170.4664125]
[1616947167.6768286, 1616947170.3631556]
[1616947167.8796015, 1616947170.5130475]
[1616947167.8104148, 1616947170.4680426]
[1616947168.13204, 1616947170.8700655]
[1616947168.14699, 1616947170.8867755]
[1616947168.0861983, 1616947170.792033]
[1616947168.233356, 1616947171.005592]
[1616947168.1623087, 1616947170.89499]
[1616947168.0969517, 1616947170.8465729]
[1616947168.1510167, 1616947170.9264212]
[1616947168.484304, 1616947171.187893]
[1616947168.2861428, 1616947170.9738555]
[1616947168.2959797, 1616947170.9802597]
[1616947168.1891932, 1616947170.7989929]
[1616947168.448387, 1616947171.1823003]
[1616947168.6281357, 1616947171.3288739]
[1616947168.5296588, 1616947171.1803627]
[1616947168.7188833, 1616947171.4369576]
[1616947168.7254643, 1616947171.4056275]
[1616947168.817464, 1616947171.446878]
[1616947168.838961, 1616947171.5217342]
[1616947168.6733286, 1616947171.431971]
[1616947169.026885, 1616947171.751184]
[1616947168.7719352, 1616947171.530163]
[1616947168.8774173, 1616947171.5714984]
[1616947169.0937405, 1616947171.6940193]
[1616947168.9975386, 1616947171.6976993]
[1616947169.0418398, 1616947171.7418063]
[1616947169.1541023, 1616947171.792032]
[1616947169.037626, 1616947171.6967185]
[1616947169.1829078, 1616947171.8000417]
[1616947169.1926355, 1616947171.9036956]
[1616947169.2372804, 1616947171.8751922]
[1616947169.4731123, 1616947172.1582193]
[1616947169.5129697, 1616947172.2860467]
[1616947169.450387, 1616947172.1708193]
[1616947169.5581775, 1616947172.195669]
[1616947169.538338, 1616947172.2188807]
[1616947169.4651532, 1616947172.1256387]
[1616947169.5042396, 1616947172.1536124]
[1616947169.6313958, 1616947172.223176]
[1616947169.6849794, 1616947172.3679688]
[1616947169.9272676, 1616947172.6362212]
[1616947169.9327276, 1616947172.5885813]
[1616947169.7905152, 1616947172.4145572]
[1616947170.1387851, 1616947172.8087604]
[1616947169.9954321, 1616947172.6973636]
[1616947169.938271, 1616947172.6077895]
[1616947169.908918, 1616947172.5943272]
[1616947170.192921, 1616947172.8536246]
[1616947170.3068166, 1616947172.9886732]
[1616947170.2589655, 1616947172.8979893]
[1616947170.365208, 1616947173.0820773]
[1616947170.3113048, 1616947172.9539454]
[1616947170.3957229, 1616947173.1733077]
[1616947170.547251, 1616947173.2627354]
[1616947170.6175988, 1616947173.2465813]
[1616947170.3389761, 1616947172.9815893]
[1616947170.4854102, 1616947173.1366825]
[1616947170.4711468, 1616947173.1647692]
[1616947170.7545576, 1616947173.461023]
[1616947170.619066, 1616947173.3273423]
[1616947170.8167107, 1616947173.4424305]
[1616947170.9762516, 1616947173.7256413]
[1616947170.9312, 1616947173.6586764]
[1616947170.8913336, 1616947173.6227036]
[1616947170.9869013, 1616947173.663137]
[1616947170.9548502, 1616947173.670419]
[1616947170.8916945, 1616947173.6373348]
[1616947171.2955763, 1616947174.0178895]
[1616947171.217511, 1616947173.897282]
[1616947171.3389246, 1616947174.081761]
[1616947171.3403544, 1616947174.0032554]
[1616947171.357174, 1616947174.0567465]
[1616947171.4258435, 1616947174.0855763]
[1616947171.349466, 1616947174.1161036]
[1616947171.470786, 1616947174.0922618]
[1616947171.5293128, 1616947174.2056801]
[1616947171.4236968, 1616947174.1211262]
[1616947171.4135864, 1616947174.095288]
[1616947171.4992986, 1616947174.2330396]
[1616947171.6968899, 1616947174.4402685]
[1616947171.6866825, 1616947174.425411]
[1616947171.94457, 1616947174.562854]
[1616947171.670429, 1616947174.3454661]
[1616947172.0091946, 1616947174.7384484]
[1616947171.9420412, 1616947174.647206]
[1616947171.8947756, 1616947174.5348706]
[1616947171.9770634, 1616947174.6249807]
[1616947172.3120527, 1616947175.0365968]
[1616947172.1478863, 1616947174.8165636]
[1616947172.1662114, 1616947174.8327258]
[1616947172.2397313, 1616947174.8467572]
[1616947172.4554434, 1616947175.0900664]
[1616947172.3990238, 1616947175.092811]
[1616947172.5476701, 1616947175.1958897]
[1616947172.6528375, 1616947175.349385]
[1616947172.511532, 1616947175.2197008]
[1616947172.6182163, 1616947175.276343]
[1616947172.5654001, 1616947175.2796335]
[1616947172.644543, 1616947175.3545573]
[1616947172.591291, 1616947175.2722356]
[1616947172.6675026, 1616947175.3120599]
[1616947172.808603, 1616947175.5151896]
[1616947172.6946707, 1616947175.3880224]
[1616947172.8790402, 1616947175.5479395]
[1616947172.838592, 1616947175.5208652]
[1616947172.859946, 1616947175.560378]
[1616947172.8604486, 1616947175.5343304]
[1616947173.2023966, 1616947175.9439297]
[1616947173.066805, 1616947175.7227924]
[1616947173.040264, 1616947175.7357166]
[1616947173.344395, 1616947176.06592]
[1616947173.3913088, 1616947176.1306016]
[1616947173.2588413, 1616947175.8788922]
[1616947173.2398243, 1616947175.9287598]
[1616947173.47768, 1616947176.1731017]
[1616947173.4807599, 1616947176.1535745]
[1616947173.5425646, 1616947176.1878042]
[1616947173.4532456, 1616947176.077285]
[1616947173.5053492, 1616947176.2046816]
[1616947173.7359903, 1616947176.4841619]
[1616947173.7200482, 1616947176.4250987]
[1616947173.743477, 1616947176.409332]
[1616947173.895662, 1616947176.6070154]
[1616947173.7817705, 1616947176.5277236]
[1616947173.9527903, 1616947176.5980217]
[1616947173.7779653, 1616947176.486431]
[1616947173.9507027, 1616947176.622595]
[1616947174.3156445, 1616947176.9768953]
[1616947174.2344627, 1616947176.9990566]
[1616947174.2233186, 1616947176.9044957]
[1616947174.3051364, 1616947176.9444375]
[1616947174.2886446, 1616947176.9804265]
[1616947174.1460595, 1616947176.8445103]
[1616947174.2591002, 1616947177.0003514]
[1616947174.369447, 1616947177.061739]
[1616947174.44128, 1616947177.1893673]
[1616947174.581102, 1616947177.200776]
[1616947174.5822577, 1616947177.2290146]
[1616947174.6597161, 1616947177.3708596]
[1616947174.5064, 1616947177.2178683]
[1616947174.5128174, 1616947177.176817]
[1616947174.455198, 1616947177.2092378]
[1616947174.796536, 1616947177.5622292]
[1616947174.710444, 1616947177.3407571]
[1616947174.979544, 1616947177.6787038]
[1616947174.79269, 1616947177.5120733]
[1616947174.92225, 1616947177.5397017]
[1616947175.165642, 1616947177.8433716]
[1616947175.2282836, 1616947177.9361546]
[1616947175.283633, 1616947177.9356382]
[1616947175.2149746, 1616947177.8555794]
[1616947175.2508595, 1616947177.9880364]
[1616947175.2344174, 1616947177.8639698]
[1616947175.428721, 1616947178.1434023]
[1616947175.5013766, 1616947178.2079058]
[1616947175.3378386, 1616947177.9919426]
[1616947175.3754797, 1616947178.0623]
[1616947175.37521, 1616947178.082907]
[1616947175.6651626, 1616947178.3653543]
[1616947175.8218575, 1616947178.485295]
[1616947175.7728717, 1616947178.444031]
[1616947175.7015371, 1616947178.3975668]
[1616947175.5218387, 1616947178.2368867]
[1616947175.87018, 1616947178.528978]
[1616947176.1299996, 1616947178.7954624]
[1616947175.9662, 1616947178.6552665]
[1616947175.962993, 1616947178.7312837]
[1616947176.0231018, 1616947178.6520994]
[1616947176.0729485, 1616947178.832564]
[1616947176.127983, 1616947178.7372751]
[1616947176.3134387, 1616947178.9901965]
[1616947176.2508092, 1616947178.9535494]
[1616947176.3047526, 1616947179.021708]
[1616947176.3308387, 1616947178.984249]
[1616947176.4035833, 1616947179.0551815]
[1616947176.2732265, 1616947178.9046013]
[1616947176.1972277, 1616947178.8900099]
[1616947176.2306051, 1616947178.9412265]
[1616947176.5482647, 1616947179.2952194]
[1616947176.65619, 1616947179.344623]
[1616947176.7801087, 1616947179.4161005]
[1616947176.8223279, 1616947179.5954275]
[1616947176.7587945, 1616947179.4674568]
[1616947176.5794628, 1616947179.298962]
[1616947176.89577, 1616947179.6077049]
[1616947177.013057, 1616947179.7418535]
[1616947177.1692884, 1616947179.8384507]
[1616947176.9017334, 1616947179.6059878]
[1616947176.9365487, 1616947179.6212835]
[1616947177.0718832, 1616947179.7642179]
[1616947177.1676173, 1616947179.8361607]
[1616947177.1502705, 1616947179.9152286]
[1616947177.4333594, 1616947180.1929445]
[1616947177.377436, 1616947180.104384]
[1616947177.3659418, 1616947179.9942088]
[1616947177.4032533, 1616947180.1447484]
[1616947177.4010205, 1616947180.0363152]
[1616947177.6229002, 1616947180.3369157]
[1616947177.65682, 1616947180.2501404]
[1616947177.541255, 1616947180.2734761]
[1616947177.705272, 1616947180.3176777]
[1616947177.70483, 1616947180.3889787]
[1616947177.721894, 1616947180.4663022]
[1616947177.9115095, 1616947180.5581443]
[1616947177.9503717, 1616947180.6035187]
[1616947177.8425577, 1616947180.52667]
[1616947177.8770885, 1616947180.5015562]
[1616947177.9430149, 1616947180.6418638]
[1616947178.2251623, 1616947180.9745245]
[1616947178.2601433, 1616947180.9738424]
[1616947178.3973224, 1616947181.0985122]
[1616947177.9501193, 1616947180.6356275]
[1616947178.1754177, 1616947180.8919225]
[1616947178.4842036, 1616947181.191718]
[1616947178.6090064, 1616947181.2632947]
[1616947178.4770775, 1616947181.1798165]
[1616947178.590561, 1616947181.2419288]
[1616947178.5359898, 1616947181.193109]
[1616947178.3675637, 1616947181.0853817]
[1616947178.6815553, 1616947181.3076968]
[1616947178.48925, 1616947181.1743639]
[1616947178.819411, 1616947181.5060515]
[1616947178.651079, 1616947181.365729]
[1616947178.6731446, 1616947181.3628335]
[1616947178.7501347, 1616947181.367685]
[1616947178.8655708, 1616947181.5678885]
[1616947178.7760983, 1616947181.5577767]
[1616947178.79328, 1616947181.4029582]
[1616947179.1479347, 1616947181.8495288]
[1616947178.9127676, 1616947181.5826626]
[1616947179.1434336, 1616947181.7823348]
[1616947179.0316925, 1616947181.7734575]
[1616947179.0941384, 1616947181.736552]
[1616947179.1460848, 1616947181.8296945]
[1616947179.2699187, 1616947181.9299395]
[1616947179.2632651, 1616947181.885257]
[1616947179.1152554, 1616947181.784085]
[1616947179.2967901, 1616947181.8804104]
[1616947179.3127847, 1616947182.0366938]
[1616947179.7283933, 1616947182.4374318]
[1616947179.6013758, 1616947182.3690202]
[1616947179.5387285, 1616947182.1860995]
[1616947179.5245037, 1616947182.2376435]
[1616947179.7429283, 1616947182.4957635]
[1616947179.8799064, 1616947182.558403]
[1616947179.666977, 1616947182.34837]
[1616947180.0773578, 1616947182.7094777]
[1616947179.8399498, 1616947182.5823934]
[1616947179.7903974, 1616947182.4783528]
[1616947179.9790518, 1616947182.764763]
[1616947179.9882114, 1616947182.6523495]
[1616947180.2790241, 1616947183.0025022]
[1616947180.1583707, 1616947182.8727622]
[1616947180.1138878, 1616947182.8310566]
[1616947180.042163, 1616947182.6900594]
[1616947180.3272662, 1616947182.949559]
[1616947180.3790407, 1616947183.08546]
[1616947180.3896916, 1616947183.1273148]
[1616947180.265344, 1616947182.8559208]
[1616947180.434422, 1616947183.1509998]
[1616947180.6682818, 1616947183.3722355]
[1616947180.527332, 1616947183.1523426]
[1616947180.6339977, 1616947183.3095436]
[1616947180.536368, 1616947183.1919758]
[1616947180.7256892, 1616947183.4682236]
[1616947180.82382, 1616947183.5156677]
[1616947180.7062624, 1616947183.3394504]
[1616947181.1203835, 1616947183.821394]
[1616947180.8453734, 1616947183.5798738]
[1616947180.9764705, 1616947183.7237356]
[1616947180.6790576, 1616947183.364592]
[1616947181.1502726, 1616947183.8887987]
[1616947181.0175793, 1616947183.743723]
[1616947181.2942646, 1616947183.9970858]
[1616947181.2736194, 1616947183.9504821]
[1616947181.1918502, 1616947183.8834045]
[1616947181.4325373, 1616947184.0884068]
[1616947181.2885566, 1616947183.9465086]
[1616947181.230595, 1616947183.8752956]
[1616947181.28754, 1616947183.9626982]
[1616947181.5775301, 1616947184.27997]
[1616947181.2835793, 1616947183.9578717]
[1616947181.4544246, 1616947184.0774786]
[1616947181.588717, 1616947184.3338704]
[1616947181.5240092, 1616947184.1914606]
[1616947181.6189673, 1616947184.3063815]
[1616947181.9976325, 1616947184.7144835]
[1616947181.8271194, 1616947184.4997222]
[1616947181.6353974, 1616947184.3521976]
[1616947181.8747277, 1616947184.591912]
[1616947182.135792, 1616947184.85213]
[1616947181.9008598, 1616947184.5305145]
[1616947181.719185, 1616947184.4039812]
[1616947181.9713342, 1616947184.5577075]
[1616947182.1890836, 1616947184.842965]
[1616947182.0242252, 1616947184.665097]
[1616947182.309339, 1616947185.0237463]
[1616947182.2240574, 1616947184.8486574]
[1616947181.9586353, 1616947184.64546]
[1616947182.4020445, 1616947185.152993]
[1616947182.3843863, 1616947185.065756]
[1616947182.565377, 1616947185.2399247]
[1616947182.2291453, 1616947184.8589284]
[1616947182.0668168, 1616947184.7771738]
[1616947182.67657, 1616947185.354693]
[1616947182.6325488, 1616947185.3744903]
[1616947182.6153529, 1616947185.3325465]
[1616947182.6557724, 1616947185.3475575]
[1616947182.8041975, 1616947185.565043]
[1616947182.828805, 1616947185.4494658]
[1616947182.719611, 1616947185.355584]
[1616947183.173643, 1616947185.795485]
[1616947182.6923294, 1616947185.4087763]
[1616947183.1478758, 1616947185.8766584]
[1616947183.1975696, 1616947185.8746078]
[1616947183.1125515, 1616947185.822775]
[1616947183.0183008, 1616947185.7199285]
[1616947183.233321, 1616947185.8575914]
[1616947183.0217779, 1616947185.6354926]
[1616947183.1747475, 1616947185.8531938]
[1616947183.3191068, 1616947185.9751241]
[1616947183.224067, 1616947185.93024]
[1616947183.2694676, 1616947185.979123]
[1616947183.4431741, 1616947186.1533873]
[1616947183.4802845, 1616947186.2445548]
[1616947183.3340435, 1616947185.991978]
[1616947183.6632016, 1616947186.390832]
[1616947183.8843098, 1616947186.5277886]
[1616947183.719432, 1616947186.4243808]
[1616947183.5393994, 1616947186.2167156]
[1616947183.9457352, 1616947186.6042767]
[1616947183.926659, 1616947186.6008804]
[1616947184.2747858, 1616947186.9291124]
[1616947183.9341898, 1616947186.65268]
[1616947183.8857257, 1616947186.7616374]
[1616947183.8752782, 1616947186.5837]
[1616947184.0008497, 1616947186.704945]
[1616947184.022424, 1616947186.7077346]
[1616947183.9131417, 1616947186.6575072]
[1616947184.116492, 1616947186.767802]
[1616947184.178751, 1616947186.8024824]
[1616947184.1987786, 1616947186.882754]
[1616947184.369004, 1616947187.1240273]
[1616947184.3674407, 1616947187.0672305]
[1616947184.5233507, 1616947187.1838722]
[1616947184.53425, 1616947187.2578754]
[1616947184.4668407, 1616947187.1567385]
[1616947184.5234098, 1616947187.2063253]
[1616947184.7350712, 1616947187.4243116]
[1616947184.53745, 1616947187.1624064]
[1616947184.8490574, 1616947187.5225039]
[1616947184.8147674, 1616947187.5410159]
[1616947184.7632358, 1616947187.4449182]
[1616947185.0799448, 1616947187.7452917]
[1616947184.866791, 1616947187.4941003]
[1616947184.887418, 1616947187.5285861]
[1616947185.0668273, 1616947187.7889235]
[1616947185.0111465, 1616947187.7180464]
[1616947184.7596643, 1616947187.4128382]
[1616947184.8570857, 1616947187.6229956]
[1616947185.3477998, 1616947188.0608864]
[1616947185.024538, 1616947187.612753]
[1616947185.3904345, 1616947188.1062112]
[1616947185.1764274, 1616947187.9157772]
[1616947185.3509767, 1616947188.0050435]
[1616947185.4683309, 1616947188.095714]
[1616947185.4256582, 1616947188.145527]
[1616947185.615093, 1616947188.2906291]
[1616947185.4924154, 1616947188.1216593]
[1616947185.5657108, 1616947188.255059]
[1616947185.7150786, 1616947188.3780644]
[1616947185.9854438, 1616947188.6349053]
[1616947185.6537666, 1616947188.2873755]
[1616947185.6047153, 1616947188.2837791]
[1616947185.6013672, 1616947188.3640556]
[1616947186.0377107, 1616947188.7085652]
[1616947186.0896986, 1616947188.8207293]
[1616947186.1030858, 1616947188.8276012]
[1616947185.869332, 1616947188.4863772]
[1616947185.9105515, 1616947188.63742]
[1616947186.0268073, 1616947188.730176]
[1616947186.0027745, 1616947188.6494212]
[1616947186.1088388, 1616947188.7642128]
[1616947186.2895682, 1616947188.9926188]
[1616947186.0766711, 1616947188.7982988]
[1616947186.090967, 1616947188.7192008]
[1616947186.0129075, 1616947188.7628458]
[1616947186.4481177, 1616947189.1273267]
[1616947186.2752116, 1616947188.964494]
[1616947186.791097, 1616947189.4268827]
[1616947186.4788435, 1616947189.2235634]
[1616947186.7449682, 1616947189.4506965]
[1616947186.76244, 1616947189.5433207]
[1616947186.2509758, 1616947189.0183966]
[1616947186.7288122, 1616947189.4136798]
[1616947186.8898785, 1616947189.6139152]
[1616947186.8293614, 1616947189.454148]
[1616947186.8898273, 1616947189.543412]
[1616947186.9938512, 1616947189.6696715]
[1616947186.884819, 1616947189.6112382]
[1616947186.9370785, 1616947189.5562506]
[1616947187.2206354, 1616947189.873569]
[1616947187.1233468, 1616947189.839096]
[1616947187.310861, 1616947190.012652]
[1616947187.1569884, 1616947189.9872825]
[1616947187.226648, 1616947189.854413]
[1616947187.3747387, 1616947190.059882]
[1616947187.2238061, 1616947189.8520863]
[1616947187.4214327, 1616947190.087361]
[1616947187.662602, 1616947190.2626593]
[1616947187.518909, 1616947190.1402862]
[1616947187.8012664, 1616947190.5358934]
[1616947187.65749, 1616947190.3722975]
[1616947187.7519794, 1616947190.441008]
[1616947187.7686794, 1616947190.4954307]
[1616947187.7208774, 1616947190.3867936]
[1616947187.8679578, 1616947190.5390744]
[1616947187.607347, 1616947190.331627]
[1616947187.8011737, 1616947190.4784062]
[1616947188.0933917, 1616947190.7458491]
[1616947187.9865732, 1616947190.6749043]
[1616947187.924965, 1616947190.6809437]
[1616947188.0868115, 1616947190.8072152]
[1616947188.0982623, 1616947190.8423498]
[1616947188.224858, 1616947191.0585876]
[1616947188.1978247, 1616947190.823848]
[1616947187.9927423, 1616947190.676548]
[1616947188.1849217, 1616947190.8932397]
[1616947188.2917676, 1616947190.9982655]
[1616947188.2895348, 1616947190.9543371]
[1616947188.4281723, 1616947191.0837793]
[1616947188.658595, 1616947191.2999752]
[1616947188.441025, 1616947191.1998773]
[1616947188.4727786, 1616947191.0758653]
[1616947188.6118162, 1616947191.217142]
[1616947188.3098311, 1616947190.9517417]
[1616947188.9117353, 1616947191.6155436]
[1616947188.9563038, 1616947191.6284106]
[1616947188.7414577, 1616947191.4459808]
[1616947188.7295852, 1616947191.405131]
[1616947188.7259467, 1616947191.3588]
[1616947188.7635758, 1616947191.497382]
[1616947189.1718526, 1616947191.935944]
[1616947189.2791307, 1616947192.0080957]
[1616947189.1432557, 1616947191.8150284]
[1616947189.2965574, 1616947191.9985378]
[1616947188.8394115, 1616947191.5608423]
[1616947189.4251177, 1616947192.1064248]
[1616947189.4688432, 1616947192.182584]
[1616947189.736659, 1616947192.4072735]
[1616947189.3812013, 1616947192.0210762]
[1616947189.4674492, 1616947192.073713]
[1616947189.5632699, 1616947192.1891005]
[1616947189.536476, 1616947192.1860628]
[1616947189.306996, 1616947191.999268]
[1616947189.385495, 1616947192.1000612]
[1616947189.4506412, 1616947192.072839]
[1616947189.5724494, 1616947192.2487588]
[1616947189.5932293, 1616947192.3498652]
[1616947189.4813147, 1616947192.150823]
[1616947189.765177, 1616947192.4605174]
[1616947189.781355, 1616947192.5035527]
[1616947189.9791636, 1616947192.6393006]
[1616947189.858409, 1616947192.4921]
[1616947189.9787323, 1616947192.6969364]
[1616947189.9499125, 1616947192.610154]
[1616947190.0812109, 1616947192.7739635]
[1616947189.9733708, 1616947192.5931604]
[1616947190.0209498, 1616947192.7728906]
[1616947190.106575, 1616947192.750564]
[1616947190.0849159, 1616947192.7752714]
[1616947190.2335212, 1616947192.8586366]
[1616947190.205976, 1616947192.8497376]
[1616947190.0172586, 1616947192.8317392]
[1616947190.4515896, 1616947193.1072693]
[1616947190.108214, 1616947192.7947583]
[1616947190.6551225, 1616947193.3641374]
[1616947190.5784302, 1616947193.305099]
[1616947190.6013267, 1616947193.3274217]
[1616947190.4154859, 1616947193.0728402]
[1616947190.7968783, 1616947193.4745219]
[1616947190.6760755, 1616947193.2894595]
[1616947190.5652983, 1616947193.2546394]
[1616947190.8913274, 1616947193.5295134]
[1616947190.777237, 1616947193.421849]
[1616947190.6487963, 1616947193.3093877]
[1616947190.4829774, 1616947193.2396343]
[1616947190.744826, 1616947193.4874284]
[1616947190.8714087, 1616947193.5827641]
[1616947191.1170998, 1616947193.7633507]
[1616947191.037496, 1616947193.7120028]
[1616947191.227623, 1616947193.8228483]
[1616947191.2923121, 1616947194.2097397]
[1616947191.1590862, 1616947193.7676454]
[1616947191.8149683, 1616947194.5380733]
[1616947191.4762185, 1616947194.178071]
[1616947191.3934436, 1616947194.061981]
[1616947191.3820224, 1616947194.0376987]
[1616947191.2371924, 1616947194.0004303]
[1616947191.552344, 1616947194.2795217]
[1616947191.5772884, 1616947194.2902637]
[1616947191.3794415, 1616947194.0238807]
[1616947191.7032423, 1616947194.3997974]
[1616947191.8201485, 1616947194.5104191]
[1616947191.7473311, 1616947194.4552193]
[1616947191.5818653, 1616947194.2276254]
[1616947191.82063, 1616947194.5285654]
[1616947191.8991864, 1616947194.5982523]
[1616947191.5526032, 1616947194.2190914]
[1616947192.0739307, 1616947194.752231]
[1616947192.3331127, 1616947195.0202475]
[1616947192.102474, 1616947194.7272036]
[1616947192.105052, 1616947194.8100023]
[1616947192.0357814, 1616947194.676432]
[1616947192.0246818, 1616947194.7398295]
[1616947192.3037298, 1616947194.9741962]
[1616947192.1061761, 1616947194.7234197]
[1616947192.3013315, 1616947195.0177236]
[1616947192.4937458, 1616947195.2119098]
[1616947192.255034, 1616947194.9080646]
[1616947192.4570355, 1616947195.125653]
[1616947192.2978895, 1616947194.9406984]
[1616947192.2348795, 1616947194.8767953]
[1616947192.5190446, 1616947195.2483501]
[1616947192.9661577, 1616947195.5932195]
[1616947192.7530718, 1616947195.4539344]
[1616947192.8310955, 1616947195.504447]
[1616947193.099631, 1616947195.7333617]
[1616947193.0154867, 1616947195.7310646]
[1616947193.076805, 1616947195.8031425]
[1616947193.0422812, 1616947195.741025]
[1616947192.936369, 1616947195.5733566]
[1616947193.1852694, 1616947195.864949]
[1616947193.3020914, 1616947195.8906975]
[1616947193.3511572, 1616947196.0829954]
[1616947193.5288594, 1616947196.2581737]
[1616947193.2130146, 1616947195.8700671]
[1616947193.0579228, 1616947195.7553728]
[1616947193.2351723, 1616947195.8928561]
[1616947193.2843132, 1616947195.942559]
[1616947193.452779, 1616947196.1043723]
[1616947193.4865973, 1616947196.2662911]
[1616947193.5135255, 1616947196.257425]
[1616947193.661192, 1616947196.3373585]
[1616947193.6760097, 1616947196.4036427]
[1616947193.593618, 1616947196.299038]
[1616947193.6890373, 1616947196.422073]
[1616947193.566307, 1616947196.2081964]
[1616947193.806828, 1616947196.4597225]
[1616947193.750409, 1616947196.440088]
[1616947193.8772585, 1616947196.5369954]
[1616947193.8543649, 1616947196.4600937]
[1616947194.0498695, 1616947196.6888304]
[1616947193.9392095, 1616947196.6176991]
[1616947193.9448729, 1616947196.6037962]
[1616947194.2195644, 1616947196.9408915]
[1616947194.3458447, 1616947197.0614946]
[1616947194.2377965, 1616947196.9303286]
[1616947194.397415, 1616947197.1216536]
[1616947194.5610878, 1616947197.2818658]
[1616947194.5008585, 1616947197.2001514]
[1616947194.4617665, 1616947197.1714664]
[1616947194.4281445, 1616947197.1094272]
[1616947194.5982547, 1616947197.234793]
[1616947194.2327256, 1616947196.9084642]
[1616947194.5512342, 1616947197.2554266]
[1616947194.7058146, 1616947197.3598626]
[1616947194.6247995, 1616947197.3208413]
[1616947194.5223162, 1616947197.1915255]
[1616947194.5166152, 1616947197.1934319]
[1616947194.6798267, 1616947197.4440973]
[1616947194.7747457, 1616947197.4644277]
[1616947195.1414511, 1616947197.8234427]
[1616947194.969348, 1616947197.5976415]
[1616947195.356055, 1616947198.0733037]
[1616947194.906595, 1616947197.5575666]
[1616947195.1537676, 1616947197.8215137]
[1616947195.1527736, 1616947197.8562152]
[1616947195.1367536, 1616947197.8061914]
[1616947195.285067, 1616947198.0226948]
[1616947195.206216, 1616947197.9517875]
[1616947195.0092523, 1616947197.6936498]
[1616947195.3152816, 1616947198.0171168]
[1616947195.536032, 1616947198.2262921]
[1616947195.370105, 1616947197.9825945]
[1616947195.6174927, 1616947198.2428699]
[1616947195.4698946, 1616947198.171715]
[1616947195.6288557, 1616947198.2527027]
[1616947195.6355765, 1616947198.3088233]
[1616947195.676593, 1616947198.3887491]
[1616947195.6034172, 1616947198.2250762]
[1616947195.828378, 1616947198.515197]
[1616947195.836433, 1616947198.5316346]
[1616947195.8269565, 1616947198.537491]
[1616947195.9892209, 1616947198.6056132]
[1616947195.97134, 1616947198.6355217]
[1616947195.9702036, 1616947198.6272144]
[1616947196.2026007, 1616947198.8694098]
[1616947196.180765, 1616947198.8341143]
[1616947196.4309022, 1616947199.1874096]
[1616947196.1924736, 1616947198.9278607]
[1616947196.2961607, 1616947198.9805846]
[1616947196.3287425, 1616947199.0394413]
[1616947196.4635983, 1616947199.1553783]
[1616947196.3596628, 1616947199.122105]
[1616947196.7647665, 1616947199.4668636]
[1616947196.4218397, 1616947199.1820524]
[1616947196.3528998, 1616947199.0406542]
[1616947196.5115287, 1616947199.1507142]
[1616947196.6993892, 1616947199.3607]
[1616947196.8568857, 1616947199.5330207]
[1616947196.8694983, 1616947199.477554]
[1616947196.7908242, 1616947199.444073]
[1616947196.914205, 1616947199.5641396]
[1616947197.1049366, 1616947199.808728]
[1616947197.2268512, 1616947199.9304502]
[1616947197.2010372, 1616947199.897946]
[1616947197.0510898, 1616947199.7459536]
[1616947197.127997, 1616947199.864124]
[1616947196.9827466, 1616947199.7723296]
[1616947197.113988, 1616947199.874193]
[1616947197.4044728, 1616947200.110412]
[1616947197.5667481, 1616947200.22669]
[1616947197.514616, 1616947200.2696397]
[1616947197.5753706, 1616947200.2445292]
[1616947197.482692, 1616947200.173716]
[1616947197.5274622, 1616947200.1629062]
[1616947197.4340928, 1616947200.1707516]
[1616947197.5272276, 1616947200.233097]
[1616947197.8028948, 1616947200.5043974]
[1616947197.3811347, 1616947200.0272338]
[1616947197.7701852, 1616947200.4406774]
[1616947197.657373, 1616947200.2997549]
[1616947197.8916786, 1616947200.5517538]
[1616947197.891054, 1616947200.5745964]
[1616947197.9846404, 1616947200.7343767]
[1616947197.9558673, 1616947200.6673856]
[1616947197.8761854, 1616947200.5739558]
[1616947198.0464551, 1616947200.7613134]
[1616947198.0146153, 1616947200.6412518]
[1616947197.9675093, 1616947200.6591394]
[1616947198.1980205, 1616947200.8915687]
[1616947198.2438474, 1616947200.9130309]
[1616947198.3544095, 1616947201.0261638]
[1616947198.253939, 1616947200.9023182]
[1616947198.3037274, 1616947200.9266691]
[1616947198.277188, 1616947200.9288535]
[1616947198.4052052, 1616947201.1246045]
[1616947198.6449625, 1616947201.3411121]
[1616947198.612804, 1616947201.2599778]
[1616947198.8373086, 1616947201.4708476]
[1616947198.660464, 1616947201.3470464]
[1616947198.3851786, 1616947201.1056042]
[1616947198.6396425, 1616947201.3124943]
[1616947198.701496, 1616947201.396879]
[1616947199.0798178, 1616947201.7585866]
[1616947198.558086, 1616947201.2758431]
[1616947199.0797448, 1616947201.7899954]
[1616947198.7935183, 1616947201.480005]
[1616947198.88728, 1616947201.5655851]
[1616947198.8695455, 1616947201.5337605]
[1616947199.050576, 1616947201.7156565]
[1616947198.9244785, 1616947201.5969536]
[1616947199.227342, 1616947201.9555304]
[1616947199.1546469, 1616947201.8009212]
[1616947199.4087923, 1616947202.1460946]
[1616947199.2273865, 1616947201.965097]
[1616947199.6151314, 1616947202.2635393]
[1616947199.50106, 1616947202.1076703]
[1616947199.6557696, 1616947202.3495455]
[1616947199.3786995, 1616947202.0359752]
[1616947199.683181, 1616947202.3338103]
[1616947199.3931944, 1616947202.0781302]
[1616947199.537359, 1616947202.233366]
[1616947199.7691736, 1616947202.5004418]
[1616947199.9176767, 1616947202.6234019]
[1616947199.8332884, 1616947202.5482097]
[1616947199.7243526, 1616947202.362777]
[1616947200.135498, 1616947202.8385098]
[1616947199.6999412, 1616947202.4243627]
[1616947200.150174, 1616947202.8575847]
[1616947199.9949572, 1616947202.7108986]
[1616947200.0135283, 1616947202.7656193]
[1616947200.1905136, 1616947202.8830945]
[1616947200.073232, 1616947202.813341]
[1616947200.0626297, 1616947202.7375472]
[1616947200.473598, 1616947203.1597157]
[1616947200.4730818, 1616947203.1479337]
[1616947200.4260702, 1616947203.1890051]
[1616947200.5765831, 1616947203.238741]
[1616947200.521783, 1616947203.2364209]
[1616947200.685581, 1616947203.4205441]
[1616947200.399105, 1616947203.039974]
[1616947200.7059915, 1616947203.3774364]
[1616947200.937512, 1616947203.6013734]
[1616947200.9144647, 1616947203.5836434]
[1616947201.0784118, 1616947203.7602417]
[1616947200.84513, 1616947203.5294368]
[1616947200.8830614, 1616947203.5225384]
[1616947200.7700222, 1616947203.4791079]
[1616947200.923009, 1616947203.6351671]
[1616947201.1281974, 1616947203.8640375]
[1616947201.2963257, 1616947204.0375078]
[1616947201.1530716, 1616947203.8827026]
[1616947201.1592574, 1616947203.8094685]
[1616947201.1755617, 1616947203.889469]
[1616947201.498579, 1616947204.2061243]
[1616947201.505095, 1616947204.1716907]
[1616947201.1853302, 1616947203.8727434]
[1616947201.3468485, 1616947204.0746944]
[1616947201.5991094, 1616947204.2730489]
[1616947201.4421413, 1616947204.14108]
[1616947201.7964735, 1616947204.5136101]
[1616947201.5941713, 1616947204.2603884]
[1616947201.368085, 1616947204.0702856]
[1616947201.7287312, 1616947204.3848076]
[1616947201.6966858, 1616947204.3900766]
[1616947201.881069, 1616947204.5897481]
[1616947201.7092307, 1616947204.4097075]
[1616947201.8595805, 1616947204.5189903]
[1616947201.9173512, 1616947204.5665278]
[1616947201.9280581, 1616947204.6343393]
[1616947202.0493977, 1616947204.6962607]
[1616947202.1160045, 1616947204.7345164]
[1616947202.1348324, 1616947204.8693688]
[1616947202.0922005, 1616947204.8306503]
[1616947202.171324, 1616947204.9043972]
[1616947202.338945, 1616947204.9781995]
[1616947202.2255297, 1616947204.9716253]
[1616947202.533883, 1616947205.242694]
[1616947202.4750907, 1616947205.1706796]
[1616947202.7140398, 1616947205.3879175]
[1616947202.5582595, 1616947205.2756162]
[1616947202.457135, 1616947205.1279268]
[1616947202.43999, 1616947205.1729054]
[1616947202.652686, 1616947205.359268]
[1616947202.7942932, 1616947205.563905]
[1616947202.8785045, 1616947205.596068]
[1616947202.9073586, 1616947205.5871623]
[1616947202.8028991, 1616947205.4744148]
[1616947202.8489609, 1616947205.557305]
[1616947202.738501, 1616947205.4522138]
[1616947202.8802304, 1616947205.608821]
[1616947202.9143, 1616947205.6095684]
[1616947203.3668432, 1616947206.0801065]
[1616947203.1697834, 1616947205.8602545]
[1616947202.9992366, 1616947205.7150958]
[1616947203.0783842, 1616947205.7131407]
[1616947203.348556, 1616947206.0113723]
[1616947203.4176228, 1616947206.0994263]
[1616947203.4548929, 1616947206.226272]
[1616947203.5290723, 1616947206.2696562]
[1616947203.596628, 1616947206.2630954]
[1616947203.5279257, 1616947206.1828732]
[1616947203.719539, 1616947206.3924613]
[1616947203.7861829, 1616947206.4725082]
[1616947203.6111188, 1616947206.303341]
[1616947203.6270099, 1616947206.3494542]
[1616947203.7594967, 1616947206.532463]
[1616947203.927303, 1616947206.636367]
[1616947203.8906887, 1616947206.5592742]
[1616947203.9549816, 1616947206.6906328]
[1616947203.8262408, 1616947206.4595065]
[1616947204.186652, 1616947206.8391898]
[1616947203.889166, 1616947206.786298]
[1616947204.1606016, 1616947206.8700094]
[1616947204.1059382, 1616947206.8236635]
[1616947204.2017143, 1616947207.031332]
[1616947204.10657, 1616947206.8402007]
[1616947204.2269208, 1616947206.93138]
[1616947204.3733833, 1616947207.0778148]
[1616947204.4571576, 1616947207.1535156]
[1616947204.3345168, 1616947206.9969125]
[1616947204.3274136, 1616947206.9916928]
[1616947204.457375, 1616947207.1791112]
[1616947204.5864093, 1616947207.2630534]
[1616947204.6749694, 1616947207.4082358]
[1616947204.6568336, 1616947207.3773837]
[1616947204.5326195, 1616947207.1971946]
[1616947204.8688245, 1616947207.5614512]
[1616947204.5952492, 1616947207.3108938]
[1616947204.884135, 1616947207.604219]
[1616947204.7676814, 1616947207.3949144]
[1616947205.0649924, 1616947207.8187118]
[1616947205.0010402, 1616947207.6498334]
[1616947205.1874197, 1616947207.9311721]
[1616947204.9303074, 1616947207.66968]
[1616947205.2315702, 1616947207.9276981]
[1616947205.081498, 1616947207.74509]
[1616947205.2759197, 1616947207.988147]
[1616947205.2429023, 1616947207.9090624]
[1616947205.484165, 1616947208.1638894]
[1616947205.5554495, 1616947208.2223325]
[1616947205.4237301, 1616947208.0962553]
[1616947205.353261, 1616947208.0918765]
[1616947205.519935, 1616947208.2091758]
[1616947205.6539156, 1616947208.3715646]
[1616947205.4837978, 1616947208.208044]
[1616947205.6976326, 1616947208.432116]
[1616947205.7564447, 1616947208.3913095]
[1616947205.8012154, 1616947208.535662]
[1616947205.8028383, 1616947208.4843442]
[1616947205.8382545, 1616947208.556172]
[1616947205.8303726, 1616947208.779628]
[1616947205.7467813, 1616947208.5472214]
[1616947205.9453657, 1616947208.6417918]
[1616947206.052322, 1616947208.734817]
[1616947206.368969, 1616947209.112882]
[1616947206.105949, 1616947208.7658172]
[1616947206.3605561, 1616947209.0451353]
[1616947206.2737134, 1616947208.964139]
[1616947206.2068465, 1616947208.9294999]
[1616947206.39925, 1616947209.0829659]
[1616947206.3201988, 1616947209.0060136]
[1616947206.2051802, 1616947208.8404474]
[1616947206.229264, 1616947208.9225047]
[1616947206.445097, 1616947209.087281]
[1616947206.4357336, 1616947209.1724823]
[1616947206.6088474, 1616947209.3999755]
[1616947206.5887415, 1616947209.2531333]
[1616947206.7730956, 1616947209.5157773]
[1616947206.4380877, 1616947209.1812503]
[1616947206.8624482, 1616947209.5178487]
[1616947206.6809561, 1616947209.3889887]
[1616947206.9237537, 1616947209.6362326]
[1616947207.1931813, 1616947209.904522]
[1616947206.8574777, 1616947209.5155811]
[1616947206.9429593, 1616947209.658713]
[1616947207.1452684, 1616947209.8507278]
[1616947206.863679, 1616947209.5835807]
[1616947207.0297065, 1616947209.7195728]
[1616947207.3028107, 1616947209.992587]
[1616947207.277018, 1616947209.9389887]
[1616947207.413814, 1616947210.0226457]
[1616947207.2409065, 1616947209.908663]
[1616947207.4680007, 1616947210.1978717]
[1616947207.4768374, 1616947210.2121994]
[1616947207.5193505, 1616947210.1930137]
[1616947207.6300154, 1616947210.3603187]
[1616947207.457664, 1616947210.2770386]
[1616947207.602959, 1616947210.3149505]
[1616947207.5005066, 1616947210.3479543]
[1616947207.6735196, 1616947210.3146734]
[1616947207.7598526, 1616947210.4267614]
[1616947207.8571832, 1616947210.5979338]
[1616947207.93703, 1616947210.632416]
[1616947208.071179, 1616947210.725003]
[1616947207.9090962, 1616947210.652432]
[1616947207.946456, 1616947210.6837735]
[1616947208.0657315, 1616947210.7477567]
[1616947207.9146476, 1616947210.5633984]
[1616947207.9933558, 1616947210.7194967]
[1616947208.047184, 1616947210.7869995]
[1616947208.1141834, 1616947210.7747667]
[1616947208.2047417, 1616947210.9049513]
[1616947208.5341387, 1616947211.2325034]
[1616947208.4838395, 1616947211.1396992]
[1616947208.4948766, 1616947211.1728387]
[1616947208.4594963, 1616947211.2035947]
[1616947208.5706751, 1616947211.3136823]
[1616947208.566405, 1616947211.403663]
[1616947208.5662382, 1616947211.2749236]
[1616947208.6247447, 1616947211.3212848]
[1616947208.617814, 1616947211.2853596]
[1616947208.7282834, 1616947211.4341404]
[1616947208.7958906, 1616947211.565322]
[1616947208.7616663, 1616947211.419183]
[1616947208.65698, 1616947211.4007235]
[1616947208.906875, 1616947211.5449739]
[1616947209.091912, 1616947211.760371]
[1616947209.0630188, 1616947211.798817]
[1616947209.197194, 1616947211.9312863]
[1616947209.2965624, 1616947212.3174636]
[1616947209.1992774, 1616947211.9429784]
[1616947209.2749677, 1616947211.9517605]
[1616947209.3671594, 1616947212.0652618]
[1616947209.2762623, 1616947212.0378606]
[1616947209.5124593, 1616947212.2145278]
[1616947209.5759306, 1616947212.243494]
[1616947209.570089, 1616947212.2158034]
[1616947209.490215, 1616947212.2480974]
[1616947209.686815, 1616947212.3907695]
[1616947209.7547019, 1616947212.4490976]
[1616947209.8059971, 1616947212.524437]
[1616947209.9364243, 1616947212.60601]
[1616947209.8849025, 1616947212.5808117]
[1616947210.0057578, 1616947212.6923916]
[1616947210.1721826, 1616947212.8804474]
[1616947209.7776911, 1616947212.5145705]
[1616947209.8309777, 1616947212.5711806]
[1616947209.9990988, 1616947212.6628003]
[1616947210.1595645, 1616947212.881713]
[1616947210.037056, 1616947212.6432607]
[1616947210.251539, 1616947212.9606638]
[1616947210.4108582, 1616947213.1450675]
[1616947210.224125, 1616947212.9518154]
[1616947210.4407861, 1616947213.1324577]
[1616947210.4141986, 1616947213.4531744]
[1616947210.3082352, 1616947213.0455253]
[1616947210.4507606, 1616947213.1677623]
[1616947210.4783866, 1616947213.1444793]
[1616947210.5762527, 1616947213.2378666]
[1616947210.5738153, 1616947213.2449806]
[1616947210.6944828, 1616947213.431792]
[1616947211.0060024, 1616947213.641684]
[1616947210.6307762, 1616947213.3982577]
[1616947210.9858658, 1616947213.6909776]
[1616947210.9171033, 1616947213.609948]
[1616947210.9403791, 1616947213.6028001]
[1616947210.8060298, 1616947213.5600445]
[1616947211.1236534, 1616947213.8144298]
[1616947211.1176207, 1616947213.856341]
[1616947211.0317361, 1616947213.738122]
[1616947211.366347, 1616947214.14068]
[1616947211.3239586, 1616947214.0658042]
[1616947211.303148, 1616947213.9954426]
[1616947211.1992228, 1616947213.89442]
[1616947211.3403862, 1616947214.0398617]
[1616947211.497619, 1616947214.2903035]
[1616947211.3347206, 1616947214.0236354]
[1616947211.520147, 1616947214.299896]
[1616947211.4362242, 1616947214.103452]
[1616947211.3596282, 1616947214.066147]
[1616947211.3666906, 1616947214.0006528]
[1616947211.7672827, 1616947214.4366398]
[1616947211.8551095, 1616947214.5116575]
[1616947211.635493, 1616947214.4513886]
[1616947211.8466067, 1616947214.5262094]
[1616947212.0154362, 1616947214.7264576]
[1616947211.9384527, 1616947214.680764]
[1616947211.9770591, 1616947214.7274654]
[1616947212.0557628, 1616947214.8227282]
[1616947212.248005, 1616947214.9038296]
[1616947211.962007, 1616947214.6408858]
[1616947212.1945012, 1616947214.9056957]
[1616947212.0187788, 1616947214.7154517]
[1616947212.0886962, 1616947214.7724988]
[1616947212.006817, 1616947214.7038817]
[1616947212.2217042, 1616947215.1984532]
[1616947212.1916566, 1616947214.8513067]
[1616947212.3688705, 1616947215.1425738]
[1616947212.346233, 1616947215.0169077]
[1616947212.6023383, 1616947215.3168063]
[1616947212.60009, 1616947215.340057]
[1616947212.682585, 1616947215.3608093]
[1616947212.7829297, 1616947215.4509048]
[1616947212.5907671, 1616947215.308681]
[1616947212.695798, 1616947215.330799]
[1616947212.7050834, 1616947215.3896601]
[1616947212.84923, 1616947215.5600924]
[1616947212.815947, 1616947215.5134258]
[1616947212.8415515, 1616947215.5379274]
[1616947212.902912, 1616947215.651622]
[1616947213.02961, 1616947215.726423]
[1616947213.1366377, 1616947215.862154]
[1616947213.3333983, 1616947216.0601907]
[1616947213.319573, 1616947215.9713304]
[1616947213.3912916, 1616947216.032504]
[1616947213.474823, 1616947216.3288963]
[1616947213.3988457, 1616947216.0905073]
[1616947213.4057224, 1616947216.1468716]
[1616947213.3496678, 1616947216.098669]
[1616947213.5612948, 1616947216.2582858]
[1616947213.5430543, 1616947216.2651317]
[1616947213.483697, 1616947216.2584178]
[1616947213.6157176, 1616947216.3134015]
[1616947213.6232283, 1616947216.2896771]
[1616947213.3285656, 1616947215.9827933]
[1616947213.7718751, 1616947216.4820685]
[1616947213.817313, 1616947216.5533993]
[1616947213.7842114, 1616947216.4625733]
[1616947213.8141508, 1616947216.4634268]
[1616947214.1725678, 1616947216.9286907]
[1616947213.9908407, 1616947216.7312827]
[1616947214.2267966, 1616947217.0313005]
[1616947214.1255658, 1616947216.7760098]
[1616947213.9440622, 1616947216.638258]
[1616947214.31283, 1616947217.0358994]
[1616947214.306567, 1616947217.0577593]
[1616947214.3642898, 1616947217.0751853]
[1616947214.4678159, 1616947217.240744]
[1616947214.4822185, 1616947217.1441984]
[1616947214.4284227, 1616947217.0630655]
[1616947214.36973, 1616947217.0900934]
[1616947214.3393083, 1616947217.0608463]
[1616947214.490751, 1616947217.166928]
[1616947214.7449622, 1616947217.4868379]
[1616947214.540418, 1616947217.2532344]
[1616947214.8780816, 1616947217.5441718]
[1616947214.7839644, 1616947217.4824507]
[1616947214.813482, 1616947217.557788]
[1616947215.254881, 1616947217.956915]
[1616947215.1094806, 1616947217.8090262]
[1616947214.9175267, 1616947217.6228518]
[1616947214.960835, 1616947217.6334417]
[1616947215.0077937, 1616947217.7611544]
[1616947215.2046356, 1616947217.9964526]
[1616947215.1944385, 1616947217.979307]
[1616947215.0316947, 1616947217.7165222]
[1616947215.2524095, 1616947217.905635]
[1616947215.2043886, 1616947217.87855]
[1616947215.1893804, 1616947217.8955975]
[1616947215.1860402, 1616947217.9524744]
[1616947215.5425246, 1616947218.2610898]
[1616947215.3177433, 1616947218.0411973]
[1616947215.5944173, 1616947218.3288195]
[1616947215.6533887, 1616947218.3235734]
[1616947215.5120277, 1616947218.1854749]
[1616947215.6323009, 1616947218.3154757]
[1616947215.4138424, 1616947218.1036098]
[1616947215.8286843, 1616947218.5725265]
[1616947215.70901, 1616947218.4444818]
[1616947215.8603776, 1616947218.5461347]
[1616947215.8603714, 1616947218.4799275]
[1616947215.764961, 1616947218.4651601]
[1616947215.9184887, 1616947218.5923486]
[1616947216.0086336, 1616947218.7331169]
[1616947215.9026453, 1616947218.6344526]
[1616947216.004877, 1616947218.6481073]
[1616947216.122065, 1616947218.890601]
[1616947216.2369785, 1616947218.987875]
[1616947215.990463, 1616947218.6500072]
[1616947216.0386431, 1616947218.6908]
[1616947216.2864091, 1616947219.0150564]
[1616947216.3891492, 1616947219.1099377]
[1616947216.5498304, 1616947219.2545004]
[1616947216.5840733, 1616947219.3187375]
[1616947216.4599078, 1616947219.1450183]
[1616947216.6981895, 1616947219.3850398]
[1616947216.7215984, 1616947219.3775148]
[1616947216.7352011, 1616947219.4071596]
[1616947216.723146, 1616947219.4024856]
[1616947216.9848974, 1616947219.6720645]
[1616947216.8135955, 1616947219.487017]
[1616947216.8600283, 1616947219.5805368]
[1616947216.9385357, 1616947219.6969855]
[1616947217.2447271, 1616947220.0221515]
[1616947217.0868626, 1616947219.793012]
[1616947217.1933782, 1616947219.8943002]
[1616947217.2108235, 1616947219.938897]
[1616947217.0937662, 1616947219.7274992]
[1616947217.2888167, 1616947220.0002117]
[1616947217.3085558, 1616947220.0175176]
[1616947217.1521902, 1616947219.8300493]
[1616947217.1255124, 1616947219.8305538]
[1616947217.3001423, 1616947220.0752852]
[1616947217.4511998, 1616947220.1736188]
[1616947217.4629445, 1616947220.2144427]
[1616947217.5576332, 1616947220.2218657]
[1616947217.5062306, 1616947220.2501044]
[1616947217.4748614, 1616947220.15431]
[1616947217.6136525, 1616947220.3261254]
[1616947217.6158466, 1616947220.3013053]
[1616947217.754778, 1616947220.4449577]
[1616947217.6571536, 1616947220.3122618]
[1616947217.6710074, 1616947220.4042227]
[1616947217.849149, 1616947220.5440893]
[1616947217.9411373, 1616947220.6072404]
[1616947217.8583047, 1616947220.6174412]
[1616947217.8956292, 1616947220.6675913]
[1616947217.8841436, 1616947220.5824525]
[1616947218.3065448, 1616947221.0761135]
[1616947218.2364213, 1616947221.0123427]
[1616947217.9862652, 1616947220.716217]
[1616947218.06709, 1616947220.780896]
[1616947218.2485564, 1616947220.943152]
[1616947218.027084, 1616947220.7876945]
[1616947218.2892601, 1616947220.9923437]
[1616947218.2250202, 1616947220.9159045]
[1616947218.0697825, 1616947220.7714703]
[1616947218.2904868, 1616947221.0251126]
[1616947218.1953306, 1616947220.84933]
[1616947218.4016106, 1616947221.1171389]
[1616947218.69462, 1616947221.4183238]
[1616947218.5634267, 1616947221.2438192]
[1616947218.6566005, 1616947221.3496418]
[1616947218.6689544, 1616947221.3212254]
[1616947218.757289, 1616947221.47301]
[1616947218.7380784, 1616947221.4448333]
[1616947218.569482, 1616947221.204293]
[1616947218.5993023, 1616947221.2635136]
[1616947218.5906885, 1616947221.3246508]
[1616947218.7428513, 1616947221.4046886]
[1616947218.9421225, 1616947221.8511488]
[1616947218.8837335, 1616947221.5440075]
[1616947218.7941902, 1616947221.502436]
[1616947219.1200185, 1616947221.8992288]
[1616947219.0415864, 1616947221.7617648]
[1616947219.1973438, 1616947221.8646998]
[1616947218.9770112, 1616947221.659526]
[1616947219.0911584, 1616947221.8611085]
[1616947219.195657, 1616947221.9359472]
[1616947219.160879, 1616947221.840084]
[1616947219.1867175, 1616947221.85424]
[1616947219.3255143, 1616947222.0542288]
[1616947219.322416, 1616947222.014583]
[1616947219.2409, 1616947221.9396107]
[1616947219.274128, 1616947222.015271]
[1616947219.3457994, 1616947222.0036168]
[1616947219.4494827, 1616947222.1300216]
[1616947219.319704, 1616947221.959764]
[1616947219.2491899, 1616947221.9144983]
[1616947219.417654, 1616947222.071038]
[1616947219.4584918, 1616947222.153163]
[1616947219.523193, 1616947222.2238553]
[1616947219.4234307, 1616947222.1213949]
[1616947219.6784115, 1616947222.408669]
[1616947219.574455, 1616947222.313174]
[1616947219.8460295, 1616947222.4922767]
[1616947219.9498115, 1616947222.6710966]
[1616947219.8658726, 1616947222.5602677]
[1616947219.8524325, 1616947222.61251]
[1616947219.8436885, 1616947222.5492063]
[1616947219.8092148, 1616947222.5129604]
[1616947219.9699965, 1616947222.6869087]
[1616947219.8587427, 1616947222.513509]
[1616947219.8354394, 1616947222.5278025]
[1616947219.9321163, 1616947222.6154618]
[1616947220.0344737, 1616947222.7694578]
[1616947220.158219, 1616947222.8611488]
[1616947219.9898808, 1616947222.7052336]
[1616947220.0799866, 1616947222.793276]
[1616947220.2026632, 1616947222.9327948]
[1616947220.0923517, 1616947222.8689594]
[1616947220.2253945, 1616947222.966336]
[1616947220.1671915, 1616947222.8422463]
[1616947220.188422, 1616947222.8604155]
[1616947220.279151, 1616947223.010112]
[1616947220.1521542, 1616947222.81949]
[1616947220.0963585, 1616947222.8142676]
[1616947220.2841065, 1616947222.9407136]
[1616947220.3991098, 1616947223.1272757]
[1616947220.4031873, 1616947223.0766075]
[1616947220.2888591, 1616947222.9522448]
[1616947220.4943473, 1616947223.168497]
[1616947220.4938781, 1616947223.2101269]
[1616947220.4496944, 1616947223.1722636]
[1616947220.506429, 1616947223.1724527]
[1616947220.508613, 1616947223.20905]
[1616947220.4857993, 1616947223.1833239]
[1616947220.6302469, 1616947223.328261]
[1616947220.630541, 1616947223.3297389]
[1616947220.4694793, 1616947223.1514776]
[1616947220.5525472, 1616947223.2857904]
[1616947220.7012794, 1616947223.3365903]
[1616947220.625244, 1616947223.381658]
[1616947220.6640413, 1616947223.3241925]
[1616947220.6898632, 1616947223.394478]
[1616947220.7998958, 1616947223.5136003]
[1616947220.8033836, 1616947223.493423]
[1616947220.6213775, 1616947223.3068743]
[1616947220.7962112, 1616947223.5111852]
[1616947220.8515396, 1616947223.5944104]
[1616947220.859352, 1616947223.4995377]
[1616947220.852928, 1616947223.508124]
[1616947220.9214551, 1616947223.6465857]
[1616947220.8644416, 1616947223.5854352]
[1616947221.0619955, 1616947223.7266908]
[1616947220.9257357, 1616947223.612487]
[1616947221.003964, 1616947223.7035246]
[1616947221.0052798, 1616947223.7080336]
[1616947221.0446558, 1616947223.736102]
[1616947221.0192678, 1616947223.7838926]
[1616947221.0919673, 1616947223.848732]
[1616947221.2301898, 1616947223.932864]
[1616947221.0302887, 1616947223.7639425]
[1616947221.0956612, 1616947223.6903212]
[1616947221.2922864, 1616947223.9477203]
[1616947221.3155026, 1616947223.9949763]
[1616947221.265491, 1616947223.9530752]
[1616947221.1993713, 1616947223.9142578]
[1616947221.3316445, 1616947224.0739229]
[1616947221.4656403, 1616947224.195143]
[1616947221.3479452, 1616947223.9858825]
[1616947221.2014682, 1616947223.8685942]
[1616947221.4844441, 1616947224.18878]
[1616947221.2256477, 1616947223.8662925]
[1616947221.3153746, 1616947224.050436]
[1616947221.4739826, 1616947224.1141217]
[1616947221.4001532, 1616947224.1041348]
[1616947221.409961, 1616947224.0969417]
[1616947221.4522946, 1616947224.154484]
[1616947221.4021664, 1616947224.1348426]
[1616947221.550595, 1616947224.2018754]
[1616947221.5756319, 1616947224.244263]
[1616947221.5319016, 1616947224.2303314]
[1616947221.6464095, 1616947224.37537]
[1616947221.7024107, 1616947224.361478]
[1616947221.5556026, 1616947224.2186582]
[1616947221.5486252, 1616947224.229762]
[1616947221.5223558, 1616947224.2360039]
[1616947221.740655, 1616947224.4297972]
[1616947221.5818245, 1616947224.3096385]
[1616947221.6237652, 1616947224.3155787]
[1616947221.6373818, 1616947224.3535993]
[1616947221.5295594, 1616947224.1833105]
[1616947221.641256, 1616947224.3361027]
[1616947221.7388916, 1616947224.4526696]
[1616947221.8160932, 1616947224.6234803]
[1616947221.7380607, 1616947224.4546382]
[1616947221.6485307, 1616947224.3619893]
[1616947221.7366486, 1616947224.4087417]
[1616947221.6768286, 1616947224.367055]
[1616947221.7229033, 1616947224.4699814]
[1616947221.7387853, 1616947224.416102]
[1616947221.9065828, 1616947224.8889375]
[1616947221.8570232, 1616947224.5218232]
[1616947221.8550713, 1616947224.5872588]
[1616947221.913739, 1616947224.6416094]
[1616947221.7849324, 1616947224.4956965]
[1616947221.8630512, 1616947224.5372188]
[1616947221.9013326, 1616947224.6137557]
[1616947221.9372308, 1616947224.6624148]
[1616947221.80309, 1616947224.4986672]
[1616947221.8948932, 1616947224.5593157]
[1616947221.974902, 1616947224.5906599]
[1616947221.9479578, 1616947224.6604223]
[1616947221.9019554, 1616947224.6397023]
[1616947222.0215247, 1616947224.7212055]
[1616947221.9286523, 1616947224.60142]
[1616947221.9033368, 1616947224.548867]
[1616947222.0716567, 1616947224.758624]
[1616947221.963258, 1616947224.687026]
[1616947221.9995947, 1616947224.658335]
[1616947222.0097322, 1616947224.7327666]
[1616947221.9746952, 1616947224.6389432]
[1616947222.055884, 1616947224.7912548]
[1616947222.037448, 1616947224.7830966]
[1616947222.0221403, 1616947224.726323]
[1616947222.0244496, 1616947224.6772058]
[1616947222.0980108, 1616947224.7878802]
[1616947221.9507828, 1616947224.6514862]
[1616947222.1351135, 1616947224.8143778]
[1616947221.9356127, 1616947224.5821686]
[1616947222.1916018, 1616947224.9110203]
[1616947222.0627973, 1616947224.7912803]
[1616947222.158558, 1616947224.8384378]
[1616947221.9035676, 1616947224.6148524]
[1616947222.174955, 1616947224.8781052]
[1616947222.0047247, 1616947224.8590424]
[1616947221.9149618, 1616947224.6048167]
[1616947222.1725724, 1616947224.8413575]
[1616947222.115686, 1616947224.7937493]
[1616947222.1891344, 1616947224.9276674]
[1616947222.20175, 1616947224.8297133]
[1616947222.222262, 1616947224.8946316]
[1616947222.199009, 1616947224.900528]
[1616947222.2497067, 1616947224.9439864]
[1616947222.1695874, 1616947224.8155546]
[1616947222.2278836, 1616947224.9374728]
[1616947222.2411928, 1616947224.962922]
[1616947222.2175832, 1616947224.9270413]
[1616947222.2078862, 1616947224.9518316]
[1616947222.1801407, 1616947224.8948011]
[1616947222.174094, 1616947224.9699776]
[1616947222.2135835, 1616947224.9727597]
[1616947222.2433124, 1616947224.905604]
[1616947222.1807828, 1616947224.867822]
[1616947222.1469166, 1616947224.8410404]
[1616947222.2048392, 1616947224.890861]
[1616947222.2261896, 1616947224.9486582]
[1616947222.2441478, 1616947225.0000913]
[1616947222.230495, 1616947224.8954413]
[1616947222.233904, 1616947224.9474673]
[1616947222.0942018, 1616947224.7385385]
[1616947222.1431406, 1616947224.806395]
