[1616704124.444569, 1616704142.3268692]
[1616704124.2256827, 1616704142.0234587]
[1616704124.5341184, 1616704141.109558]
[1616704123.79275, 1616704135.1244864]
[1616704124.6469483, 1616704144.6790318]
[1616704124.7990575, 1616704145.1005971]
[1616704124.953279, 1616704137.2041676]
[1616704124.7925382, 1616704150.4900227]
[1616704124.5136905, 1616704142.8028846]
[1616704124.3128102, 1616704142.2060528]
[1616704124.8585093, 1616704138.1628282]
[1616704124.9529817, 1616704139.4915059]
[1616704124.8336778, 1616704143.4551866]
[1616704124.7955084, 1616704144.3592355]
[1616704124.6646752, 1616704142.8840718]
[1616704124.7048416, 1616704145.629841]
[1616704124.674434, 1616704145.317501]
[1616704124.2995267, 1616704143.6245337]
[1616704124.7633557, 1616704142.5219576]
[1616704124.9606628, 1616704147.6419175]
[1616704124.7076166, 1616704140.1751025]
[1616704125.2380571, 1616704144.1248288]
[1616704125.4109368, 1616704148.2717707]
[1616704125.3291075, 1616704144.2379117]
[1616704125.5989475, 1616704146.8994937]
[1616704125.6037283, 1616704146.5161204]
[1616704125.7074416, 1616704143.6294024]
[1616704125.9723167, 1616704146.1163821]
[1616704125.3142426, 1616704142.3753123]
[1616704125.6796553, 1616704145.2545083]
[1616704125.8634694, 1616704144.7232163]
[1616704126.190094, 1616704147.338642]
[1616704126.1090758, 1616704140.5834038]
[1616704126.276734, 1616704140.0843952]
[1616704126.1106393, 1616704148.3627825]
[1616704126.4553263, 1616704146.2255661]
[1616704126.24544, 1616704145.7039952]
[1616704126.324871, 1616704146.3889043]
[1616704126.26351, 1616704147.9480832]
[1616704126.4707713, 1616704141.405113]
[1616704126.7304091, 1616704143.939575]
[1616704126.9648087, 1616704144.0619965]
[1616704126.8827422, 1616704148.3397427]
[1616704127.172362, 1616704147.2966263]
[1616704126.8957934, 1616704149.7547894]
[1616704127.2936518, 1616704144.5845802]
[1616704127.2833471, 1616704147.2525778]
[1616704127.4128404, 1616704151.9278963]
[1616704127.280761, 1616704146.421713]
[1616704127.3603907, 1616704145.8688684]
[1616704127.5417483, 1616704149.4883604]
[1616704127.5424623, 1616704148.4834645]
[1616704127.7197363, 1616704149.0343318]
[1616704127.7237105, 1616704147.869432]
[1616704128.0417917, 1616704142.5558052]
[1616704127.8975694, 1616704149.0211153]
[1616704128.0305088, 1616704150.9150882]
[1616704127.9423683, 1616704145.2167106]
[1616704128.2609649, 1616704153.5053601]
[1616704128.2246978, 1616704144.9525764]
[1616704128.2936094, 1616704148.8855958]
[1616704128.3232732, 1616704141.7674427]
[1616704128.4395576, 1616704147.8722265]
[1616704128.4394374, 1616704146.6434512]
[1616704128.4901342, 1616704152.956698]
[1616704128.3768284, 1616704147.8985236]
[1616704128.4528801, 1616704147.0072982]
[1616704128.664181, 1616704147.7036932]
[1616704128.695502, 1616704149.066917]
[1616704128.8304334, 1616704147.7084126]
[1616704128.831501, 1616704147.2881517]
[1616704128.7474077, 1616704145.9331672]
[1616704128.89355, 1616704149.9022942]
[1616704128.9620495, 1616704144.8085577]
[1616704129.274133, 1616704147.8703444]
[1616704128.9973245, 1616704147.5962772]
[1616704129.2356637, 1616704151.6725247]
[1616704129.0822287, 1616704149.7302368]
[1616704129.132734, 1616704150.703112]
[1616704129.1985347, 1616704148.8464622]
[1616704129.1297657, 1616704147.0221248]
[1616704129.2615914, 1616704151.915856]
[1616704129.3429885, 1616704149.9698482]
[1616704129.4431233, 1616704147.239819]
[1616704129.5079153, 1616704152.875972]
[1616704129.5213356, 1616704152.4567187]
[1616704129.5992768, 1616704150.12924]
[1616704129.7175982, 1616704147.3394399]
[1616704129.69805, 1616704147.3337643]
[1616704129.849841, 1616704151.1987696]
[1616704129.860725, 1616704149.9434493]
[1616704129.876151, 1616704149.963176]
[1616704129.9022927, 1616704148.5167131]
[1616704129.8348887, 1616704151.5898123]
[1616704130.1316657, 1616704151.5051231]
[1616704129.9042373, 1616704149.2977126]
[1616704130.129697, 1616704149.305745]
[1616704130.3040013, 1616704150.3406835]
[1616704130.1637611, 1616704147.0054545]
[1616704130.3347096, 1616704146.0600533]
[1616704130.3965566, 1616704148.24017]
[1616704130.3828678, 1616704152.187523]
[1616704130.3568103, 1616704150.2292836]
[1616704130.3580265, 1616704144.911474]
[1616704130.4464705, 1616704141.5780697]
[1616704130.4352872, 1616704151.4652839]
[1616704130.6076565, 1616704148.6631572]
[1616704130.6666312, 1616704151.9106627]
[1616704130.5145793, 1616704151.9005084]
[1616704130.578341, 1616704152.4803433]
[1616704130.6629915, 1616704147.6292768]
[1616704130.7471805, 1616704148.3643663]
[1616704130.779611, 1616704152.943106]
[1616704130.8015206, 1616704148.1237557]
[1616704130.7492082, 1616704149.2797818]
[1616704130.8772974, 1616704150.4677906]
[1616704131.047513, 1616704152.1529255]
[1616704130.928792, 1616704152.6733642]
[1616704130.9516718, 1616704153.279181]
[1616704131.0033839, 1616704149.792968]
[1616704131.0864422, 1616704149.903413]
[1616704131.0029671, 1616704148.0622537]
[1616704131.0884671, 1616704151.492477]
[1616704131.218517, 1616704151.7500784]
[1616704131.2131808, 1616704151.9488351]
[1616704131.2519443, 1616704151.317724]
[1616704131.187447, 1616704149.0921125]
[1616704131.2552, 1616704152.599364]
[1616704131.2734118, 1616704151.0598383]
[1616704131.3054104, 1616704152.0973232]
[1616704131.2766185, 1616704153.6959937]
[1616704131.344228, 1616704152.5010464]
[1616704131.4222825, 1616704151.7249484]
[1616704131.4994817, 1616704152.4518943]
[1616704131.330432, 1616704154.043982]
[1616704131.464547, 1616704152.6915374]
[1616704131.4346755, 1616704143.760312]
[1616704131.4771075, 1616704150.201437]
[1616704131.6000514, 1616704151.61366]
[1616704131.5437486, 1616704153.0295885]
[1616704131.5717676, 1616704153.8929167]
[1616704131.701354, 1616704154.237259]
[1616704131.6724846, 1616704152.2750947]
[1616704131.7446663, 1616704153.1234503]
[1616704131.7119007, 1616704151.9985907]
[1616704131.6857886, 1616704151.052078]
[1616704131.7473865, 1616704149.214241]
[1616704131.7567744, 1616704151.5955427]
[1616704131.807613, 1616704152.8143685]
[1616704131.7716253, 1616704154.1835446]
[1616704131.7588184, 1616704150.796678]
[1616704131.9542818, 1616704153.1852486]
[1616704131.8291514, 1616704154.618663]
[1616704131.6894925, 1616704150.935964]
[1616704132.0161846, 1616704146.88466]
[1616704132.0369804, 1616704152.804984]
[1616704131.863925, 1616704153.3287175]
[1616704132.0762773, 1616704152.7508965]
[1616704131.9466517, 1616704151.6783519]
[1616704131.9360423, 1616704152.4275155]
[1616704131.8946092, 1616704152.3735125]
[1616704132.0524938, 1616704145.5040023]
[1616704132.0646572, 1616704151.8733778]
[1616704132.089329, 1616704153.3202367]
[1616704132.130598, 1616704151.9587066]
[1616704132.1447926, 1616704152.8499782]
[1616704132.0382833, 1616704151.346254]
[1616704132.0398893, 1616704153.0554457]
[1616704132.0346305, 1616704149.4486256]
[1616704132.1378107, 1616704152.1487234]
[1616704132.1785014, 1616704152.9411914]
[1616704132.0594845, 1616704151.1770804]
[1616704132.138518, 1616704152.8538775]
[1616704132.0964015, 1616704151.0233004]
[1616704132.075161, 1616704150.4332907]
[1616704132.1564877, 1616704149.3275547]
[1616704132.1436515, 1616704150.5371637]
[1616704132.1854272, 1616704153.1306016]
[1616704132.2402294, 1616704153.4529457]
[1616704132.2571764, 1616704152.1268697]
[1616704132.373448, 1616704149.97121]
[1616704132.07049, 1616704151.213629]
[1616704132.1150672, 1616704152.811713]
[1616704132.3277547, 1616704149.8254282]
[1616704132.2782671, 1616704150.9215627]
[1616704132.3220406, 1616704151.9978623]
[1616704132.3188424, 1616704154.0659544]
[1616704132.3516192, 1616704153.4026966]
[1616704132.3188002, 1616704152.4988682]
[1616704132.20623, 1616704153.2924774]
[1616704132.3265495, 1616704150.644277]
[1616704132.3790653, 1616704152.3535843]
[1616704132.3514564, 1616704154.5268662]
[1616704132.418005, 1616704149.3809917]
[1616704132.4709177, 1616704153.0811923]
[1616704132.342091, 1616704151.9664123]
[1616704132.4175684, 1616704152.8177233]
[1616704132.3781273, 1616704150.8837936]
[1616704132.4657428, 1616704152.323919]
[1616704132.2600732, 1616704145.5341218]
[1616704132.4154763, 1616704153.6520329]
[1616704132.4730663, 1616704150.1451197]
[1616704132.2550926, 1616704154.8218904]
[1616704132.4630303, 1616704153.7720704]
[1616704132.3800197, 1616704152.9369323]
[1616704132.4277773, 1616704150.6357868]
[1616704132.46803, 1616704152.9536102]
[1616704132.4893703, 1616704151.1468437]
[1616704132.5108535, 1616704151.4767072]
[1616704132.4887993, 1616704150.4169402]
[1616704132.4745035, 1616704150.1977394]
[1616704132.4973404, 1616704152.5451486]
[1616704132.4845016, 1616704151.3603957]
[1616704132.4634275, 1616704148.648688]
[1616704132.4960864, 1616704152.0874937]
[1616704132.517279, 1616704152.433195]
[1616704132.3487763, 1616704152.3873835]
[1616704132.5812733, 1616704150.2154462]
[1616704132.5710537, 1616704153.535589]
[1616704132.495932, 1616704152.29039]
[1616704132.3431826, 1616704154.7313712]
[1616704132.4914215, 1616704152.90053]
[1616704132.4948204, 1616704153.2464502]
[1616704132.5145612, 1616704151.4443488]
[1616704132.5394359, 1616704151.3721514]
[1616704132.50905, 1616704151.6936944]
[1616704132.5126317, 1616704154.829585]
[1616704132.5284674, 1616704152.1595914]
[1616704132.5343776, 1616704153.2815063]
[1616704132.5438485, 1616704154.1879683]
[1616704132.5368123, 1616704144.4574594]
[1616704132.3563445, 1616704154.0471404]
[1616704132.424315, 1616704153.0642483]
