[1621533848.9893367, 1621533850.0677593]
[1621533849.0698917, 1621533850.1530707]
[1621533848.7942843, 1621533849.9182181]
[1621533848.497703, 1621533849.6221843]
[1621533848.65722, 1621533849.8093889]
[1621533849.2115474, 1621533850.3491333]
[1621533849.3977706, 1621533850.5464497]
[1621533848.9943194, 1621533850.120523]
[1621533848.674533, 1621533849.7694385]
[1621533849.3310275, 1621533850.490235]
[1621533849.1054137, 1621533850.2352328]
[1621533849.3021271, 1621533850.4199653]
[1621533849.014819, 1621533850.1349905]
[1621533848.7092664, 1621533849.81356]
[1621533848.9168987, 1621533850.0473673]
[1621533849.294779, 1621533850.4004114]
[1621533849.311982, 1621533850.4225726]
[1621533849.3462648, 1621533850.4534566]
[1621533849.9692166, 1621533851.0621808]
[1621533849.1256962, 1621533850.2631972]
[1621533849.9454348, 1621533851.0630744]
[1621533849.956247, 1621533851.0906377]
[1621533849.1816907, 1621533850.2575426]
[1621533849.6719253, 1621533850.756299]
[1621533850.2979972, 1621533851.4324718]
[1621533850.0872293, 1621533851.1935635]
[1621533850.2067044, 1621533851.322328]
[1621533850.0123785, 1621533851.1641965]
[1621533850.1293075, 1621533851.2488647]
[1621533849.8703125, 1621533850.9716496]
[1621533849.6443188, 1621533850.7902231]
[1621533850.154059, 1621533851.2896032]
[1621533850.0114565, 1621533851.1219604]
[1621533850.3102863, 1621533851.4330137]
[1621533850.398674, 1621533851.5029104]
[1621533850.6495128, 1621533851.759226]
[1621533850.7805364, 1621533851.8868794]
[1621533850.5073066, 1621533851.6593163]
[1621533850.2311585, 1621533851.3631318]
[1621533850.2527976, 1621533851.3769586]
[1621533850.2281597, 1621533851.3818355]
[1621533850.2501686, 1621533851.43021]
[1621533850.024256, 1621533851.1938055]
[1621533850.1911173, 1621533851.273068]
[1621533850.6122937, 1621533851.6891854]
[1621533850.355675, 1621533851.4789472]
[1621533850.7953951, 1621533851.9250336]
[1621533850.5593662, 1621533851.690129]
[1621533851.0216172, 1621533852.153596]
[1621533850.7107735, 1621533851.8436627]
[1621533851.494728, 1621533852.6358414]
[1621533850.775796, 1621533851.8570595]
[1621533850.9235954, 1621533852.0814047]
[1621533851.5964103, 1621533852.7254295]
[1621533851.641363, 1621533852.7587166]
[1621533851.051144, 1621533852.1529095]
[1621533851.9760177, 1621533853.137877]
[1621533851.3977165, 1621533852.5596473]
[1621533851.748075, 1621533852.827949]
[1621533851.0992856, 1621533852.232242]
[1621533851.980857, 1621533853.1126251]
[1621533852.2382822, 1621533853.4013114]
[1621533851.971246, 1621533853.078841]
[1621533851.6306376, 1621533852.8015292]
[1621533851.7028465, 1621533852.861564]
[1621533852.0138168, 1621533853.1478937]
[1621533851.9319005, 1621533853.0579495]
[1621533851.5503685, 1621533852.6640775]
[1621533851.9421685, 1621533853.0435865]
[1621533851.5896182, 1621533852.6930401]
[1621533851.870345, 1621533852.9955456]
[1621533851.9900594, 1621533853.1048522]
[1621533851.868316, 1621533852.94626]
[1621533852.0209968, 1621533853.1084528]
[1621533852.5888665, 1621533853.7369761]
[1621533852.6996443, 1621533853.7936122]
[1621533852.6683762, 1621533853.7943993]
[1621533852.7893257, 1621533853.9309733]
[1621533852.494036, 1621533853.6096475]
[1621533853.004868, 1621533854.123656]
[1621533852.827713, 1621533853.9678016]
[1621533852.709277, 1621533853.8258288]
[1621533852.3840573, 1621533853.5166996]
[1621533852.558958, 1621533853.657062]
[1621533852.4541173, 1621533853.5802674]
[1621533852.3558102, 1621533853.4588106]
[1621533853.0895343, 1621533854.2212887]
[1621533852.958065, 1621533854.039761]
[1621533852.9435592, 1621533854.0225554]
[1621533853.008508, 1621533854.1705534]
[1621533852.9961386, 1621533854.1268275]
[1621533853.1459699, 1621533854.322435]
[1621533853.2436016, 1621533854.361523]
[1621533853.1872628, 1621533854.3288872]
[1621533853.1393156, 1621533854.2919745]
[1621533853.315706, 1621533854.4155169]
[1621533853.0956035, 1621533854.224822]
[1621533853.698148, 1621533854.8041139]
[1621533853.227564, 1621533854.330643]
[1621533853.3263667, 1621533854.4382522]
[1621533853.595946, 1621533854.731644]
[1621533854.2219543, 1621533855.380987]
[1621533852.561337, 1621533853.643367]
[1621533854.2441542, 1621533855.3686872]
[1621533852.926841, 1621533854.0690753]
[1621533854.4224567, 1621533855.5315835]
[1621533854.4128253, 1621533855.5289328]
[1621533853.9857428, 1621533855.1031535]
[1621533854.0946965, 1621533855.2250507]
[1621533854.1001627, 1621533855.2064924]
[1621533854.0119739, 1621533855.1348662]
[1621533853.6857917, 1621533854.7960968]
[1621533854.5553036, 1621533855.6869152]
[1621533854.037876, 1621533855.128322]
[1621533854.42776, 1621533855.5681953]
[1621533854.9164255, 1621533856.0516946]
[1621533854.6001058, 1621533855.728015]
[1621533853.9265592, 1621533855.0424433]
[1621533854.250278, 1621533855.3609467]
[1621533854.4404602, 1621533855.5903878]
[1621533854.854472, 1621533855.995542]
[1621533853.6244226, 1621533854.7397053]
[1621533854.8273695, 1621533855.9060712]
[1621533855.1264277, 1621533856.260759]
[1621533854.3370564, 1621533855.419928]
[1621533854.8683321, 1621533855.9474416]
[1621533854.8506775, 1621533855.9731364]
[1621533854.797157, 1621533855.9118268]
[1621533855.073763, 1621533856.187966]
[1621533854.533278, 1621533855.649812]
[1621533855.0240815, 1621533856.1484978]
[1621533854.88266, 1621533856.0037656]
[1621533855.9594762, 1621533857.0553744]
[1621533855.4010859, 1621533856.5584848]
[1621533855.3068724, 1621533856.4324143]
[1621533855.589861, 1621533856.7263875]
[1621533855.7776165, 1621533856.8898752]
[1621533854.6481087, 1621533855.8148882]
[1621533855.922585, 1621533857.0405529]
[1621533856.2046006, 1621533857.3292139]
[1621533856.1595461, 1621533857.274776]
[1621533855.4831202, 1621533856.5638986]
[1621533855.1975517, 1621533856.317603]
[1621533856.0907307, 1621533857.2237823]
[1621533855.8743095, 1621533857.0175946]
[1621533856.3879037, 1621533857.508796]
[1621533855.7453334, 1621533856.8733974]
[1621533855.8521295, 1621533856.9722939]
[1621533856.550104, 1621533857.681031]
[1621533855.898469, 1621533857.0120761]
[1621533855.7327142, 1621533856.8668048]
[1621533856.2403622, 1621533857.3550756]
[1621533856.831228, 1621533857.975175]
[1621533856.0681157, 1621533857.201608]
[1621533855.988719, 1621533857.0700972]
[1621533855.988629, 1621533857.1087675]
[1621533856.0229402, 1621533857.1437867]
[1621533857.3389432, 1621533858.4492707]
[1621533856.7318974, 1621533857.9090345]
[1621533857.705547, 1621533858.8368018]
[1621533857.6658123, 1621533858.7835014]
[1621533857.3517041, 1621533858.4811366]
[1621533857.4988434, 1621533858.6105497]
[1621533857.3235216, 1621533858.4364896]
[1621533856.483176, 1621533857.6088386]
[1621533858.0000854, 1621533859.1417644]
[1621533857.5890515, 1621533858.696792]
[1621533857.5168078, 1621533858.6589434]
[1621533857.49325, 1621533858.6365204]
[1621533856.9244387, 1621533858.0624459]
[1621533858.05656, 1621533859.159863]
[1621533857.6442544, 1621533858.7607358]
[1621533857.7405505, 1621533858.8734343]
[1621533857.563866, 1621533858.7314694]
[1621533856.7035968, 1621533857.7846422]
[1621533857.5609334, 1621533858.6399107]
[1621533857.9426987, 1621533859.0605612]
[1621533857.8114476, 1621533858.8922446]
[1621533857.4882715, 1621533858.6173005]
[1621533857.7471964, 1621533858.894936]
[1621533858.0274277, 1621533859.115059]
[1621533858.1041567, 1621533859.220014]
[1621533857.0457325, 1621533858.1632369]
[1621533857.8449657, 1621533858.9703379]
[1621533858.3110678, 1621533859.4282355]
[1621533857.3994052, 1621533858.5230434]
[1621533858.4181864, 1621533859.5489478]
[1621533858.3368285, 1621533859.4104924]
[1621533857.5268736, 1621533858.6052787]
[1621533858.3245907, 1621533859.4039435]
[1621533858.3138223, 1621533859.394311]
[1621533858.2912858, 1621533859.411681]
[1621533858.041013, 1621533859.1243556]
[1621533858.7542112, 1621533859.918217]
[1621533858.6832013, 1621533859.821501]
[1621533858.8746595, 1621533859.9906695]
[1621533858.4694443, 1621533859.5834975]
[1621533858.8845782, 1621533860.0142407]
[1621533858.5922766, 1621533859.7063894]
[1621533858.5387125, 1621533859.660348]
[1621533859.000072, 1621533860.1366658]
[1621533857.9335864, 1621533859.0956295]
[1621533858.8689308, 1621533860.0162132]
[1621533858.4865468, 1621533859.5834692]
[1621533859.507919, 1621533860.631051]
[1621533858.647617, 1621533859.7431056]
[1621533858.118212, 1621533859.2575543]
[1621533859.191187, 1621533860.2977517]
[1621533858.5546098, 1621533859.6897607]
[1621533858.6744652, 1621533859.7937095]
[1621533859.0577717, 1621533860.1496215]
[1621533858.3389046, 1621533859.4745784]
[1621533858.9569218, 1621533860.063666]
[1621533858.4833992, 1621533859.6135626]
[1621533858.9145138, 1621533860.046355]
[1621533859.1533625, 1621533860.2901518]
[1621533859.5040312, 1621533860.6360188]
[1621533859.419972, 1621533860.5456784]
[1621533858.9300973, 1621533860.0119996]
[1621533859.2535083, 1621533860.3285396]
[1621533859.2368622, 1621533860.3485668]
[1621533858.9854383, 1621533860.1164458]
[1621533859.8499498, 1621533860.9721253]
[1621533859.5790045, 1621533860.7169302]
[1621533859.7350113, 1621533860.8529718]
[1621533858.8557532, 1621533859.9915905]
[1621533860.0522866, 1621533861.2174697]
[1621533860.130365, 1621533861.2613993]
[1621533859.3247042, 1621533860.4068959]
[1621533859.3087769, 1621533860.4434383]
[1621533859.792147, 1621533860.8595276]
[1621533859.355688, 1621533860.5085936]
[1621533859.9840155, 1621533861.1724641]
[1621533859.5343456, 1621533860.6142433]
[1621533859.7014666, 1621533860.838256]
[1621533860.2867713, 1621533861.426008]
[1621533859.9007077, 1621533860.9942577]
[1621533859.83318, 1621533860.9487321]
[1621533859.5533326, 1621533860.6416404]
[1621533860.0190916, 1621533861.1013331]
[1621533860.3027654, 1621533861.4368947]
[1621533860.168653, 1621533861.2758245]
[1621533860.5746748, 1621533861.693025]
[1621533859.9117622, 1621533861.0274227]
[1621533859.8403845, 1621533860.9616773]
[1621533860.416885, 1621533861.5014672]
[1621533860.2911022, 1621533861.3992226]
[1621533860.6104379, 1621533861.786813]
[1621533860.3469138, 1621533861.423953]
[1621533861.2020988, 1621533862.3476794]
[1621533861.058978, 1621533862.1444852]
[1621533860.5109453, 1621533861.6460016]
[1621533861.6154687, 1621533862.7261527]
[1621533861.0600874, 1621533862.190329]
[1621533860.8404353, 1621533861.9809396]
[1621533860.884493, 1621533862.000974]
[1621533861.350764, 1621533862.4589202]
[1621533861.5741944, 1621533862.7100332]
[1621533861.070352, 1621533862.1884592]
[1621533860.8147786, 1621533861.9421268]
[1621533861.7061355, 1621533862.8241541]
[1621533861.8822577, 1621533862.9634795]
[1621533861.115392, 1621533862.195372]
[1621533861.425195, 1621533862.5308392]
[1621533861.370649, 1621533862.5091133]
[1621533861.1445124, 1621533862.274599]
[1621533861.893044, 1621533862.9749515]
[1621533861.8307235, 1621533862.9568765]
[1621533861.8673992, 1621533862.9976456]
[1621533860.8596165, 1621533861.9843574]
[1621533860.8801866, 1621533861.9692562]
[1621533860.8509088, 1621533861.98748]
[1621533861.948563, 1621533863.074069]
[1621533861.4996014, 1621533862.6343234]
[1621533860.82622, 1621533861.9301195]
[1621533861.230818, 1621533862.3620062]
[1621533861.9351757, 1621533863.0124247]
[1621533862.1256204, 1621533863.2503967]
[1621533861.1405385, 1621533862.2624276]
[1621533861.5103855, 1621533862.5877695]
[1621533861.6201427, 1621533862.7254484]
[1621533861.4278905, 1621533862.5491273]
[1621533862.1255732, 1621533863.2562535]
[1621533861.8102255, 1621533862.9717197]
[1621533861.847296, 1621533862.965913]
[1621533861.6711879, 1621533862.8284137]
[1621533861.2592351, 1621533862.3385699]
[1621533862.4820077, 1621533863.5935202]
[1621533861.8980744, 1621533862.9774797]
[1621533861.8824205, 1621533862.9942708]
[1621533862.6309562, 1621533863.7080967]
[1621533861.6798215, 1621533862.7924895]
[1621533862.0072327, 1621533863.1339028]
[1621533862.7647579, 1621533863.8657186]
[1621533862.352426, 1621533863.4976156]
[1621533862.7533386, 1621533863.8771093]
[1621533862.867762, 1621533863.9885216]
[1621533861.8284047, 1621533862.9841607]
[1621533863.0615923, 1621533864.1856422]
[1621533862.5957637, 1621533863.677981]
[1621533862.7811131, 1621533863.9201727]
[1621533862.588293, 1621533863.6853251]
[1621533862.6079783, 1621533863.7151124]
[1621533863.2341118, 1621533864.3648598]
[1621533862.7990057, 1621533863.9195433]
[1621533863.1335554, 1621533864.2124333]
[1621533862.4428246, 1621533863.5673516]
[1621533863.034482, 1621533864.1521494]
[1621533863.1996505, 1621533864.3178983]
[1621533862.8008442, 1621533863.9607775]
[1621533863.0714781, 1621533864.1459856]
[1621533862.950297, 1621533864.0945158]
[1621533862.521858, 1621533863.6510508]
[1621533863.090249, 1621533864.2274504]
[1621533863.016486, 1621533864.1741176]
[1621533863.2078972, 1621533864.3605428]
[1621533863.6642075, 1621533864.798769]
[1621533862.8414202, 1621533863.9744763]
[1621533863.2453077, 1621533864.376822]
[1621533863.8689237, 1621533865.048896]
[1621533864.0258214, 1621533865.1408985]
[1621533863.8393073, 1621533864.9331675]
[1621533863.6491442, 1621533864.8081305]
[1621533863.422382, 1621533864.5105686]
[1621533863.2338686, 1621533864.3228772]
[1621533863.7665558, 1621533864.8723066]
[1621533863.9100516, 1621533865.0228078]
[1621533863.8909712, 1621533865.0030072]
[1621533863.2869704, 1621533864.4186535]
[1621533863.9475086, 1621533865.0637424]
[1621533863.0340767, 1621533864.123054]
[1621533863.6334782, 1621533864.7831533]
[1621533863.7847168, 1621533864.85972]
[1621533863.7130692, 1621533864.792403]
[1621533864.328671, 1621533865.409629]
[1621533863.924064, 1621533865.0585508]
[1621533864.426916, 1621533865.556892]
[1621533863.336268, 1621533864.4586325]
[1621533863.4172726, 1621533864.5378942]
[1621533864.3679075, 1621533865.517247]
[1621533864.7652676, 1621533865.8869302]
[1621533864.3854368, 1621533865.5166821]
[1621533864.160198, 1621533865.2690108]
[1621533864.5020263, 1621533865.619848]
[1621533864.4893875, 1621533865.6119168]
[1621533865.1296465, 1621533866.2620995]
[1621533864.9693162, 1621533866.0483103]
[1621533864.6103797, 1621533865.736457]
[1621533864.6286454, 1621533865.74364]
[1621533864.719185, 1621533865.8421364]
[1621533864.742885, 1621533865.928072]
[1621533864.5359006, 1621533865.6310308]
[1621533864.8046894, 1621533865.9372895]
[1621533864.737907, 1621533865.8191242]
[1621533865.2926629, 1621533866.4072025]
[1621533865.4339252, 1621533866.5161746]
[1621533865.3442, 1621533866.424706]
[1621533865.1079104, 1621533866.2642088]
[1621533864.9310222, 1621533866.0365927]
[1621533864.7968736, 1621533865.8760245]
[1621533865.4696515, 1621533866.6062279]
[1621533865.4759505, 1621533866.6139271]
[1621533865.5137975, 1621533866.6248517]
[1621533864.781584, 1621533865.8595567]
[1621533865.032696, 1621533866.1343784]
[1621533864.8612924, 1621533866.025757]
[1621533865.2991467, 1621533866.449334]
[1621533865.845063, 1621533866.9722369]
[1621533865.5988293, 1621533866.7426348]
[1621533864.7870576, 1621533865.899272]
[1621533865.3345315, 1621533866.4483287]
[1621533865.9817953, 1621533867.1898434]
[1621533865.235137, 1621533866.3554666]
[1621533865.6880112, 1621533866.8193097]
[1621533865.3605447, 1621533866.4447765]
[1621533865.5403335, 1621533866.6973364]
[1621533865.3908532, 1621533866.526111]
[1621533866.0345116, 1621533867.1640246]
[1621533865.66704, 1621533866.7464147]
[1621533865.7907326, 1621533866.9083066]
[1621533865.916326, 1621533867.0132442]
[1621533866.3010194, 1621533867.4588032]
[1621533866.2215867, 1621533867.3291106]
[1621533866.1237326, 1621533867.226049]
[1621533866.5242372, 1621533867.620915]
[1621533865.8353658, 1621533866.9388428]
[1621533866.1994522, 1621533867.3146574]
[1621533866.2663784, 1621533867.4045434]
[1621533866.4428842, 1621533867.558568]
[1621533866.2627282, 1621533867.3839972]
[1621533866.4409273, 1621533867.5539227]
[1621533866.4351983, 1621533867.5127368]
[1621533866.721767, 1621533867.8782146]
[1621533866.8691986, 1621533867.9433355]
[1621533865.963935, 1621533867.0908775]
[1621533866.022341, 1621533867.139394]
[1621533866.3530524, 1621533867.476943]
[1621533866.2510319, 1621533867.3255293]
[1621533866.0849519, 1621533867.166936]
[1621533866.7852921, 1621533867.868116]
[1621533866.8560638, 1621533867.9740055]
[1621533866.7351296, 1621533867.9105818]
[1621533867.115496, 1621533868.236193]
[1621533866.8178463, 1621533867.947683]
[1621533867.058975, 1621533868.1792748]
[1621533866.64024, 1621533867.7705352]
[1621533867.203374, 1621533868.3449676]
[1621533866.6164777, 1621533867.7510011]
[1621533866.6945734, 1621533867.8537452]
[1621533867.3046882, 1621533868.415875]
[1621533866.7278786, 1621533867.896183]
[1621533866.8520303, 1621533867.9897382]
[1621533867.4376428, 1621533868.5410695]
[1621533867.5795817, 1621533868.694496]
[1621533867.2082124, 1621533868.3353064]
[1621533867.1877806, 1621533868.269736]
[1621533866.9686801, 1621533868.0587857]
[1621533867.4218955, 1621533868.4976733]
[1621533867.097853, 1621533868.2289217]
[1621533867.4848003, 1621533868.6041028]
[1621533868.0228283, 1621533869.1355543]
[1621533867.6157217, 1621533868.7235613]
[1621533867.7716346, 1621533868.8968706]
[1621533867.4117863, 1621533868.5503867]
[1621533867.3537576, 1621533868.4325898]
[1621533867.9556623, 1621533869.0932734]
[1621533868.0432959, 1621533869.121608]
[1621533867.652166, 1621533868.772582]
[1621533867.634524, 1621533868.7152674]
[1621533867.553293, 1621533868.6329632]
[1621533867.4887462, 1621533868.6097927]
[1621533867.4077883, 1621533868.559239]
[1621533867.767995, 1621533868.8973489]
[1621533867.7690861, 1621533868.9163375]
[1621533868.5142467, 1621533869.6244648]
[1621533868.2141833, 1621533869.2911282]
[1621533867.9993165, 1621533869.1309297]
[1621533868.2998793, 1621533869.3923984]
[1621533868.2098122, 1621533869.3073869]
[1621533868.04864, 1621533869.21971]
[1621533868.0876403, 1621533869.1651456]
[1621533868.1784663, 1621533869.349768]
[1621533868.7810435, 1621533869.8939178]
[1621533868.052695, 1621533869.1839485]
[1621533868.3559062, 1621533869.4846358]
[1621533868.3301623, 1621533869.4528012]
[1621533868.6681745, 1621533869.7445939]
[1621533868.2676003, 1621533869.3892317]
[1621533868.7508318, 1621533869.871797]
[1621533868.7498388, 1621533869.8635166]
[1621533869.0211806, 1621533870.099586]
[1621533868.7303112, 1621533869.852365]
[1621533868.6332688, 1621533869.7426836]
[1621533868.9630423, 1621533870.0795553]
[1621533868.8919091, 1621533870.01636]
[1621533868.5539541, 1621533869.656635]
[1621533868.7209294, 1621533869.8101585]
[1621533868.9707406, 1621533870.0990136]
[1621533869.0605116, 1621533870.1760933]
[1621533868.9792774, 1621533870.1148565]
[1621533868.92099, 1621533870.0553124]
[1621533869.0471413, 1621533870.1814218]
[1621533869.056671, 1621533870.1648247]
[1621533869.5362003, 1621533870.6963565]
[1621533869.5063224, 1621533870.6530278]
[1621533869.4280584, 1621533870.508055]
[1621533870.204566, 1621533871.3525229]
[1621533869.0335102, 1621533870.2454786]
[1621533869.5622513, 1621533870.6504686]
[1621533870.3156745, 1621533871.452677]
[1621533869.324914, 1621533870.4322915]
[1621533869.0290523, 1621533870.1337676]
[1621533869.882449, 1621533870.9997325]
[1621533869.5131545, 1621533870.6402729]
[1621533869.6270769, 1621533870.7517042]
[1621533870.0750306, 1621533871.189762]
[1621533869.8962824, 1621533870.9829235]
[1621533870.2745938, 1621533871.4099193]
[1621533870.5726182, 1621533871.6937616]
[1621533869.711604, 1621533870.8258111]
[1621533870.706192, 1621533871.8678758]
[1621533869.8705637, 1621533870.9915013]
[1621533869.4364572, 1621533870.5561905]
[1621533870.1290958, 1621533871.3003156]
[1621533869.9053857, 1621533871.0195925]
[1621533869.5941274, 1621533870.74191]
[1621533869.885543, 1621533870.997139]
[1621533870.1805222, 1621533871.2789352]
[1621533870.3299878, 1621533871.4125063]
[1621533870.2296607, 1621533871.3395762]
[1621533870.018712, 1621533871.0942733]
[1621533870.1325953, 1621533871.210504]
[1621533870.2679513, 1621533871.404547]
[1621533870.0628848, 1621533871.1968417]
[1621533870.4229527, 1621533871.505463]
[1621533870.7895303, 1621533871.8716943]
[1621533870.441243, 1621533871.5631957]
[1621533870.0430374, 1621533871.1694229]
[1621533871.3754299, 1621533872.5110312]
[1621533870.8618462, 1621533872.0107327]
[1621533870.2066545, 1621533871.3240476]
[1621533870.7671354, 1621533871.927867]
[1621533870.4704604, 1621533871.5872636]
[1621533870.9964843, 1621533872.1137404]
[1621533870.9830332, 1621533872.0794296]
[1621533870.7615144, 1621533871.8914297]
[1621533870.9601977, 1621533872.1057754]
[1621533870.994742, 1621533872.074871]
[1621533870.6812842, 1621533871.7951396]
[1621533870.9038315, 1621533872.034717]
[1621533871.0953374, 1621533872.2062278]
[1621533871.3033392, 1621533872.4332578]
[1621533871.140507, 1621533872.256199]
[1621533871.2774143, 1621533872.408359]
[1621533871.253312, 1621533872.3420148]
[1621533871.1388063, 1621533872.2247133]
[1621533871.5904794, 1621533872.6651344]
[1621533871.3390377, 1621533872.4787683]
[1621533871.3002906, 1621533872.3904858]
[1621533870.9583495, 1621533872.0420887]
[1621533871.661786, 1621533872.7873037]
[1621533871.6119285, 1621533872.7243776]
[1621533871.6336868, 1621533872.7603931]
[1621533871.192562, 1621533872.3180614]
[1621533872.344069, 1621533873.4781866]
[1621533871.5171945, 1621533872.5980637]
[1621533871.3347547, 1621533872.4921227]
[1621533871.4905086, 1621533872.609204]
[1621533871.7397215, 1621533872.8549037]
[1621533871.9477572, 1621533873.1033146]
[1621533871.6925442, 1621533872.789132]
[1621533871.5734284, 1621533872.6758587]
[1621533871.7161887, 1621533872.8577578]
[1621533872.4044938, 1621533873.517567]
[1621533872.0497537, 1621533873.1229722]
[1621533872.2219243, 1621533873.3339455]
[1621533872.0158098, 1621533873.1252773]
[1621533872.1426997, 1621533873.2618434]
[1621533871.9529033, 1621533873.1161308]
[1621533871.8799613, 1621533872.9624102]
[1621533872.0455065, 1621533873.17195]
[1621533872.0769954, 1621533873.1994686]
[1621533871.9176512, 1621533873.0333374]
[1621533872.664244, 1621533873.7838912]
[1621533872.537447, 1621533873.672465]
[1621533872.87668, 1621533874.0003989]
[1621533872.5126886, 1621533873.628101]
[1621533872.4486303, 1621533873.5618694]
[1621533872.9099069, 1621533874.0230381]
[1621533872.8108325, 1621533873.9116485]
[1621533872.8219492, 1621533873.9672174]
[1621533872.7837076, 1621533873.911957]
[1621533872.6904192, 1621533873.8423595]
[1621533872.7420623, 1621533873.8573356]
[1621533873.6398501, 1621533874.758111]
[1621533873.1637235, 1621533874.2673552]
[1621533872.9193358, 1621533874.0008922]
[1621533873.1229296, 1621533874.2748725]
[1621533873.0339687, 1621533874.112297]
[1621533873.413121, 1621533874.5131383]
[1621533873.0730104, 1621533874.2315505]
[1621533873.5100582, 1621533874.6308672]
[1621533873.0570283, 1621533874.1934388]
[1621533873.7057261, 1621533874.8208363]
[1621533873.4748473, 1621533874.5522623]
[1621533873.4148152, 1621533874.5472565]
[1621533872.9164455, 1621533873.9966502]
[1621533873.3828678, 1621533874.5149708]
[1621533873.05424, 1621533874.170443]
[1621533873.2691326, 1621533874.3825214]
[1621533873.6446185, 1621533874.7475019]
[1621533874.4259753, 1621533875.542638]
[1621533873.8174021, 1621533874.9564273]
[1621533873.8311443, 1621533874.9181516]
[1621533873.9184394, 1621533875.0493052]
[1621533874.4901617, 1621533875.6102848]
[1621533873.3247745, 1621533874.4421701]
[1621533873.5709453, 1621533874.6942205]
[1621533873.4428852, 1621533874.5967815]
[1621533873.7510188, 1621533874.8305566]
[1621533873.6960595, 1621533874.8338017]
[1621533874.020244, 1621533875.1078775]
[1621533873.7993822, 1621533874.9161434]
[1621533873.8207736, 1621533874.8955169]
[1621533874.2384489, 1621533875.3748875]
[1621533874.7210004, 1621533875.8401232]
[1621533874.3743646, 1621533875.5386817]
[1621533874.2194118, 1621533875.373588]
[1621533874.2152297, 1621533875.3571272]
[1621533874.5234594, 1621533875.6601546]
[1621533874.551826, 1621533875.6311603]
[1621533874.5523314, 1621533875.6811023]
[1621533874.2716439, 1621533875.4046218]
[1621533874.6823301, 1621533875.836186]
[1621533874.8687177, 1621533875.9513328]
[1621533874.8817701, 1621533876.0029843]
[1621533874.8484826, 1621533875.988528]
[1621533874.6630123, 1621533875.7861245]
[1621533875.2917717, 1621533876.439084]
[1621533874.764281, 1621533875.8831022]
[1621533875.135052, 1621533876.2885401]
[1621533874.600375, 1621533875.6777997]
[1621533875.13539, 1621533876.2283955]
[1621533875.186524, 1621533876.2976904]
[1621533874.958244, 1621533876.0765142]
[1621533875.0773098, 1621533876.2031953]
[1621533874.7833116, 1621533875.8723302]
[1621533875.2291148, 1621533876.3060627]
[1621533875.6510582, 1621533876.7297802]
[1621533875.81412, 1621533876.9415128]
[1621533875.3887477, 1621533876.5253317]
[1621533875.22973, 1621533876.3534577]
[1621533875.7589438, 1621533876.837377]
[1621533874.9378731, 1621533876.025173]
[1621533875.964465, 1621533877.053183]
[1621533875.773955, 1621533876.9494238]
[1621533875.3372252, 1621533876.4426656]
[1621533875.5788546, 1621533876.695194]
[1621533875.7607105, 1621533876.8752592]
[1621533875.9517858, 1621533877.101559]
[1621533875.1828914, 1621533876.2671883]
[1621533875.1380956, 1621533876.2248662]
[1621533875.3910198, 1621533876.5052965]
[1621533875.36172, 1621533876.4775298]
[1621533875.9022667, 1621533877.0334108]
[1621533876.0565424, 1621533877.1347597]
[1621533876.109817, 1621533877.2278435]
[1621533875.8240778, 1621533876.929799]
[1621533875.9848676, 1621533877.1151426]
[1621533875.6502795, 1621533876.7438278]
[1621533875.856946, 1621533876.9932306]
[1621533875.9757097, 1621533877.1196334]
[1621533875.754374, 1621533876.8808327]
[1621533876.3396204, 1621533877.414193]
[1621533875.9666047, 1621533877.1030006]
[1621533876.8106663, 1621533877.889033]
[1621533876.4423006, 1621533877.5663445]
[1621533876.552117, 1621533877.683907]
[1621533876.4611259, 1621533877.5697846]
[1621533876.8562448, 1621533877.9486775]
[1621533875.950382, 1621533877.0892448]
[1621533876.3479908, 1621533877.4596248]
[1621533876.2992742, 1621533877.4308937]
[1621533876.1125143, 1621533877.2332518]
[1621533876.2070348, 1621533877.3461552]
[1621533876.5955315, 1621533877.7065194]
[1621533876.7805688, 1621533877.8637855]
[1621533877.3779578, 1621533878.520889]
[1621533876.5152657, 1621533877.6310244]
[1621533876.6963024, 1621533877.798913]
[1621533876.769837, 1621533877.9037156]
[1621533876.6951275, 1621533877.824336]
[1621533877.240402, 1621533878.3589914]
[1621533876.7174191, 1621533877.8363438]
[1621533877.0117304, 1621533878.1283357]
[1621533877.1223078, 1621533878.2541194]
[1621533877.117484, 1621533878.2550433]
[1621533877.4745395, 1621533878.5856214]
[1621533877.0949783, 1621533878.2002401]
[1621533877.0781267, 1621533878.1587207]
[1621533877.1023977, 1621533878.2724469]
[1621533877.5239425, 1621533878.648555]
[1621533877.7112637, 1621533878.8419542]
[1621533877.8074327, 1621533878.9075274]
[1621533877.1923006, 1621533878.3430164]
[1621533877.1872704, 1621533878.2966826]
[1621533877.3916721, 1621533878.489932]
[1621533877.089956, 1621533878.2039173]
[1621533877.2729821, 1621533878.4218965]
[1621533877.868495, 1621533878.9891794]
[1621533877.1393173, 1621533878.2292972]
[1621533877.8772252, 1621533879.0014694]
[1621533877.9532235, 1621533879.0441408]
[1621533877.8723986, 1621533878.950185]
[1621533877.2437067, 1621533878.3642328]
[1621533877.9922657, 1621533879.0638034]
[1621533878.2064173, 1621533879.3238585]
[1621533878.054661, 1621533879.1965456]
[1621533877.9297526, 1621533879.0400758]
[1621533878.0307262, 1621533879.1286008]
[1621533878.0129867, 1621533879.1546016]
[1621533877.8290126, 1621533878.949116]
[1621533878.1843164, 1621533879.2647622]
[1621533878.1337886, 1621533879.2452588]
[1621533878.820232, 1621533879.9636495]
[1621533878.4298615, 1621533879.55159]
[1621533879.0212486, 1621533880.153598]
[1621533878.1136, 1621533879.243483]
[1621533879.0757387, 1621533880.151757]
[1621533878.1065075, 1621533879.1848857]
[1621533879.4504685, 1621533880.630228]
[1621533878.5765877, 1621533879.695497]
[1621533878.7083578, 1621533879.831217]
[1621533879.1816168, 1621533880.2966573]
[1621533878.361023, 1621533879.512985]
[1621533878.2878978, 1621533879.4445927]
[1621533878.6066477, 1621533879.71421]
[1621533879.5347686, 1621533880.6175632]
[1621533878.5390382, 1621533879.6883378]
[1621533879.1427052, 1621533880.2547126]
[1621533879.055894, 1621533880.1349173]
[1621533878.9015412, 1621533880.0362363]
[1621533879.1011405, 1621533880.22909]
[1621533879.7148125, 1621533880.8023887]
[1621533879.6992712, 1621533880.8034906]
[1621533879.616264, 1621533880.7047236]
[1621533879.4757588, 1621533880.6067355]
[1621533879.6718938, 1621533880.800867]
[1621533879.570879, 1621533880.6967084]
[1621533879.107957, 1621533880.1926723]
[1621533879.088981, 1621533880.1946476]
[1621533879.4686081, 1621533880.5875082]
[1621533879.5877683, 1621533880.7072873]
[1621533879.3228483, 1621533880.4405177]
[1621533879.1097224, 1621533880.2203524]
[1621533879.932989, 1621533881.062494]
[1621533879.26275, 1621533880.378429]
[1621533879.2359152, 1621533880.3555758]
[1621533879.4839575, 1621533880.5637217]
[1621533879.9981592, 1621533881.1062376]
[1621533879.5314214, 1621533880.6894093]
[1621533879.7153447, 1621533880.8339646]
[1621533880.2853513, 1621533881.3904793]
[1621533879.6290708, 1621533880.7668176]
[1621533880.0754151, 1621533881.2097204]
[1621533880.0339346, 1621533881.1396039]
[1621533879.9815893, 1621533881.1242096]
[1621533879.7503986, 1621533880.8628187]
[1621533879.9725327, 1621533881.0988803]
[1621533879.7041895, 1621533880.8323834]
[1621533880.6901484, 1621533881.830181]
[1621533879.7009134, 1621533880.8404408]
[1621533880.449618, 1621533881.5309267]
[1621533880.479598, 1621533881.60175]
[1621533879.8502622, 1621533880.9862063]
[1621533880.1792653, 1621533881.3247218]
[1621533880.3916495, 1621533881.4975104]
[1621533879.9262602, 1621533881.0040765]
[1621533879.963063, 1621533881.0482364]
[1621533881.3730233, 1621533882.4469194]
[1621533880.146362, 1621533881.2286131]
[1621533880.1952896, 1621533881.2688932]
[1621533881.1848707, 1621533882.295046]
[1621533880.7911923, 1621533881.955473]
[1621533880.7174928, 1621533881.8305395]
[1621533880.3491313, 1621533881.4690518]
[1621533880.6799412, 1621533881.802321]
[1621533881.020765, 1621533882.113775]
[1621533881.0687463, 1621533882.2234175]
[1621533881.356503, 1621533882.4771347]
[1621533880.9804323, 1621533882.1156256]
[1621533881.5280077, 1621533882.6377773]
[1621533881.820366, 1621533882.9812737]
[1621533880.8679123, 1621533881.9866054]
[1621533882.0028324, 1621533883.1281817]
[1621533880.6392167, 1621533881.7991035]
[1621533881.767679, 1621533882.9033391]
[1621533880.7992246, 1621533881.9225907]
[1621533880.654356, 1621533881.73283]
[1621533880.797509, 1621533881.8750417]
[1621533881.4349055, 1621533882.5417511]
[1621533880.2977533, 1621533881.4410467]
[1621533881.696308, 1621533882.7886055]
[1621533881.6707006, 1621533882.7899373]
[1621533881.7708333, 1621533882.906433]
[1621533881.9465594, 1621533883.0808306]
[1621533881.5884218, 1621533882.6823373]
[1621533882.1508753, 1621533883.2279441]
[1621533881.9198341, 1621533883.0168087]
[1621533881.8282897, 1621533882.9823494]
[1621533881.6425996, 1621533882.7870195]
[1621533881.6443946, 1621533882.76574]
[1621533882.0325189, 1621533883.1740873]
[1621533881.737575, 1621533882.8238232]
[1621533881.776231, 1621533882.8597338]
[1621533882.040941, 1621533883.1617544]
[1621533882.0996196, 1621533883.2028182]
[1621533882.0668328, 1621533883.1833723]
[1621533882.0234842, 1621533883.1613429]
[1621533881.8714187, 1621533883.0102677]
[1621533882.04174, 1621533883.1406279]
[1621533882.1331356, 1621533883.2725575]
[1621533882.0426145, 1621533883.1727095]
[1621533882.2738762, 1621533883.401601]
[1621533882.2923825, 1621533883.4509413]
[1621533882.7490258, 1621533883.8578866]
[1621533882.4582012, 1621533883.5279253]
[1621533882.6203132, 1621533883.70412]
[1621533882.2892318, 1621533883.4104307]
[1621533882.52497, 1621533883.6161351]
[1621533882.3316405, 1621533883.4887452]
[1621533882.4354377, 1621533883.54555]
[1621533882.3131363, 1621533883.4209216]
[1621533882.8732593, 1621533883.9608788]
[1621533882.6916635, 1621533883.7716596]
[1621533882.6262052, 1621533883.7368224]
[1621533882.877946, 1621533883.968252]
[1621533882.5025005, 1621533883.648108]
[1621533882.878371, 1621533883.9943895]
[1621533882.3215811, 1621533883.457946]
[1621533882.902087, 1621533883.9822047]
[1621533882.9506643, 1621533884.0856612]
[1621533883.001086, 1621533884.1789975]
[1621533882.4000757, 1621533883.4756262]
[1621533882.7505825, 1621533883.8727489]
[1621533882.5769014, 1621533883.680147]
[1621533882.7687933, 1621533883.891584]
[1621533883.3873646, 1621533884.502795]
[1621533882.7739317, 1621533883.9226696]
[1621533883.1959043, 1621533884.3068302]
[1621533883.2364957, 1621533884.3179634]
[1621533883.846892, 1621533884.9611332]
[1621533883.1355233, 1621533884.2476985]
[1621533883.7095783, 1621533884.819679]
[1621533883.2901428, 1621533884.425162]
[1621533883.9065444, 1621533885.023828]
[1621533883.1822062, 1621533884.3011868]
[1621533883.5004847, 1621533884.6705406]
[1621533883.4570527, 1621533884.5666971]
[1621533883.7003572, 1621533884.8239815]
[1621533883.4428177, 1621533884.549601]
[1621533883.8093493, 1621533884.882465]
[1621533883.5803418, 1621533884.7019715]
[1621533884.0855181, 1621533885.1660144]
[1621533884.377628, 1621533885.4930434]
[1621533883.9928887, 1621533885.0700293]
[1621533883.8737795, 1621533884.982678]
[1621533884.4908724, 1621533885.601216]
[1621533884.6687524, 1621533885.750675]
[1621533884.5287828, 1621533885.6292052]
[1621533883.6874154, 1621533884.7936375]
[1621533885.1250284, 1621533886.2752206]
[1621533884.0993607, 1621533885.2388241]
[1621533884.5932252, 1621533885.6835196]
[1621533884.36071, 1621533885.4657526]
[1621533884.484937, 1621533885.620541]
[1621533884.8959532, 1621533885.9988372]
[1621533884.7106445, 1621533885.8253474]
[1621533884.3779917, 1621533885.4922445]
[1621533884.2651894, 1621533885.3756979]
[1621533884.650964, 1621533885.7942746]
[1621533884.3945544, 1621533885.5447412]
[1621533884.0044818, 1621533885.1265945]
[1621533884.1244223, 1621533885.2031393]
[1621533885.0649443, 1621533886.1820214]
[1621533885.145897, 1621533886.2601485]
[1621533884.7158833, 1621533885.869688]
[1621533885.4228024, 1621533886.5113778]
[1621533884.5311153, 1621533885.6543417]
[1621533885.3544776, 1621533886.476621]
[1621533885.1597607, 1621533886.2903152]
[1621533885.2774806, 1621533886.399026]
[1621533884.7967598, 1621533885.8717086]
[1621533884.8989866, 1621533886.0267074]
[1621533884.778645, 1621533885.8620188]
[1621533885.29645, 1621533886.4347444]
[1621533885.885088, 1621533887.0434124]
[1621533885.232987, 1621533886.3622017]
[1621533885.1475334, 1621533886.2633822]
[1621533884.916177, 1621533886.0185287]
[1621533884.9696767, 1621533886.0921376]
[1621533885.347718, 1621533886.437586]
[1621533884.9093707, 1621533886.0200455]
[1621533885.4287057, 1621533886.5952504]
[1621533885.2125056, 1621533886.286845]
[1621533885.0158894, 1621533886.133635]
[1621533885.0929818, 1621533886.1787744]
[1621533885.1746755, 1621533886.2584703]
[1621533885.4592762, 1621533886.5902677]
[1621533885.5311186, 1621533886.653187]
[1621533885.4344351, 1621533886.561433]
[1621533885.3980832, 1621533886.5084472]
[1621533885.2704759, 1621533886.3995662]
[1621533886.2454326, 1621533887.329852]
[1621533885.7823415, 1621533886.8689818]
[1621533886.273094, 1621533887.3785822]
[1621533885.915238, 1621533886.9994545]
[1621533885.7876654, 1621533886.9191792]
[1621533885.8758492, 1621533886.9517293]
[1621533886.4906197, 1621533887.621483]
[1621533886.450919, 1621533887.5610905]
[1621533885.9974926, 1621533887.1432912]
[1621533885.7941802, 1621533886.9127743]
[1621533886.7430696, 1621533887.8577533]
[1621533886.8624308, 1621533887.982982]
[1621533887.0409539, 1621533888.1190155]
[1621533886.7632282, 1621533887.8953516]
[1621533887.0988295, 1621533888.2402115]
[1621533886.6158826, 1621533887.752967]
[1621533886.1826553, 1621533887.2924774]
[1621533887.5847356, 1621533888.7173402]
[1621533886.973522, 1621533888.0490854]
[1621533886.293017, 1621533887.373954]
[1621533886.9360666, 1621533888.0259411]
[1621533887.1385005, 1621533888.268607]
[1621533886.22666, 1621533887.3420534]
[1621533886.8085392, 1621533887.933853]
[1621533886.8108597, 1621533887.9060822]
[1621533887.4465888, 1621533888.544432]
[1621533887.1454244, 1621533888.2714505]
[1621533887.0920985, 1621533888.245692]
[1621533886.8823628, 1621533887.9618907]
[1621533887.2623937, 1621533888.3460262]
[1621533887.6050656, 1621533888.7806268]
[1621533887.1870263, 1621533888.3179047]
[1621533887.078769, 1621533888.2446158]
[1621533887.1000097, 1621533888.2213297]
[1621533887.548246, 1621533888.6391647]
[1621533887.357116, 1621533888.4825037]
[1621533887.1850512, 1621533888.301618]
[1621533887.2516475, 1621533888.370145]
[1621533887.6250184, 1621533888.7348392]
[1621533887.9362693, 1621533889.0371077]
[1621533887.705347, 1621533888.7832441]
[1621533887.1194718, 1621533888.2416835]
[1621533887.6173074, 1621533888.7426364]
[1621533887.340416, 1621533888.4172204]
[1621533887.6810606, 1621533888.8413646]
[1621533887.578975, 1621533888.69179]
[1621533887.575844, 1621533888.6677701]
[1621533887.7768104, 1621533888.8926845]
[1621533888.0791297, 1621533889.155932]
[1621533887.830894, 1621533888.9377172]
[1621533887.7450323, 1621533888.8511634]
[1621533888.2001219, 1621533889.3398046]
[1621533887.9967253, 1621533889.106352]
[1621533888.0843039, 1621533889.218948]
[1621533888.288526, 1621533889.4177237]
[1621533888.7941475, 1621533889.8902056]
[1621533888.2099671, 1621533889.3481774]
[1621533888.5127082, 1621533889.596173]
[1621533888.4934306, 1621533889.6114347]
[1621533888.610877, 1621533889.7201924]
[1621533888.1569104, 1621533889.2976367]
[1621533888.093818, 1621533889.1750407]
[1621533888.4320195, 1621533889.510337]
[1621533888.5955043, 1621533889.7295854]
[1621533888.5639994, 1621533889.6692708]
[1621533888.203191, 1621533889.3319864]
[1621533888.2713761, 1621533889.402846]
[1621533889.194907, 1621533890.280731]
[1621533888.2793021, 1621533889.429602]
[1621533888.1345017, 1621533889.2115183]
[1621533888.7468417, 1621533889.9017053]
[1621533888.395108, 1621533889.5189273]
[1621533889.0477505, 1621533890.165056]
[1621533889.0413237, 1621533890.1360588]
[1621533889.2717943, 1621533890.389035]
[1621533888.72167, 1621533889.8518763]
[1621533888.630574, 1621533889.7985141]
[1621533888.877838, 1621533889.9832742]
[1621533888.695433, 1621533889.7914531]
[1621533888.665023, 1621533889.8287292]
[1621533889.8390934, 1621533890.942173]
[1621533888.7722683, 1621533889.8864164]
[1621533889.151408, 1621533890.26359]
[1621533889.804727, 1621533890.9623146]
[1621533888.9076087, 1621533890.0246646]
[1621533889.5571098, 1621533890.67473]
[1621533889.647605, 1621533890.7683103]
[1621533889.6668267, 1621533890.7470608]
[1621533889.3136125, 1621533890.439998]
[1621533889.7808366, 1621533890.9117458]
[1621533890.1431134, 1621533891.2299583]
[1621533889.4684334, 1621533890.5973113]
[1621533889.3509479, 1621533890.4746184]
[1621533890.2709184, 1621533891.3772023]
[1621533889.345802, 1621533890.479997]
[1621533890.0074859, 1621533891.1199505]
[1621533890.5689597, 1621533891.6853013]
[1621533890.337645, 1621533891.418785]
[1621533890.319123, 1621533891.410467]
[1621533890.3543813, 1621533891.4928412]
[1621533889.938736, 1621533891.0168552]
[1621533890.1826463, 1621533891.290957]
[1621533889.722136, 1621533890.8381724]
[1621533890.6342978, 1621533891.7642448]
[1621533889.9182718, 1621533891.0574682]
[1621533889.7301016, 1621533890.8441653]
[1621533890.163503, 1621533891.2842412]
[1621533890.2170477, 1621533891.342458]
[1621533890.3210976, 1621533891.4206498]
[1621533889.9716325, 1621533891.1057324]
[1621533890.6961875, 1621533891.812286]
[1621533890.3532033, 1621533891.4923246]
[1621533890.7192636, 1621533891.7940764]
[1621533890.4242258, 1621533891.5491047]
[1621533890.3502958, 1621533891.4746165]
[1621533890.503776, 1621533891.6348357]
[1621533891.0939958, 1621533892.202926]
[1621533891.2640467, 1621533892.3763883]
[1621533890.8427842, 1621533891.9550633]
[1621533890.8211913, 1621533891.9477265]
[1621533890.7188685, 1621533891.850179]
[1621533891.0933902, 1621533892.235265]
[1621533891.034426, 1621533892.1257527]
[1621533890.8197098, 1621533891.9429467]
[1621533891.045778, 1621533892.234455]
[1621533890.9099786, 1621533892.0359702]
[1621533890.4732018, 1621533891.5990589]
[1621533890.8605769, 1621533892.0032852]
[1621533890.6469796, 1621533891.719689]
[1621533891.2610564, 1621533892.3705168]
[1621533891.361471, 1621533892.5209851]
[1621533891.165501, 1621533892.2742274]
[1621533890.909358, 1621533892.0143354]
[1621533891.4487312, 1621533892.5355265]
[1621533890.9335778, 1621533892.0709217]
[1621533890.7706542, 1621533891.8791263]
[1621533891.091869, 1621533892.2134101]
[1621533891.3157287, 1621533892.4310544]
[1621533891.2912586, 1621533892.4118283]
[1621533891.3482091, 1621533892.4741275]
[1621533891.7292023, 1621533892.8324397]
[1621533891.339831, 1621533892.4579616]
[1621533891.6994548, 1621533892.8232386]
[1621533891.9358914, 1621533893.0151095]
[1621533892.224127, 1621533893.3284104]
[1621533891.63119, 1621533892.7705362]
[1621533891.9488058, 1621533893.0736558]
[1621533892.063564, 1621533893.2053533]
[1621533891.176388, 1621533892.2930202]
[1621533891.8063283, 1621533892.879828]
[1621533891.9606373, 1621533893.074779]
[1621533891.9740567, 1621533893.0900905]
[1621533892.1347153, 1621533893.238741]
[1621533891.6725945, 1621533892.8067539]
[1621533892.2068024, 1621533893.332879]
[1621533891.6343503, 1621533892.742821]
[1621533891.8612065, 1621533892.9866621]
[1621533891.8126137, 1621533892.941658]
[1621533892.2759597, 1621533893.4136674]
[1621533892.2863433, 1621533893.3923745]
[1621533892.5187821, 1621533893.671193]
[1621533891.9749653, 1621533893.1187644]
[1621533892.108386, 1621533893.259293]
[1621533892.2430127, 1621533893.3868442]
[1621533892.4227016, 1621533893.5743513]
[1621533892.4521074, 1621533893.549717]
[1621533892.7547843, 1621533893.858485]
[1621533891.7070296, 1621533892.8499303]
[1621533892.6319435, 1621533893.7920365]
[1621533893.239466, 1621533894.345947]
[1621533892.6686275, 1621533893.8165283]
[1621533892.6369069, 1621533893.8136752]
[1621533892.4130533, 1621533893.5613813]
[1621533892.657464, 1621533893.7428503]
[1621533892.3354907, 1621533893.448597]
[1621533893.14706, 1621533894.2993648]
[1621533892.716235, 1621533893.8272781]
[1621533893.0571306, 1621533894.1798065]
[1621533892.8310742, 1621533893.9417703]
[1621533893.037018, 1621533894.116841]
[1621533892.6123867, 1621533893.706746]
[1621533893.2599013, 1621533894.3456166]
[1621533893.120151, 1621533894.2389183]
[1621533893.294257, 1621533894.42976]
[1621533893.8124008, 1621533894.963664]
[1621533892.7137327, 1621533893.836612]
[1621533893.4208424, 1621533894.5632439]
[1621533893.6570685, 1621533894.7668848]
[1621533893.458456, 1621533894.58302]
[1621533893.590167, 1621533894.7070506]
[1621533893.4001098, 1621533894.512462]
[1621533893.4459276, 1621533894.5348268]
[1621533893.7263582, 1621533894.801536]
[1621533893.232487, 1621533894.3560886]
[1621533893.6917033, 1621533894.8152812]
[1621533893.6999288, 1621533894.8312044]
[1621533893.5766447, 1621533894.6986637]
[1621533893.6735644, 1621533894.7807775]
[1621533893.6773565, 1621533894.7927537]
[1621533893.7890995, 1621533894.9101946]
[1621533893.7614124, 1621533894.8357394]
[1621533893.7255707, 1621533894.816576]
[1621533893.924276, 1621533895.0289872]
[1621533893.7539294, 1621533894.8908365]
[1621533893.7470899, 1621533894.8264852]
[1621533893.7743232, 1621533894.9089541]
[1621533894.0068672, 1621533895.1349895]
[1621533893.5988173, 1621533894.699577]
[1621533894.1510832, 1621533895.2736757]
[1621533894.097174, 1621533895.233881]
[1621533894.1344578, 1621533895.217839]
[1621533893.8397083, 1621533894.9518304]
[1621533894.4763877, 1621533895.6255944]
[1621533893.956879, 1621533895.1027396]
[1621533894.0559165, 1621533895.1992116]
[1621533894.719794, 1621533895.8331728]
[1621533894.653417, 1621533895.7638707]
[1621533894.9181545, 1621533896.0410292]
[1621533894.4805646, 1621533895.6011178]
[1621533894.8328514, 1621533895.9166536]
[1621533894.9463308, 1621533896.1039479]
[1621533895.226484, 1621533896.3066638]
[1621533895.5053072, 1621533896.6365714]
[1621533895.0276048, 1621533896.1796274]
[1621533894.8489552, 1621533895.9219248]
[1621533894.9407194, 1621533896.0751486]
[1621533895.4947286, 1621533896.572181]
[1621533894.723352, 1621533895.8250563]
[1621533895.4399378, 1621533896.5259485]
[1621533894.6770632, 1621533895.8130462]
[1621533895.0904164, 1621533896.1839747]
[1621533895.1172442, 1621533896.2371051]
[1621533894.6933963, 1621533895.7793345]
[1621533895.18424, 1621533896.3272338]
[1621533895.3658066, 1621533896.5013473]
[1621533895.3407824, 1621533896.462655]
[1621533895.6559513, 1621533896.8231115]
[1621533895.2440166, 1621533896.3573678]
[1621533895.8488002, 1621533896.9745164]
[1621533895.3303168, 1621533896.487795]
[1621533895.518146, 1621533896.6207972]
[1621533896.2515352, 1621533897.3637135]
[1621533895.30653, 1621533896.4279337]
[1621533895.5226805, 1621533896.6744232]
[1621533895.479306, 1621533896.5988991]
[1621533895.5036519, 1621533896.6185856]
[1621533895.812021, 1621533896.887504]
[1621533895.762132, 1621533896.846848]
[1621533896.2387502, 1621533897.3541868]
[1621533895.682451, 1621533896.7939992]
[1621533895.6286073, 1621533896.7695458]
[1621533895.7289786, 1621533896.880252]
[1621533895.899816, 1621533897.0426288]
[1621533895.881096, 1621533896.9747665]
[1621533895.9436924, 1621533897.0257509]
[1621533896.368152, 1621533897.5034301]
[1621533896.3469782, 1621533897.4916985]
[1621533896.3151047, 1621533897.399184]
[1621533896.302742, 1621533897.4395325]
[1621533896.5520546, 1621533897.6428275]
[1621533896.5654392, 1621533897.7030458]
[1621533897.0069635, 1621533898.117628]
[1621533896.079385, 1621533897.226304]
[1621533896.297053, 1621533897.442709]
[1621533897.0080962, 1621533898.1323402]
[1621533896.9750557, 1621533898.0566032]
[1621533897.0461948, 1621533898.1846979]
[1621533896.8427963, 1621533897.949148]
[1621533896.0973263, 1621533897.2410166]
[1621533896.8417413, 1621533897.9976678]
[1621533896.7475002, 1621533897.9088326]
[1621533897.1643624, 1621533898.2792537]
[1621533896.9350328, 1621533898.0438817]
[1621533897.2106197, 1621533898.3317149]
[1621533897.1175625, 1621533898.2258132]
[1621533897.5797849, 1621533898.7186728]
[1621533897.0918307, 1621533898.1793566]
[1621533897.393145, 1621533898.489103]
[1621533896.7532732, 1621533897.8845649]
[1621533896.9788685, 1621533898.097142]
[1621533896.9353054, 1621533898.0223777]
[1621533897.6012514, 1621533898.686462]
[1621533897.5762203, 1621533898.7480927]
[1621533897.6147048, 1621533898.7387505]
[1621533897.7051823, 1621533898.8606577]
[1621533897.6616921, 1621533898.746193]
[1621533897.4480276, 1621533898.5985374]
[1621533897.609109, 1621533898.7482977]
[1621533898.0263913, 1621533899.2235692]
[1621533897.7912953, 1621533898.934223]
[1621533897.994119, 1621533899.100305]
[1621533897.7828345, 1621533898.8985906]
[1621533897.3761425, 1621533898.5004776]
[1621533897.8622432, 1621533898.9510577]
[1621533897.5131352, 1621533898.6257823]
[1621533897.6851866, 1621533898.7588577]
[1621533898.2187674, 1621533899.3554475]
[1621533898.4114015, 1621533899.5441644]
[1621533897.8963728, 1621533899.0194707]
[1621533898.0152225, 1621533899.1481833]
[1621533898.2420263, 1621533899.3475366]
[1621533898.080965, 1621533899.1951253]
[1621533897.749777, 1621533898.8984728]
[1621533898.092681, 1621533899.2027533]
[1621533897.879151, 1621533898.9960527]
[1621533899.0713937, 1621533900.2103782]
[1621533898.381998, 1621533899.4822145]
[1621533898.1873407, 1621533899.2651317]
[1621533898.349028, 1621533899.4687746]
[1621533898.2605634, 1621533899.378254]
[1621533898.1905472, 1621533899.3177078]
[1621533898.2481928, 1621533899.371294]
[1621533898.382608, 1621533899.5122716]
[1621533898.393948, 1621533899.5097039]
[1621533898.3264742, 1621533899.4382956]
[1621533898.4973848, 1621533899.6180925]
[1621533898.5844696, 1621533899.7014968]
[1621533898.9958673, 1621533900.1312475]
[1621533898.638951, 1621533899.7573519]
[1621533899.032462, 1621533900.1304996]
[1621533898.6229746, 1621533899.7822554]
[1621533898.843766, 1621533899.9184651]
[1621533898.7405357, 1621533899.8873937]
[1621533899.001847, 1621533900.1148617]
[1621533899.4070525, 1621533900.5496082]
[1621533898.98326, 1621533900.097566]
[1621533899.0546782, 1621533900.174612]
[1621533899.269171, 1621533900.3797696]
[1621533898.981266, 1621533900.0960643]
[1621533899.0807335, 1621533900.16644]
[1621533899.3168802, 1621533900.4493856]
[1621533899.3585114, 1621533900.4682217]
[1621533899.2908747, 1621533900.384043]
[1621533899.6829169, 1621533900.815789]
[1621533898.975494, 1621533900.0559018]
[1621533899.2558007, 1621533900.431816]
[1621533899.6727629, 1621533900.7871938]
[1621533899.4921105, 1621533900.5776978]
[1621533899.0353823, 1621533900.2086456]
[1621533899.6595917, 1621533900.7575324]
[1621533899.8859634, 1621533901.0263638]
[1621533899.611061, 1621533900.7279778]
[1621533899.4115949, 1621533900.5272424]
[1621533899.600505, 1621533900.7252111]
[1621533899.597124, 1621533900.722391]
[1621533899.759714, 1621533900.8956487]
[1621533899.7564802, 1621533900.873474]
[1621533900.2952247, 1621533901.443138]
[1621533900.2164834, 1621533901.35329]
[1621533900.4577181, 1621533901.5885363]
[1621533899.290011, 1621533900.368676]
[1621533900.1911004, 1621533901.323695]
[1621533900.3711276, 1621533901.5022068]
[1621533900.4055367, 1621533901.5191805]
[1621533900.3719122, 1621533901.4967535]
[1621533900.6145616, 1621533901.7323544]
[1621533900.330055, 1621533901.4141457]
[1621533900.45346, 1621533901.6330051]
[1621533900.7864385, 1621533901.9004843]
[1621533900.1339583, 1621533901.2410033]
[1621533900.3923492, 1621533901.4715235]
[1621533900.6360953, 1621533901.7201874]
[1621533900.5699284, 1621533901.7543108]
[1621533900.7464213, 1621533901.862525]
[1621533900.563821, 1621533901.68416]
[1621533900.8914554, 1621533902.0121956]
[1621533900.7280712, 1621533901.8560765]
[1621533900.9787657, 1621533902.1241724]
[1621533901.3728323, 1621533902.5102966]
[1621533901.0346096, 1621533902.1884277]
[1621533900.5884578, 1621533901.6649456]
[1621533900.881214, 1621533902.0096877]
[1621533900.9734066, 1621533902.1143045]
[1621533901.1336267, 1621533902.2576528]
[1621533900.6497636, 1621533901.7690337]
[1621533901.6515965, 1621533902.8217926]
[1621533901.2252004, 1621533902.362148]
[1621533901.0895574, 1621533902.2192745]
[1621533902.0353172, 1621533903.1603894]
[1621533901.7710338, 1621533902.900689]
[1621533901.2842965, 1621533902.409115]
[1621533901.5526016, 1621533902.6834428]
[1621533901.256402, 1621533902.3762121]
[1621533901.206653, 1621533902.3403957]
[1621533901.2864468, 1621533902.4085286]
[1621533901.1603239, 1621533902.2533128]
[1621533901.1749747, 1621533902.2491653]
[1621533901.7461953, 1621533902.8602161]
[1621533901.928656, 1621533903.0594373]
[1621533902.1154108, 1621533903.2014818]
[1621533902.0547035, 1621533903.181881]
[1621533902.1373165, 1621533903.2819607]
[1621533902.430769, 1621533903.5451093]
[1621533902.0776925, 1621533903.2947872]
[1621533902.3031058, 1621533903.3808494]
[1621533902.5643506, 1621533903.7317677]
[1621533901.8591423, 1621533902.9708347]
[1621533902.3358524, 1621533903.4221532]
[1621533901.7041407, 1621533902.8305433]
[1621533902.1125894, 1621533903.2917953]
[1621533902.0933535, 1621533903.2337105]
[1621533902.1783826, 1621533903.3299248]
[1621533901.7326715, 1621533902.811679]
[1621533901.9266539, 1621533903.0418801]
[1621533901.7376664, 1621533902.8290036]
[1621533902.0227726, 1621533903.1578903]
[1621533902.1888645, 1621533903.358023]
[1621533902.3948102, 1621533903.508746]
[1621533902.3666854, 1621533903.4900076]
[1621533902.157456, 1621533903.3196301]
[1621533902.6629703, 1621533903.7761905]
[1621533902.1829762, 1621533903.2696729]
[1621533902.401637, 1621533903.4799154]
[1621533902.2774441, 1621533903.4196298]
[1621533902.2278972, 1621533903.3529701]
[1621533902.2807732, 1621533903.374059]
[1621533902.3126552, 1621533903.5394082]
[1621533902.35152, 1621533903.4897974]
[1621533902.3305223, 1621533903.4112077]
[1621533902.9743965, 1621533904.1082613]
[1621533902.3287013, 1621533903.461887]
[1621533903.075883, 1621533904.204089]
[1621533902.9801672, 1621533904.0957263]
[1621533903.0050573, 1621533904.1659966]
[1621533902.7157984, 1621533903.873257]
[1621533903.2811513, 1621533904.382168]
[1621533902.9140859, 1621533904.0703666]
[1621533902.866498, 1621533903.987007]
[1621533903.3247976, 1621533904.4615192]
[1621533903.33327, 1621533904.5456]
[1621533903.596162, 1621533904.7190435]
[1621533902.8431125, 1621533903.9989245]
[1621533902.8826952, 1621533903.9834669]
[1621533903.1527452, 1621533904.2629764]
[1621533903.6394753, 1621533904.783925]
[1621533903.0588574, 1621533904.1760488]
[1621533903.6046724, 1621533904.758443]
[1621533903.9962156, 1621533905.1169834]
[1621533903.7363825, 1621533904.8627539]
[1621533903.6600869, 1621533904.776973]
[1621533903.7730434, 1621533904.9033897]
[1621533903.7747781, 1621533904.8717377]
[1621533903.40882, 1621533904.4885337]
[1621533903.8197625, 1621533904.962204]
[1621533903.9795277, 1621533905.0585747]
[1621533903.6190016, 1621533904.7345498]
[1621533903.7320378, 1621533904.8194103]
[1621533903.9497514, 1621533905.0793264]
[1621533903.8104174, 1621533904.9175923]
[1621533904.0189672, 1621533905.147216]
[1621533904.1063035, 1621533905.2220428]
[1621533903.3910031, 1621533904.464903]
[1621533904.0134294, 1621533905.1444397]
[1621533903.9927561, 1621533905.070789]
[1621533904.245737, 1621533905.378004]
[1621533904.2102864, 1621533905.3362732]
[1621533904.4043407, 1621533905.4873297]
[1621533904.171304, 1621533905.257565]
[1621533904.130518, 1621533905.264037]
[1621533904.2207015, 1621533905.333243]
[1621533904.5009315, 1621533905.6045876]
[1621533904.579033, 1621533905.7018778]
[1621533904.2392156, 1621533905.3776243]
[1621533904.915575, 1621533906.0485075]
[1621533904.75877, 1621533905.8656905]
[1621533904.3068142, 1621533905.4591787]
[1621533904.457006, 1621533905.5753806]
[1621533904.516698, 1621533905.5943935]
[1621533904.786258, 1621533905.9030259]
[1621533904.2836602, 1621533905.4278655]
[1621533904.6617818, 1621533905.8053243]
[1621533904.4043627, 1621533905.584235]
[1621533904.7305539, 1621533905.8454409]
[1621533904.775764, 1621533905.952883]
[1621533904.8940864, 1621533905.973324]
[1621533904.6559005, 1621533905.782614]
[1621533905.121223, 1621533906.222749]
[1621533905.5071294, 1621533906.5992508]
[1621533905.1166704, 1621533906.2459745]
[1621533905.6930482, 1621533906.7791884]
[1621533905.072905, 1621533906.1647458]
[1621533904.982292, 1621533906.1022122]
[1621533905.4422212, 1621533906.5590472]
[1621533905.3939545, 1621533906.5377176]
[1621533905.367389, 1621533906.5275807]
[1621533905.185738, 1621533906.3124595]
[1621533905.468304, 1621533906.6313732]
[1621533905.4043922, 1621533906.5757086]
[1621533905.7246435, 1621533906.79834]
[1621533905.7246423, 1621533906.8611917]
[1621533905.4539747, 1621533906.5821748]
[1621533905.7885716, 1621533906.9128187]
[1621533905.2006774, 1621533906.323482]
[1621533905.8145165, 1621533906.9499497]
[1621533906.279813, 1621533907.4008567]
[1621533905.5565245, 1621533906.7039194]
[1621533906.1271083, 1621533907.2462432]
[1621533905.7347066, 1621533906.8412552]
[1621533906.141586, 1621533907.32043]
[1621533905.7896621, 1621533906.9049292]
[1621533906.204705, 1621533907.2853594]
[1621533906.6081235, 1621533907.704681]
[1621533905.9331572, 1621533907.054341]
[1621533905.8306367, 1621533906.908971]
[1621533906.7305331, 1621533907.8727396]
[1621533906.6539006, 1621533907.8069854]
[1621533906.4777782, 1621533907.5992432]
[1621533906.2379043, 1621533907.3456748]
[1621533906.786724, 1621533907.867575]
[1621533907.1260145, 1621533908.2704434]
[1621533906.4906828, 1621533907.677884]
[1621533906.7293544, 1621533908.0670044]
[1621533906.3928216, 1621533907.5295715]
[1621533906.9724362, 1621533908.1047978]
[1621533906.9076388, 1621533908.0453234]
[1621533906.936329, 1621533908.0756536]
[1621533906.691656, 1621533907.9357386]
[1621533907.1033225, 1621533908.2238803]
[1621533906.712004, 1621533907.8447003]
[1621533907.1813066, 1621533908.3033469]
[1621533906.738968, 1621533907.8544095]
[1621533906.2874289, 1621533907.3681767]
[1621533906.6530473, 1621533907.7711043]
[1621533906.5666974, 1621533907.6799839]
[1621533906.8343139, 1621533907.909127]
[1621533907.0814352, 1621533908.2080028]
[1621533907.4475965, 1621533908.5295172]
[1621533907.4260654, 1621533908.5506508]
[1621533906.9863496, 1621533908.0682898]
[1621533907.3891184, 1621533908.4711971]
[1621533907.2706294, 1621533908.409354]
[1621533907.6515403, 1621533908.7755134]
[1621533907.3412116, 1621533908.4737198]
[1621533907.9883723, 1621533909.098135]
[1621533907.2501016, 1621533908.3644848]
[1621533907.4375486, 1621533908.5586402]
[1621533907.488184, 1621533908.5790958]
[1621533907.5140514, 1621533908.6270974]
[1621533907.630537, 1621533908.7591825]
[1621533907.8890214, 1621533908.972392]
[1621533907.7838645, 1621533908.899822]
[1621533907.761205, 1621533908.8760092]
[1621533908.1447868, 1621533909.2268255]
[1621533907.53122, 1621533908.6629558]
[1621533907.832454, 1621533908.9772537]
[1621533907.8048365, 1621533908.9545307]
[1621533907.9797084, 1621533909.2572792]
[1621533908.073344, 1621533909.2116687]
[1621533907.7367842, 1621533908.8471487]
[1621533907.885038, 1621533908.9985542]
[1621533908.1004913, 1621533909.229041]
[1621533907.9342332, 1621533909.018899]
[1621533908.295007, 1621533909.473171]
[1621533908.4657042, 1621533909.6017485]
[1621533908.2886581, 1621533909.4005244]
[1621533908.4758844, 1621533909.6133323]
[1621533908.3144758, 1621533909.434857]
[1621533908.632794, 1621533909.7385962]
[1621533908.1128645, 1621533909.2509322]
[1621533908.3652954, 1621533909.5097299]
[1621533908.3989024, 1621533909.511522]
[1621533908.4041357, 1621533909.5411072]
[1621533908.5055687, 1621533909.5892653]
[1621533908.466615, 1621533909.5498686]
[1621533908.5429611, 1621533909.6352222]
[1621533908.745355, 1621533909.8854063]
[1621533908.4489565, 1621533909.5762753]
[1621533909.057578, 1621533910.1302958]
[1621533908.802227, 1621533909.9216952]
[1621533909.1090357, 1621533910.2161224]
[1621533909.188784, 1621533910.3391974]
[1621533909.0743785, 1621533910.2895067]
[1621533908.9051025, 1621533910.0250702]
[1621533908.864633, 1621533909.9614954]
[1621533909.3312712, 1621533910.4691675]
[1621533909.6077397, 1621533910.751937]
[1621533909.2063177, 1621533910.320696]
[1621533909.304702, 1621533910.8344934]
[1621533909.1145816, 1621533910.2693954]
[1621533909.2402806, 1621533910.3680348]
[1621533908.5054855, 1621533909.6411495]
[1621533909.5789762, 1621533910.6707437]
[1621533909.2412305, 1621533910.3157012]
[1621533909.1207323, 1621533910.2005792]
[1621533909.588472, 1621533910.7123315]
[1621533909.3633592, 1621533910.6161556]
[1621533909.603341, 1621533910.685073]
[1621533909.6078014, 1621533910.7490048]
[1621533909.7527142, 1621533910.864452]
[1621533909.687059, 1621533910.823492]
[1621533909.924702, 1621533911.045374]
[1621533909.797093, 1621533910.9134212]
[1621533909.3694677, 1621533910.4976976]
[1621533910.1700652, 1621533911.2399118]
[1621533910.3353055, 1621533911.4617977]
[1621533909.729039, 1621533910.8093596]
[1621533909.8670747, 1621533910.9973743]
[1621533910.2982402, 1621533911.6519325]
[1621533910.3133466, 1621533911.4016306]
[1621533910.1187541, 1621533911.2217898]
[1621533910.052032, 1621533911.1751752]
[1621533909.732955, 1621533910.896278]
[1621533909.902739, 1621533911.0342052]
[1621533910.5452712, 1621533911.6653192]
[1621533909.4984896, 1621533910.6166606]
[1621533910.580022, 1621533911.7073812]
[1621533910.497128, 1621533911.5787866]
[1621533910.475388, 1621533911.6139183]
[1621533910.6783943, 1621533911.7615254]
[1621533910.3054733, 1621533911.4497595]
[1621533910.2476058, 1621533911.3605008]
[1621533910.6678376, 1621533911.806784]
[1621533910.3882782, 1621533911.5212035]
[1621533910.6328294, 1621533911.7532706]
[1621533910.7385218, 1621533911.8427753]
[1621533910.5873876, 1621533911.6744745]
[1621533910.757493, 1621533911.8865948]
[1621533911.098528, 1621533912.2160747]
[1621533910.7348704, 1621533911.8567607]
[1621533910.4391978, 1621533911.5923886]
[1621533910.5777104, 1621533911.6956801]
[1621533910.6725056, 1621533911.806102]
[1621533910.7411113, 1621533911.8582702]
[1621533910.8760376, 1621533911.9846756]
[1621533911.0518575, 1621533912.1890984]
[1621533911.240482, 1621533912.328545]
[1621533911.0635893, 1621533912.1879451]
[1621533911.6430674, 1621533912.7992473]
[1621533911.39933, 1621533912.4858193]
[1621533911.3927333, 1621533912.5005565]
[1621533911.3221085, 1621533912.467153]
[1621533911.6676261, 1621533912.8144512]
[1621533911.1190128, 1621533912.2634888]
[1621533911.970524, 1621533913.0977838]
[1621533911.304613, 1621533912.383477]
[1621533911.6695225, 1621533912.7977052]
[1621533911.6908183, 1621533912.7737482]
[1621533911.6706731, 1621533912.7897255]
[1621533911.0870388, 1621533912.2234368]
[1621533911.1261008, 1621533912.3198225]
[1621533911.1445906, 1621533912.2804906]
[1621533911.2721777, 1621533912.3460994]
[1621533911.2233236, 1621533912.338503]
[1621533911.62296, 1621533912.765435]
[1621533911.713454, 1621533912.8329356]
[1621533911.5828943, 1621533912.6562312]
[1621533911.7973952, 1621533912.8778849]
[1621533911.8594491, 1621533912.9386947]
[1621533911.9017823, 1621533913.034915]
[1621533911.9865322, 1621533913.1270983]
[1621533912.209188, 1621533913.3475075]
[1621533912.0767577, 1621533913.1964715]
[1621533912.3484452, 1621533913.4682367]
[1621533912.3497736, 1621533913.422114]
[1621533912.366532, 1621533913.4505599]
[1621533912.2133834, 1621533913.341453]
[1621533912.5037131, 1621533913.5891566]
[1621533912.2956572, 1621533913.4309142]
[1621533912.6224263, 1621533913.7342086]
[1621533912.6681294, 1621533913.7463071]
[1621533912.5623853, 1621533913.6758442]
[1621533912.5497882, 1621533913.826006]
[1621533912.484275, 1621533913.615832]
[1621533912.7206655, 1621533913.8460047]
[1621533912.8317733, 1621533913.9867692]
[1621533912.9655128, 1621533914.0486]
[1621533913.2985966, 1621533914.4018793]
[1621533912.7767887, 1621533913.9161837]
[1621533912.422813, 1621533913.5132554]
[1621533912.5346859, 1621533913.644243]
[1621533913.3818846, 1621533914.4981968]
[1621533912.7066205, 1621533913.8316436]
[1621533913.0696402, 1621533914.2467868]
[1621533913.0031252, 1621533914.0950031]
[1621533912.5941262, 1621533913.748988]
[1621533912.280053, 1621533913.4147685]
[1621533912.5477183, 1621533913.6633139]
[1621533912.9624639, 1621533914.0456755]
[1621533913.1678479, 1621533914.2848399]
[1621533913.9356782, 1621533915.070478]
[1621533913.6570463, 1621533914.7704577]
[1621533912.7657108, 1621533913.874024]
[1621533914.2092648, 1621533915.2941768]
[1621533913.6663349, 1621533914.8049]
[1621533914.1467133, 1621533915.2333074]
[1621533914.013376, 1621533915.105099]
[1621533914.2909827, 1621533915.4063442]
[1621533914.019333, 1621533915.133229]
[1621533914.224701, 1621533915.3128865]
[1621533913.7996197, 1621533914.9690676]
[1621533913.733327, 1621533914.896852]
[1621533913.428181, 1621533914.5170116]
[1621533914.0185363, 1621533915.1348302]
[1621533913.719206, 1621533914.8345838]
[1621533913.4824765, 1621533914.5969086]
[1621533913.920183, 1621533915.03332]
[1621533914.2496119, 1621533915.4013746]
[1621533914.0845494, 1621533915.1785386]
[1621533914.164647, 1621533915.3199642]
[1621533913.9671504, 1621533915.0926135]
[1621533914.1718748, 1621533915.2744489]
[1621533914.2643108, 1621533915.4032285]
[1621533914.2570314, 1621533915.4419134]
[1621533914.2287707, 1621533915.3604934]
[1621533914.129056, 1621533915.2343998]
[1621533913.828942, 1621533914.9016929]
[1621533914.5962508, 1621533915.6922266]
[1621533914.5934405, 1621533915.7165492]
[1621533914.527763, 1621533915.600698]
[1621533914.3313587, 1621533915.4457788]
[1621533914.4636593, 1621533915.6024094]
[1621533914.4535332, 1621533915.5649018]
[1621533914.4641814, 1621533915.6280599]
[1621533914.8363364, 1621533915.9591522]
[1621533914.7453043, 1621533915.935341]
[1621533914.8440018, 1621533915.9646754]
[1621533914.9027486, 1621533916.039132]
[1621533915.5074158, 1621533916.6131656]
[1621533914.3386226, 1621533915.504545]
[1621533914.7600799, 1621533915.8474433]
[1621533914.978443, 1621533916.1223998]
[1621533915.5427208, 1621533916.7029223]
[1621533914.7838533, 1621533915.8919911]
[1621533914.6200385, 1621533915.7593813]
[1621533915.2100906, 1621533916.2864652]
[1621533914.8139896, 1621533915.9635277]
[1621533914.8666503, 1621533915.9833186]
[1621533915.0200741, 1621533916.095673]
[1621533914.9206204, 1621533915.993828]
[1621533914.9255588, 1621533916.03379]
[1621533914.874401, 1621533915.9916146]
[1621533915.9708679, 1621533917.082488]
[1621533914.9891927, 1621533916.1040137]
[1621533915.6694322, 1621533916.7895331]
[1621533914.8879724, 1621533916.0051284]
[1621533914.9476578, 1621533916.0614424]
[1621533915.1522963, 1621533916.267094]
[1621533914.9607005, 1621533916.0750036]
[1621533915.7718837, 1621533916.8901477]
[1621533915.2869759, 1621533916.3685482]
[1621533916.0173368, 1621533917.1463568]
[1621533915.4749658, 1621533916.5930805]
[1621533915.2786233, 1621533916.3867881]
[1621533915.1752703, 1621533916.2934651]
[1621533915.4671519, 1621533916.6356099]
[1621533916.3315988, 1621533917.4162111]
[1621533915.6682193, 1621533916.7992842]
[1621533915.6057763, 1621533916.7471757]
[1621533916.2244418, 1621533917.333807]
[1621533915.569745, 1621533916.676947]
[1621533916.4752297, 1621533917.5761917]
[1621533915.5581641, 1621533916.7353642]
[1621533916.5751257, 1621533917.6913104]
[1621533916.4469645, 1621533917.5562704]
[1621533916.2610447, 1621533917.379557]
[1621533916.1204875, 1621533917.230581]
[1621533916.8759406, 1621533917.9571388]
[1621533916.666053, 1621533917.8723724]
[1621533917.2886188, 1621533918.406589]
[1621533916.895935, 1621533918.013719]
[1621533916.5964882, 1621533917.7236853]
[1621533915.6890244, 1621533916.7655265]
[1621533916.8346837, 1621533917.9683948]
[1621533916.612088, 1621533917.7275426]
[1621533917.0959568, 1621533918.206623]
[1621533916.966091, 1621533918.1027398]
[1621533916.5999548, 1621533917.7235627]
[1621533916.9855084, 1621533918.1523733]
[1621533917.2893856, 1621533918.409146]
[1621533917.0576031, 1621533918.2149487]
[1621533916.679641, 1621533917.8003025]
[1621533917.1412928, 1621533918.224645]
[1621533916.8743317, 1621533917.9962068]
[1621533917.2310317, 1621533918.3730736]
[1621533916.1855817, 1621533917.3097446]
[1621533917.2113714, 1621533918.2829576]
[1621533917.6492279, 1621533918.8606057]
[1621533917.3922925, 1621533918.50793]
[1621533917.0828252, 1621533918.1929421]
[1621533916.3284595, 1621533917.440802]
[1621533917.2956607, 1621533918.4622169]
[1621533917.620808, 1621533918.6931295]
[1621533917.477095, 1621533918.6156588]
[1621533917.6135132, 1621533918.7648916]
[1621533917.421405, 1621533918.5247786]
[1621533917.6982844, 1621533918.821647]
[1621533918.101235, 1621533919.1762443]
[1621533918.015219, 1621533919.155119]
[1621533918.2746406, 1621533919.3975234]
[1621533918.9681897, 1621533920.0801413]
[1621533918.0108078, 1621533919.1490595]
[1621533917.6098208, 1621533918.7145014]
[1621533917.1608768, 1621533918.3113475]
[1621533918.538625, 1621533919.6203258]
[1621533918.0862207, 1621533919.2069037]
[1621533918.1977699, 1621533919.5072255]
[1621533919.082733, 1621533920.1926007]
[1621533918.4482193, 1621533919.5627236]
[1621533917.762973, 1621533918.8786228]
[1621533918.8368435, 1621533919.9578342]
[1621533918.1658812, 1621533919.3006272]
[1621533918.2073808, 1621533919.3190784]
[1621533918.298487, 1621533919.4205983]
[1621533918.2763302, 1621533919.4131546]
[1621533918.2493434, 1621533919.3289642]
[1621533918.1390288, 1621533919.274788]
[1621533918.2928445, 1621533919.3759358]
[1621533918.9479399, 1621533920.0378752]
[1621533919.0635393, 1621533920.1997724]
[1621533918.576695, 1621533919.6985538]
[1621533919.0347824, 1621533920.1448317]
[1621533918.831182, 1621533919.9505181]
[1621533918.257322, 1621533919.4379737]
[1621533917.8400474, 1621533918.9680228]
[1621533919.5003507, 1621533920.6164691]
[1621533918.3549685, 1621533919.4822686]
[1621533919.198687, 1621533920.3332326]
[1621533918.3783174, 1621533919.5296025]
[1621533919.6151664, 1621533920.7235591]
[1621533919.214817, 1621533920.3577266]
[1621533918.9205866, 1621533920.0472841]
[1621533919.344099, 1621533920.4481614]
[1621533919.1868873, 1621533920.2669883]
[1621533919.6741838, 1621533920.7888837]
[1621533920.1274183, 1621533921.246587]
[1621533919.669834, 1621533920.7532034]
[1621533918.267854, 1621533919.382931]
[1621533918.9347653, 1621533920.0675335]
[1621533919.3347836, 1621533920.4316459]
[1621533918.4463565, 1621533919.565691]
[1621533919.7565062, 1621533920.8808057]
[1621533918.8661773, 1621533919.945586]
[1621533920.1416223, 1621533921.2707498]
[1621533919.5243945, 1621533920.664034]
[1621533919.5483997, 1621533920.7097259]
[1621533919.9730086, 1621533921.1035757]
[1621533920.0507524, 1621533921.1360278]
[1621533919.742072, 1621533920.8576176]
[1621533919.854623, 1621533920.9783278]
[1621533919.8450327, 1621533920.9730792]
[1621533919.8289733, 1621533920.9645808]
[1621533919.9182456, 1621533921.0621216]
[1621533919.8820941, 1621533920.9553733]
[1621533920.4969277, 1621533921.6438165]
[1621533920.2822394, 1621533921.3584676]
[1621533920.1665528, 1621533921.2589166]
[1621533920.1531518, 1621533921.2624776]
[1621533920.243603, 1621533921.3662882]
[1621533920.6460433, 1621533921.764246]
[1621533920.7469473, 1621533921.8634293]
[1621533920.6954386, 1621533921.8284736]
[1621533920.4701667, 1621533921.5787282]
[1621533920.4501731, 1621533921.570955]
[1621533920.4354239, 1621533921.52104]
[1621533920.4954588, 1621533921.5809476]
[1621533920.184819, 1621533921.3238606]
[1621533919.745073, 1621533920.9212055]
[1621533920.362806, 1621533921.4755297]
[1621533920.248272, 1621533921.3580484]
[1621533920.338771, 1621533921.4702702]
[1621533920.0330377, 1621533921.1592355]
[1621533920.0465353, 1621533921.1173182]
[1621533920.2349198, 1621533921.372649]
[1621533920.5793128, 1621533921.6846657]
[1621533921.1664026, 1621533922.2838502]
[1621533920.9027433, 1621533922.0373769]
[1621533920.3648748, 1621533921.4512386]
[1621533921.2410302, 1621533922.3141472]
[1621533920.227277, 1621533921.360753]
[1621533921.7632527, 1621533922.8457074]
[1621533921.8868232, 1621533922.9606383]
[1621533921.6917012, 1621533922.8009233]
[1621533921.7925112, 1621533922.9146607]
[1621533921.5256138, 1621533922.605384]
[1621533921.6422396, 1621533922.7596295]
[1621533921.6628244, 1621533922.8476412]
[1621533921.6259632, 1621533922.7348404]
[1621533921.6653156, 1621533922.8299465]
[1621533921.1560802, 1621533922.2493165]
[1621533920.924254, 1621533922.0363164]
[1621533921.2563865, 1621533922.3726509]
[1621533920.814997, 1621533921.9371898]
[1621533922.1214476, 1621533923.2347426]
[1621533921.823168, 1621533922.9537237]
[1621533921.4496217, 1621533922.5819805]
[1621533922.06237, 1621533923.185144]
[1621533921.6094878, 1621533922.6997414]
[1621533921.6368937, 1621533922.7671642]
[1621533922.312821, 1621533923.3899543]
[1621533922.0774777, 1621533923.2099814]
[1621533921.8731666, 1621533922.992452]
[1621533921.967787, 1621533923.0788717]
[1621533921.8867319, 1621533922.9993925]
[1621533922.124398, 1621533923.237189]
[1621533921.985607, 1621533923.1318548]
[1621533922.0147927, 1621533923.1462388]
[1621533921.8857484, 1621533923.0336213]
[1621533921.8270721, 1621533922.97693]
[1621533922.4764524, 1621533923.557545]
[1621533921.9405982, 1621533923.0882354]
[1621533921.9402473, 1621533923.0819287]
[1621533921.94829, 1621533923.0655224]
[1621533922.3683972, 1621533923.532347]
[1621533922.33752, 1621533923.4111059]
[1621533922.6284723, 1621533923.717731]
[1621533922.296542, 1621533923.4141216]
[1621533922.304297, 1621533923.382623]
[1621533922.4614997, 1621533923.543866]
[1621533922.548573, 1621533923.6649766]
[1621533921.9786284, 1621533923.0857685]
[1621533922.7318182, 1621533923.8089623]
[1621533922.3640058, 1621533923.4422286]
[1621533922.7888443, 1621533923.9323967]
[1621533922.6793616, 1621533923.846464]
[1621533922.3486497, 1621533923.5048501]
[1621533922.7496743, 1621533923.8630328]
[1621533922.9463983, 1621533924.060284]
[1621533923.156322, 1621533924.2934535]
[1621533922.4589756, 1621533923.5496964]
[1621533922.31022, 1621533923.4286587]
[1621533922.4053993, 1621533923.5311203]
[1621533922.644416, 1621533923.775258]
[1621533922.5970798, 1621533923.7098787]
[1621533922.9578342, 1621533924.092178]
[1621533922.749359, 1621533923.857851]
[1621533923.9984157, 1621533925.14522]
[1621533922.782763, 1621533923.9052968]
[1621533923.6799417, 1621533924.830908]
[1621533923.554605, 1621533924.6442964]
[1621533924.0496407, 1621533925.1625109]
[1621533923.9758003, 1621533925.0950067]
[1621533923.6936438, 1621533924.7732613]
[1621533923.8008046, 1621533924.9273968]
[1621533923.6277127, 1621533924.7054977]
[1621533923.253253, 1621533924.368387]
[1621533924.0443761, 1621533925.2074497]
[1621533923.8269951, 1621533924.9007542]
[1621533923.7283113, 1621533924.8305275]
[1621533924.1008594, 1621533925.2209206]
[1621533923.4962416, 1621533924.5856867]
[1621533924.1084163, 1621533925.2294126]
[1621533923.364112, 1621533924.481888]
[1621533924.2100923, 1621533925.3269546]
[1621533923.4457607, 1621533924.587379]
[1621533924.2007437, 1621533925.3735373]
[1621533923.8841798, 1621533924.9981854]
[1621533924.331009, 1621533925.4617229]
[1621533924.0170846, 1621533925.1524594]
[1621533924.3480954, 1621533925.4540854]
[1621533924.0143473, 1621533925.1245868]
[1621533924.2948143, 1621533925.4295754]
[1621533924.2592819, 1621533925.3346348]
[1621533924.284783, 1621533925.3999343]
[1621533924.3342872, 1621533925.4661648]
[1621533923.7931337, 1621533924.9114735]
[1621533924.5065913, 1621533925.6224642]
[1621533924.2776456, 1621533925.3527417]
[1621533924.4612684, 1621533925.5704703]
[1621533924.2978806, 1621533925.4562657]
[1621533924.2278996, 1621533925.303506]
[1621533924.5748637, 1621533925.6848624]
[1621533924.397185, 1621533925.514122]
[1621533924.5352995, 1621533925.648173]
[1621533924.786794, 1621533925.863661]
[1621533924.9507978, 1621533926.0670197]
[1621533924.7355487, 1621533925.838883]
[1621533924.8398411, 1621533925.9503894]
[1621533924.4534488, 1621533925.5935118]
[1621533924.6701005, 1621533925.7795355]
[1621533924.9150913, 1621533925.989177]
[1621533924.6863542, 1621533925.8066807]
[1621533925.0981758, 1621533926.1846976]
[1621533925.2888458, 1621533926.439692]
[1621533924.5640366, 1621533925.6846104]
[1621533925.3116708, 1621533926.3941686]
[1621533925.12236, 1621533926.2403576]
[1621533925.3314385, 1621533926.4479697]
[1621533925.255047, 1621533926.3697274]
[1621533925.0552406, 1621533926.162697]
[1621533925.205747, 1621533926.3450546]
[1621533925.0596542, 1621533926.1414013]
[1621533925.1878097, 1621533926.3166604]
[1621533925.359419, 1621533926.4477332]
[1621533925.4525843, 1621533926.5316749]
[1621533924.9896755, 1621533926.1105742]
[1621533925.1467335, 1621533926.2534692]
[1621533925.617455, 1621533926.7508051]
[1621533925.4579284, 1621533926.578285]
[1621533925.2333882, 1621533926.3836925]
[1621533925.5613682, 1621533926.6793053]
[1621533925.4295673, 1621533926.5463119]
[1621533925.4876337, 1621533926.6132255]
[1621533926.007413, 1621533927.090947]
[1621533925.4483805, 1621533926.5701125]
[1621533925.431672, 1621533926.590046]
[1621533925.8098154, 1621533926.9313393]
[1621533925.9110591, 1621533926.9982276]
[1621533925.4641593, 1621533926.6165268]
[1621533925.830631, 1621533926.9621346]
[1621533925.6969986, 1621533926.8101602]
[1621533926.0205948, 1621533927.1563528]
[1621533926.0274112, 1621533927.143661]
[1621533926.084372, 1621533927.228506]
[1621533925.7982557, 1621533926.8905516]
[1621533925.8519802, 1621533926.9293203]
[1621533925.9845543, 1621533927.141786]
[1621533925.8403382, 1621533926.9514906]
[1621533925.9446375, 1621533927.0580087]
[1621533926.109074, 1621533927.1853828]
[1621533925.9907062, 1621533927.1165607]
[1621533926.170853, 1621533927.2744703]
[1621533926.1558867, 1621533927.2305098]
[1621533926.1228461, 1621533927.2413101]
[1621533926.1339781, 1621533927.2645657]
[1621533926.0307527, 1621533927.147936]
[1621533926.104415, 1621533927.2375314]
[1621533926.2496831, 1621533927.3665469]
[1621533926.3224123, 1621533927.4378374]
[1621533926.239108, 1621533927.3231986]
[1621533926.3895984, 1621533927.5212743]
[1621533926.4635053, 1621533927.6180527]
[1621533926.4225514, 1621533927.500374]
[1621533926.3629408, 1621533927.5220163]
[1621533926.6076913, 1621533927.7306468]
[1621533926.3184946, 1621533927.435301]
[1621533926.455134, 1621533927.5756233]
[1621533926.3693178, 1621533927.49988]
[1621533926.4236767, 1621533927.5472503]
[1621533926.4426582, 1621533927.5467968]
[1621533926.4558532, 1621533927.5354278]
[1621533926.3497186, 1621533927.4363976]
[1621533926.5060942, 1621533927.6445358]
[1621533926.7261488, 1621533927.833431]
[1621533926.5685055, 1621533927.6810849]
[1621533926.5311031, 1621533927.6095603]
[1621533926.627281, 1621533927.7587419]
[1621533926.6006346, 1621533927.753254]
[1621533926.5833876, 1621533927.7198405]
[1621533926.7000284, 1621533927.8137596]
[1621533926.820173, 1621533927.928703]
[1621533926.8873765, 1621533927.9767044]
[1621533926.711123, 1621533927.8575318]
[1621533926.6575663, 1621533927.7448792]
[1621533926.5723305, 1621533927.6429665]
[1621533926.9652317, 1621533928.0775826]
[1621533926.7596536, 1621533927.9005387]
[1621533926.626453, 1621533927.7494543]
[1621533926.8016727, 1621533927.9340796]
[1621533926.916233, 1621533928.009955]
[1621533926.9511409, 1621533928.083013]
[1621533926.7728474, 1621533927.883973]
[1621533927.0996962, 1621533928.1818812]
[1621533926.7783513, 1621533927.915339]
[1621533926.921343, 1621533928.0475676]
[1621533926.9337928, 1621533928.0602853]
[1621533926.7807055, 1621533927.939345]
[1621533927.1449792, 1621533928.2550118]
[1621533927.101946, 1621533928.17685]
[1621533927.005272, 1621533928.0839932]
[1621533927.1122797, 1621533928.2221575]
[1621533927.1348054, 1621533928.24139]
[1621533927.2032425, 1621533928.3427606]
[1621533927.3137958, 1621533928.4383378]
[1621533927.1091244, 1621533928.220283]
[1621533927.080934, 1621533928.1598597]
[1621533927.0646985, 1621533928.1794996]
[1621533927.053506, 1621533928.167471]
[1621533927.2582672, 1621533928.3897595]
[1621533927.2656293, 1621533928.3445003]
[1621533927.3062928, 1621533928.3985772]
[1621533927.233328, 1621533928.370975]
[1621533927.2608964, 1621533928.4089272]
[1621533927.3455057, 1621533928.4282815]
[1621533927.2905304, 1621533928.4083967]
[1621533927.4232018, 1621533928.4865794]
[1621533927.3586164, 1621533928.4136167]
[1621533927.2760253, 1621533928.4085135]
[1621533927.3648448, 1621533928.5093138]
[1621533927.4396987, 1621533928.5621932]
[1621533927.407892, 1621533928.5311143]
[1621533927.370845, 1621533928.5024345]
[1621533927.3496804, 1621533928.4519355]
[1621533927.190449, 1621533928.2630029]
[1621533927.4433212, 1621533928.6147509]
[1621533927.2935176, 1621533928.4090707]
[1621533927.2894323, 1621533928.4008656]
[1621533927.3109179, 1621533928.4267926]
[1621533927.4921372, 1621533928.6030626]
[1621533927.3541608, 1621533928.4353995]
[1621533927.5594258, 1621533928.6765695]
[1621533927.570557, 1621533928.6715655]
[1621533927.4914286, 1621533928.6364825]
[1621533927.5179172, 1621533928.652276]
[1621533927.5666587, 1621533928.6775603]
[1621533927.5550172, 1621533928.684182]
[1621533927.533966, 1621533928.7035565]
[1621533927.4577427, 1621533928.5804904]
[1621533927.4129298, 1621533928.5800586]
[1621533927.4105668, 1621533928.5578427]
[1621533927.5697117, 1621533928.6836185]
[1621533927.5233226, 1621533928.6241715]
[1621533927.5891092, 1621533928.7098048]
[1621533927.5144002, 1621533928.6015322]
[1621533927.5946383, 1621533928.732245]
[1621533927.5701454, 1621533928.6810365]
[1621533927.3509958, 1621533928.487401]
[1621533927.6038272, 1621533928.7342792]
[1621533927.5958955, 1621533928.6677883]
[1621533927.4133768, 1621533928.4980528]
[1621533927.5571618, 1621533928.6600072]
[1621533927.5941932, 1621533928.714729]
[1621533927.6102297, 1621533928.737286]
[1621533927.6446602, 1621533928.7157505]
[1621533927.4492154, 1621533928.5283365]
[1621533927.5752494, 1621533928.6916442]
[1621533927.5415256, 1621533928.6245377]
[1621533927.481964, 1621533928.5913358]
[1621533927.6155236, 1621533928.703344]
[1621533927.636691, 1621533928.7863996]
[1621533927.6147194, 1621533928.7857718]
[1621533927.6760623, 1621533928.7527323]
[1621533927.5963817, 1621533928.7184606]
[1621533927.6409993, 1621533928.7664585]
[1621533927.6802702, 1621533928.790967]
[1621533927.6435215, 1621533928.7635486]
[1621533927.6289556, 1621533928.7919846]
[1621533927.6505418, 1621533928.773314]
