[1616795484.358985, 1616795487.0454543]
[1616795485.172582, 1616795487.8423564]
[1616795485.0749006, 1616795487.8018298]
[1616795484.7016048, 1616795487.4275815]
[1616795484.813552, 1616795487.5299656]
[1616795484.9068925, 1616795487.6276486]
[1616795484.8774714, 1616795487.5729542]
[1616795485.0922213, 1616795487.8162456]
[1616795484.6338048, 1616795487.3123507]
[1616795484.5181227, 1616795487.2170997]
[1616795485.29297, 1616795487.981786]
[1616795485.0700042, 1616795487.7693892]
[1616795485.4865272, 1616795488.1998935]
[1616795484.8502603, 1616795487.5162127]
[1616795485.1386793, 1616795487.8360212]
[1616795485.0580037, 1616795487.751211]
[1616795484.8970954, 1616795487.6298714]
[1616795484.913431, 1616795487.610687]
[1616795484.8275223, 1616795487.5413177]
[1616795485.0088918, 1616795487.7568436]
[1616795485.4934888, 1616795488.1420634]
[1616795485.764594, 1616795488.4051418]
[1616795485.2840714, 1616795487.965018]
[1616795486.003027, 1616795488.6392138]
[1616795485.4030285, 1616795488.1411772]
[1616795485.3038514, 1616795487.9485626]
[1616795486.1400363, 1616795488.826568]
[1616795486.2173767, 1616795488.9641142]
[1616795486.1976995, 1616795488.9382565]
[1616795486.2754655, 1616795488.9713812]
[1616795486.0293808, 1616795488.7231193]
[1616795486.552568, 1616795489.2308455]
[1616795486.4974458, 1616795489.168647]
[1616795486.8050334, 1616795489.4982755]
[1616795486.7433455, 1616795489.4564645]
[1616795486.3279064, 1616795489.050394]
[1616795486.9050229, 1616795489.603603]
[1616795487.1238694, 1616795489.8032744]
[1616795487.045801, 1616795489.70128]
[1616795486.775486, 1616795489.4932556]
[1616795486.903685, 1616795489.5954528]
[1616795486.9772403, 1616795489.7249844]
[1616795487.1654098, 1616795489.8988707]
[1616795487.6057534, 1616795490.317623]
[1616795487.527393, 1616795490.2013288]
[1616795487.546784, 1616795490.235915]
[1616795487.530462, 1616795490.1962156]
[1616795487.4528174, 1616795490.1906903]
[1616795487.696696, 1616795490.4288845]
[1616795488.1038785, 1616795490.7768404]
[1616795487.9289122, 1616795490.620573]
[1616795488.3132021, 1616795490.9854426]
[1616795488.1618507, 1616795490.7992418]
[1616795488.2853708, 1616795490.9878376]
[1616795487.7396781, 1616795490.4590473]
[1616795488.507702, 1616795491.165813]
[1616795488.6310704, 1616795491.3525279]
[1616795488.2866948, 1616795490.999258]
[1616795488.6559854, 1616795491.305297]
[1616795488.8580096, 1616795491.5334177]
[1616795488.4117708, 1616795491.0697703]
[1616795488.5932302, 1616795491.3138933]
[1616795488.934998, 1616795491.6715727]
[1616795489.06661, 1616795491.8040202]
[1616795489.0944932, 1616795491.7861736]
[1616795489.239716, 1616795491.931993]
[1616795489.3841603, 1616795492.1347134]
[1616795489.5037508, 1616795492.2454145]
[1616795489.2207491, 1616795491.8938608]
[1616795489.4630234, 1616795492.1781716]
[1616795489.5976284, 1616795492.3045127]
[1616795489.4352572, 1616795492.123266]
[1616795489.5638087, 1616795492.2855706]
[1616795489.5336628, 1616795492.2524133]
[1616795489.7495878, 1616795492.513533]
[1616795489.6957402, 1616795492.3866751]
[1616795489.8973324, 1616795492.5829427]
[1616795489.807225, 1616795492.495089]
[1616795490.032964, 1616795492.7344162]
[1616795490.041005, 1616795492.7338474]
[1616795490.0707, 1616795492.7679498]
[1616795490.022111, 1616795492.7179995]
[1616795489.9914181, 1616795492.7331104]
[1616795490.260956, 1616795492.9831731]
[1616795490.2816298, 1616795492.959289]
[1616795490.4941757, 1616795493.1828523]
[1616795490.4479823, 1616795493.197527]
[1616795490.5842419, 1616795493.3111792]
[1616795490.4879425, 1616795493.2109077]
[1616795490.5256622, 1616795493.1930444]
[1616795490.7893028, 1616795493.4553127]
[1616795490.5301754, 1616795493.2502794]
[1616795490.9946775, 1616795493.7153964]
[1616795491.0192316, 1616795493.7373443]
[1616795491.1079247, 1616795493.7946389]
[1616795490.960679, 1616795493.638997]
[1616795491.0868988, 1616795493.740144]
[1616795491.2355819, 1616795493.92679]
[1616795491.2267454, 1616795493.8734035]
[1616795491.109065, 1616795493.7855763]
[1616795491.3008275, 1616795494.0142121]
[1616795491.3723116, 1616795494.0994985]
[1616795491.4669423, 1616795494.1956244]
[1616795491.5912607, 1616795494.2691474]
[1616795491.5356562, 1616795494.192887]
[1616795491.8155808, 1616795494.5562692]
[1616795491.682703, 1616795494.3750346]
[1616795491.9333117, 1616795494.624493]
[1616795491.762564, 1616795494.4857464]
[1616795492.0820122, 1616795494.7873898]
[1616795492.103995, 1616795494.8067067]
[1616795492.3280232, 1616795495.0325363]
[1616795492.1552496, 1616795494.8960712]
[1616795492.3844695, 1616795495.106156]
[1616795492.1343596, 1616795494.8319952]
[1616795492.4666197, 1616795495.1662326]
[1616795492.4310172, 1616795495.147541]
[1616795492.4074023, 1616795495.0900068]
[1616795492.5985074, 1616795495.2938287]
[1616795492.8956409, 1616795495.6379886]
[1616795492.7385511, 1616795495.428643]
[1616795492.822202, 1616795495.5218165]
[1616795492.6433876, 1616795495.3887181]
[1616795492.7661371, 1616795495.4873536]
[1616795492.7670853, 1616795495.460708]
[1616795493.0122037, 1616795495.686785]
[1616795492.9905493, 1616795495.7092702]
[1616795493.109872, 1616795495.778541]
[1616795493.1287298, 1616795495.860038]
[1616795493.461849, 1616795496.1421368]
[1616795493.386404, 1616795496.1158447]
[1616795493.3512478, 1616795496.0590918]
[1616795493.4829402, 1616795496.2212565]
[1616795493.476949, 1616795496.1986206]
[1616795493.5106134, 1616795496.2049775]
[1616795493.6075099, 1616795496.3008752]
[1616795494.0245814, 1616795496.7186298]
[1616795493.863036, 1616795496.5248253]
[1616795494.0047488, 1616795496.6991644]
[1616795494.1384406, 1616795496.8700967]
[1616795494.0252743, 1616795496.6996505]
[1616795494.1572373, 1616795496.8663886]
[1616795494.0872052, 1616795496.8059564]
[1616795494.0190358, 1616795496.6643195]
[1616795494.3041446, 1616795496.9981406]
[1616795494.0357988, 1616795496.6673057]
[1616795494.2977872, 1616795496.9741619]
[1616795494.3927052, 1616795497.1084359]
[1616795494.5393043, 1616795497.2791038]
[1616795494.3115373, 1616795496.9742966]
[1616795494.3874993, 1616795497.080755]
[1616795494.6918895, 1616795497.3760655]
[1616795494.4397793, 1616795497.1663728]
[1616795494.7381368, 1616795497.4534538]
[1616795494.7419538, 1616795497.4103124]
[1616795494.3593733, 1616795497.0127413]
[1616795494.8638597, 1616795497.5467377]
[1616795494.6059196, 1616795497.3328407]
[1616795494.7009203, 1616795497.3857667]
[1616795494.9125824, 1616795497.6675706]
[1616795495.0162284, 1616795497.6932807]
[1616795494.8801303, 1616795497.5741062]
[1616795495.126816, 1616795497.8444011]
[1616795495.0382495, 1616795497.7425191]
[1616795495.0774636, 1616795497.7822976]
[1616795495.1794448, 1616795497.856865]
[1616795495.0018442, 1616795497.7087338]
[1616795495.4113414, 1616795498.160459]
[1616795495.054125, 1616795497.7945774]
[1616795495.418111, 1616795498.1924875]
[1616795495.36991, 1616795498.0494974]
[1616795495.3153646, 1616795497.9795759]
[1616795495.2502303, 1616795497.9876127]
[1616795495.5059536, 1616795498.215585]
[1616795495.5055273, 1616795498.2005017]
[1616795495.4385092, 1616795498.1332273]
[1616795495.5181491, 1616795498.2111876]
[1616795495.719631, 1616795498.400487]
[1616795495.7209375, 1616795498.4442647]
[1616795495.8879333, 1616795498.5712268]
[1616795495.921511, 1616795498.620131]
[1616795495.7181911, 1616795498.4445922]
[1616795495.8460832, 1616795498.5516887]
[1616795495.8848455, 1616795498.599317]
[1616795496.131622, 1616795498.8507316]
[1616795496.0160975, 1616795498.7535057]
[1616795496.2386475, 1616795499.0160093]
[1616795496.127389, 1616795498.882278]
[1616795496.1389012, 1616795498.8495326]
[1616795496.2834294, 1616795498.9489276]
[1616795496.4404705, 1616795499.125434]
[1616795496.4792707, 1616795499.1637287]
[1616795496.2878137, 1616795499.0300117]
[1616795496.6541593, 1616795499.3159962]
[1616795496.287714, 1616795498.9734278]
[1616795496.3826542, 1616795499.0791323]
[1616795496.4802666, 1616795499.119746]
[1616795496.464018, 1616795499.1659822]
[1616795496.67108, 1616795499.3069026]
[1616795496.5938473, 1616795499.2560782]
[1616795496.9010274, 1616795499.6195378]
[1616795496.8990448, 1616795499.6193664]
[1616795496.7326756, 1616795499.4153671]
[1616795496.944764, 1616795499.6196535]
[1616795496.8654032, 1616795499.5805502]
[1616795496.953564, 1616795499.64303]
[1616795496.9847012, 1616795499.636634]
[1616795497.3384013, 1616795500.066264]
[1616795497.2523055, 1616795499.9486902]
[1616795497.0335796, 1616795499.704864]
[1616795497.2274742, 1616795499.930393]
[1616795497.34529, 1616795500.0803921]
[1616795497.4580662, 1616795500.180176]
[1616795497.3680346, 1616795500.0539246]
[1616795497.1646109, 1616795499.8783295]
[1616795497.1770737, 1616795499.9166489]
[1616795497.484999, 1616795500.152536]
[1616795497.6787887, 1616795500.4264336]
[1616795497.6719189, 1616795500.364822]
[1616795497.6895866, 1616795500.3852334]
[1616795497.73679, 1616795500.4362223]
[1616795497.7501855, 1616795500.4716387]
[1616795497.9182553, 1616795500.5894213]
[1616795498.059188, 1616795500.7465966]
[1616795498.0964928, 1616795500.838372]
[1616795497.6794016, 1616795500.3535585]
[1616795497.7010796, 1616795500.3744607]
[1616795498.0276222, 1616795500.7396753]
[1616795498.0876827, 1616795500.8068516]
[1616795498.0961492, 1616795500.8068507]
[1616795497.9911091, 1616795500.6625242]
[1616795498.100182, 1616795500.7860014]
[1616795498.146277, 1616795500.8432493]
[1616795498.3043444, 1616795501.0161903]
[1616795498.1955893, 1616795500.9374142]
[1616795498.4318218, 1616795501.1159725]
[1616795498.3753088, 1616795501.0567613]
[1616795498.3718843, 1616795501.1090548]
[1616795498.4448578, 1616795501.2174623]
[1616795498.4788516, 1616795501.2081122]
[1616795498.709562, 1616795501.414628]
[1616795498.7022462, 1616795501.4015324]
[1616795498.552657, 1616795501.2793267]
[1616795498.7281685, 1616795501.4295619]
[1616795498.7766383, 1616795501.5092497]
[1616795498.9372005, 1616795501.6549077]
[1616795498.8766391, 1616795501.6267948]
[1616795498.9596848, 1616795501.61831]
[1616795499.1039126, 1616795501.792563]
[1616795498.8639052, 1616795501.5917213]
[1616795499.017237, 1616795501.682819]
[1616795499.137373, 1616795501.8197875]
[1616795499.0452623, 1616795501.75906]
[1616795499.3578653, 1616795502.017513]
[1616795499.4293547, 1616795502.1319823]
[1616795499.2591214, 1616795501.9424994]
[1616795499.1925654, 1616795501.9131618]
[1616795499.448601, 1616795502.0932753]
[1616795499.402731, 1616795502.0878866]
[1616795499.3603833, 1616795501.9986453]
[1616795499.5202138, 1616795502.167909]
[1616795499.4197943, 1616795502.146865]
[1616795499.4159007, 1616795502.0385163]
[1616795499.693316, 1616795502.3579605]
[1616795499.701816, 1616795502.3849301]
[1616795499.6716862, 1616795502.372295]
[1616795499.8008606, 1616795502.4571326]
[1616795499.934312, 1616795502.639903]
[1616795499.9310827, 1616795502.6535914]
[1616795499.8288074, 1616795502.5370796]
[1616795499.9446387, 1616795502.6325784]
[1616795499.8370504, 1616795502.5533378]
[1616795499.8607185, 1616795502.5773919]
[1616795500.0145123, 1616795502.7264638]
[1616795500.1358576, 1616795502.8618197]
[1616795499.9588742, 1616795502.670068]
[1616795500.1246037, 1616795502.8504646]
[1616795500.2728138, 1616795502.9382257]
[1616795500.3980577, 1616795503.0781548]
[1616795500.2324471, 1616795502.944112]
[1616795500.5033643, 1616795503.208762]
[1616795500.4072528, 1616795503.1000588]
[1616795500.4677792, 1616795503.1751282]
[1616795500.6550748, 1616795503.3475196]
[1616795500.472835, 1616795503.2311623]
[1616795500.6267145, 1616795503.281509]
[1616795500.7023957, 1616795503.372865]
[1616795500.9862394, 1616795503.685351]
[1616795500.833032, 1616795503.5514069]
[1616795500.9503205, 1616795503.7186134]
[1616795501.073863, 1616795503.7668707]
[1616795501.059223, 1616795503.762035]
[1616795501.2067232, 1616795503.9511373]
[1616795500.8205514, 1616795503.5301733]
[1616795501.1313467, 1616795503.8028767]
[1616795501.2195275, 1616795503.923102]
[1616795501.3701046, 1616795504.1430426]
[1616795501.2114034, 1616795503.8977406]
[1616795501.3524754, 1616795504.0706959]
[1616795501.388565, 1616795504.1233633]
[1616795501.869118, 1616795504.5534296]
[1616795501.7178333, 1616795504.4407437]
[1616795501.4787495, 1616795504.163171]
[1616795501.5840616, 1616795504.3010943]
[1616795501.5965025, 1616795504.34015]
[1616795501.7103665, 1616795504.3783884]
[1616795501.655088, 1616795504.3998349]
[1616795501.7274933, 1616795504.404295]
[1616795501.8551369, 1616795504.5530133]
[1616795501.916168, 1616795504.636008]
[1616795501.9462194, 1616795504.655869]
[1616795501.9172804, 1616795504.640787]
[1616795501.9921675, 1616795504.7073874]
[1616795502.40495, 1616795505.093624]
[1616795502.004123, 1616795504.6700232]
[1616795502.4077775, 1616795505.097729]
[1616795502.3734539, 1616795505.0457146]
[1616795502.272287, 1616795505.0160496]
[1616795502.348584, 1616795505.049901]
[1616795502.4349813, 1616795505.114047]
[1616795502.215077, 1616795504.8768055]
[1616795502.3816485, 1616795505.074535]
[1616795502.540431, 1616795505.242515]
[1616795502.4609437, 1616795505.0684938]
[1616795502.5186207, 1616795505.180091]
[1616795502.6018078, 1616795505.3293512]
[1616795502.8788764, 1616795505.6060174]
[1616795502.7968688, 1616795505.531176]
[1616795502.8314111, 1616795505.537603]
[1616795502.7327063, 1616795505.4500313]
[1616795502.776477, 1616795505.5118656]
[1616795503.0602193, 1616795505.7432232]
[1616795502.9065044, 1616795505.6483884]
[1616795503.1493602, 1616795505.8332334]
[1616795502.9280858, 1616795505.6273706]
[1616795503.0360794, 1616795505.7645247]
[1616795503.2817461, 1616795506.03249]
[1616795503.0612617, 1616795505.7774966]
[1616795503.436102, 1616795506.1363673]
[1616795503.3438754, 1616795506.0247107]
[1616795503.4198096, 1616795506.1134028]
[1616795503.3522062, 1616795506.059759]
[1616795503.436051, 1616795506.13175]
[1616795503.472617, 1616795506.191319]
[1616795503.4027448, 1616795506.0765972]
[1616795503.5662553, 1616795506.2845309]
[1616795503.4825284, 1616795506.1569693]
[1616795503.5307782, 1616795506.2444065]
[1616795503.4391773, 1616795506.1033363]
[1616795503.6972694, 1616795506.3978672]
[1616795503.6534722, 1616795506.3766115]
[1616795503.7620456, 1616795506.430551]
[1616795504.0181637, 1616795506.7271972]
[1616795503.7507794, 1616795506.496831]
[1616795503.9805522, 1616795506.7559812]
[1616795503.900703, 1616795506.581183]
[1616795504.0093331, 1616795506.7122993]
[1616795504.219535, 1616795506.9864361]
[1616795504.079896, 1616795506.809528]
[1616795504.0923748, 1616795506.7973325]
[1616795504.0090315, 1616795506.7293644]
[1616795504.188369, 1616795506.9109225]
[1616795504.4086804, 1616795507.1116521]
[1616795504.466536, 1616795507.182399]
[1616795504.2243698, 1616795506.961018]
[1616795504.4936297, 1616795507.1733482]
[1616795504.5382588, 1616795507.252113]
[1616795504.522333, 1616795507.2104065]
[1616795504.595923, 1616795507.3000898]
[1616795504.6764746, 1616795507.3280852]
[1616795504.6979032, 1616795507.4135604]
[1616795504.5894325, 1616795507.2826142]
[1616795504.9565141, 1616795507.6844206]
[1616795504.7693474, 1616795507.483329]
[1616795504.7188828, 1616795507.4794617]
[1616795504.9910426, 1616795507.674819]
[1616795505.0094256, 1616795507.71542]
[1616795504.8657556, 1616795507.604483]
[1616795504.9235718, 1616795507.578847]
[1616795505.0186298, 1616795507.7464244]
[1616795505.4733968, 1616795508.1820357]
[1616795505.4117222, 1616795508.0656312]
[1616795505.4438376, 1616795508.145144]
[1616795505.399622, 1616795508.0860627]
[1616795505.246692, 1616795507.9079766]
[1616795505.3042283, 1616795508.0073898]
[1616795505.5449886, 1616795508.2806325]
[1616795505.3757787, 1616795508.0960298]
[1616795505.4985428, 1616795508.189565]
[1616795505.76374, 1616795508.4269612]
[1616795505.5442429, 1616795508.2572148]
[1616795505.607409, 1616795508.3387816]
[1616795505.9239776, 1616795508.6223428]
[1616795505.8870375, 1616795508.6228175]
[1616795505.7944183, 1616795508.5082734]
[1616795505.8451288, 1616795508.5277786]
[1616795505.8664262, 1616795508.5822768]
[1616795505.985143, 1616795508.7134361]
[1616795506.0246592, 1616795508.6365964]
[1616795506.4857206, 1616795509.2292845]
[1616795506.3090734, 1616795509.0221095]
[1616795506.2541354, 1616795509.0018246]
[1616795506.1816814, 1616795508.8691108]
[1616795506.344488, 1616795509.0217712]
[1616795506.325814, 1616795509.0438607]
[1616795506.2873375, 1616795508.984192]
[1616795506.4794621, 1616795509.1769335]
[1616795506.74273, 1616795509.4490926]
[1616795506.5123425, 1616795509.2068968]
[1616795506.4730175, 1616795509.153524]
[1616795506.5043418, 1616795509.2449722]
[1616795506.618058, 1616795509.277246]
[1616795506.5644095, 1616795509.2234719]
[1616795506.7308078, 1616795509.4062042]
[1616795506.9264019, 1616795509.6093626]
[1616795506.7966254, 1616795509.5254917]
[1616795506.800689, 1616795509.5067844]
[1616795506.7191284, 1616795509.396599]
[1616795506.9161608, 1616795509.6355295]
[1616795506.9866052, 1616795509.6880662]
[1616795507.132173, 1616795509.839519]
[1616795506.9766788, 1616795509.709144]
[1616795507.083079, 1616795509.844553]
[1616795507.1992135, 1616795509.9184654]
[1616795507.2564049, 1616795509.9350564]
[1616795507.213314, 1616795509.9200358]
[1616795507.3192878, 1616795510.0332391]
[1616795507.3188107, 1616795510.0092008]
[1616795507.3433666, 1616795509.9707942]
[1616795507.2083058, 1616795509.891874]
[1616795507.3608496, 1616795510.0585623]
[1616795507.4834461, 1616795510.2009797]
[1616795507.6956286, 1616795510.438715]
[1616795507.7122483, 1616795510.399783]
[1616795507.6040754, 1616795510.2655265]
[1616795507.7221293, 1616795510.4211776]
[1616795507.9129713, 1616795510.560147]
[1616795507.8371158, 1616795510.5596483]
[1616795507.8299515, 1616795510.576216]
[1616795507.9144804, 1616795510.6296995]
[1616795507.9948843, 1616795510.7338438]
[1616795508.0290163, 1616795510.7306054]
[1616795508.056345, 1616795510.8057523]
[1616795508.0700479, 1616795510.742941]
[1616795508.2209694, 1616795510.936497]
[1616795508.2884564, 1616795511.008201]
[1616795508.2107396, 1616795510.9013066]
[1616795508.2836132, 1616795510.9884384]
[1616795508.305944, 1616795511.035342]
[1616795508.2517645, 1616795510.9590566]
[1616795508.3994274, 1616795511.1186137]
[1616795508.4105253, 1616795511.074962]
[1616795508.7473652, 1616795511.3711734]
[1616795508.7745347, 1616795511.4768264]
[1616795508.5939481, 1616795511.3143716]
[1616795508.7620516, 1616795511.4832656]
[1616795508.7352982, 1616795511.4545822]
[1616795508.884482, 1616795511.5676193]
[1616795508.951529, 1616795511.6788187]
[1616795508.9584727, 1616795511.6492703]
[1616795508.865418, 1616795511.5583112]
[1616795508.9512255, 1616795511.6436198]
[1616795509.103197, 1616795511.79864]
[1616795508.9877021, 1616795511.6587064]
[1616795509.272691, 1616795511.970452]
[1616795509.031176, 1616795511.7473195]
[1616795509.1126206, 1616795511.8202863]
[1616795509.2950761, 1616795511.976741]
[1616795509.458151, 1616795512.1729457]
[1616795509.3131094, 1616795511.964081]
[1616795509.259782, 1616795512.0104814]
[1616795509.3721898, 1616795512.0738058]
[1616795509.5952973, 1616795512.2880557]
[1616795509.559233, 1616795512.365858]
[1616795509.6790707, 1616795512.398505]
[1616795509.6074238, 1616795512.302248]
[1616795509.742084, 1616795512.4839172]
[1616795509.95582, 1616795512.6621294]
[1616795509.948502, 1616795512.6370573]
[1616795509.7544587, 1616795512.4499245]
[1616795509.9767976, 1616795512.6032586]
[1616795509.9397843, 1616795512.6438005]
[1616795509.760374, 1616795512.4544864]
[1616795509.8597643, 1616795512.632324]
[1616795509.9389994, 1616795512.6533961]
[1616795509.9453862, 1616795512.6789896]
[1616795509.9975166, 1616795512.6757782]
[1616795510.2314832, 1616795512.9229097]
[1616795510.1447208, 1616795512.8517811]
[1616795510.2377179, 1616795512.9222276]
[1616795510.3701117, 1616795513.0924804]
[1616795510.3341377, 1616795513.0401092]
[1616795510.3104231, 1616795512.9654243]
[1616795510.2139013, 1616795512.9312942]
[1616795510.362306, 1616795513.0462656]
[1616795510.3969262, 1616795513.0726922]
[1616795510.373755, 1616795513.0930848]
[1616795510.6918957, 1616795513.4081695]
[1616795510.692376, 1616795513.4538634]
[1616795510.8099542, 1616795513.4977584]
[1616795511.0117626, 1616795513.6914532]
[1616795511.0079813, 1616795513.7251945]
[1616795510.934048, 1616795513.6733017]
[1616795511.1260352, 1616795513.8420367]
[1616795510.9201365, 1616795513.7871454]
[1616795511.1892102, 1616795513.91339]
[1616795511.1432762, 1616795513.8462615]
[1616795511.2092578, 1616795513.9210315]
[1616795511.2710474, 1616795514.0204947]
[1616795511.1795104, 1616795513.9102666]
[1616795511.3813276, 1616795514.0116937]
[1616795511.353843, 1616795514.0632715]
[1616795511.3067224, 1616795513.9992223]
[1616795511.3893492, 1616795514.0913172]
[1616795511.368697, 1616795514.016971]
[1616795511.6758995, 1616795514.3565674]
[1616795511.5626657, 1616795514.289045]
[1616795511.8366387, 1616795514.5042243]
[1616795512.0630088, 1616795514.7517767]
[1616795512.1075003, 1616795514.7479515]
[1616795512.084988, 1616795514.776514]
[1616795511.8872433, 1616795514.5974631]
[1616795512.1020036, 1616795514.801075]
[1616795512.152499, 1616795514.8092332]
[1616795512.228756, 1616795514.9442122]
[1616795512.0220768, 1616795514.7899387]
[1616795512.3098176, 1616795514.9825838]
[1616795511.956295, 1616795514.6851647]
[1616795512.28331, 1616795514.966785]
[1616795512.1400702, 1616795514.8669186]
[1616795512.2349484, 1616795514.927531]
[1616795512.4668825, 1616795515.1655703]
[1616795512.5756388, 1616795515.2885492]
[1616795512.4321034, 1616795515.1591759]
[1616795512.5231025, 1616795515.2788117]
[1616795512.7492547, 1616795515.495877]
[1616795512.732139, 1616795515.428826]
[1616795512.7113767, 1616795515.4862278]
[1616795512.7706456, 1616795515.448061]
[1616795512.6057107, 1616795515.3535802]
[1616795512.7808566, 1616795515.5520434]
[1616795512.7594147, 1616795515.4436805]
[1616795512.7527492, 1616795515.467636]
[1616795512.9489157, 1616795515.671278]
[1616795512.851015, 1616795515.4845283]
[1616795513.110442, 1616795515.8262043]
[1616795513.2072318, 1616795515.9057422]
[1616795513.038821, 1616795515.7033567]
[1616795513.5115523, 1616795516.217496]
[1616795513.305911, 1616795515.9681888]
[1616795513.482322, 1616795516.2185638]
[1616795513.5612676, 1616795516.2613976]
[1616795513.364913, 1616795516.0581856]
[1616795513.4229517, 1616795516.1375294]
[1616795513.5047033, 1616795516.191604]
[1616795513.4849117, 1616795516.178328]
[1616795513.3623526, 1616795516.0354183]
[1616795513.4456556, 1616795516.1518314]
[1616795513.950933, 1616795516.6696796]
[1616795513.786376, 1616795516.4719126]
[1616795513.8216443, 1616795516.5398238]
[1616795513.9240696, 1616795516.6503527]
[1616795514.0454187, 1616795516.7036426]
[1616795513.8714185, 1616795516.5722492]
[1616795514.0318618, 1616795516.765981]
[1616795513.774271, 1616795516.4893143]
[1616795514.1091204, 1616795516.8266912]
[1616795514.2486508, 1616795516.989716]
[1616795514.2429962, 1616795516.9467256]
[1616795514.2538562, 1616795516.9765904]
[1616795514.144048, 1616795516.8569307]
[1616795514.1763413, 1616795516.8117223]
[1616795514.4759629, 1616795517.1648872]
[1616795514.4593718, 1616795517.1941466]
[1616795514.5033581, 1616795517.1988847]
[1616795514.3788958, 1616795517.0775745]
[1616795514.5794756, 1616795517.3022418]
[1616795514.316435, 1616795517.0359643]
[1616795514.7622046, 1616795517.3990061]
[1616795514.5475056, 1616795517.2193077]
[1616795514.6701207, 1616795517.3746724]
[1616795514.7244747, 1616795517.434717]
[1616795514.7612693, 1616795517.4431913]
[1616795514.878316, 1616795517.6088953]
[1616795514.8616722, 1616795517.5359282]
[1616795514.767129, 1616795517.493744]
[1616795514.8269293, 1616795517.4834971]
[1616795515.1749277, 1616795517.8695705]
[1616795515.139842, 1616795517.9189901]
[1616795515.065094, 1616795517.7777188]
[1616795515.0595524, 1616795517.7434971]
[1616795515.0722628, 1616795517.7516744]
[1616795515.0341368, 1616795517.7136602]
[1616795515.2079763, 1616795517.9374518]
[1616795515.4091291, 1616795518.1528773]
[1616795515.348146, 1616795518.052067]
[1616795515.4819827, 1616795518.1766968]
[1616795515.424646, 1616795518.155818]
[1616795515.475935, 1616795518.1851478]
[1616795515.6055038, 1616795518.3858397]
[1616795515.859942, 1616795518.5839074]
[1616795515.5249743, 1616795518.2413497]
[1616795515.8606658, 1616795518.5689895]
[1616795515.9390821, 1616795518.7426496]
[1616795515.8064783, 1616795518.4788878]
[1616795515.6661065, 1616795518.393531]
[1616795516.0004146, 1616795518.6939332]
[1616795516.0804236, 1616795518.7994256]
[1616795515.97581, 1616795518.6328914]
[1616795515.9084086, 1616795518.5436502]
[1616795515.96042, 1616795518.6579587]
[1616795515.9631708, 1616795518.6461322]
[1616795516.296263, 1616795518.9909751]
[1616795516.2501726, 1616795519.0011504]
[1616795516.318686, 1616795519.034506]
[1616795516.365405, 1616795519.050192]
[1616795516.3316455, 1616795519.0203207]
[1616795516.4002447, 1616795519.0942223]
[1616795516.416701, 1616795519.131117]
[1616795516.789927, 1616795519.488955]
[1616795516.5241315, 1616795519.2198808]
[1616795516.5600433, 1616795519.2744038]
[1616795516.5820532, 1616795519.2726653]
[1616795516.7589064, 1616795519.4771593]
[1616795516.7476861, 1616795519.3909614]
[1616795516.7834709, 1616795519.5220072]
[1616795516.9350317, 1616795519.6844985]
[1616795516.90062, 1616795519.6162477]
[1616795516.7673707, 1616795519.491756]
[1616795517.1398175, 1616795519.8319147]
[1616795517.0795398, 1616795519.7907467]
[1616795517.0097516, 1616795519.740176]
[1616795517.0319095, 1616795519.7681735]
[1616795517.0700586, 1616795519.7901747]
[1616795517.5350606, 1616795520.297107]
[1616795517.3394158, 1616795520.0902364]
[1616795517.381212, 1616795520.083055]
[1616795517.3662226, 1616795520.055486]
[1616795517.2494333, 1616795519.9848716]
[1616795517.6471682, 1616795520.3790326]
[1616795517.5378506, 1616795520.2076352]
[1616795517.3761494, 1616795520.112374]
[1616795517.704436, 1616795520.368355]
[1616795517.7118344, 1616795520.3848102]
[1616795517.767268, 1616795520.4515216]
[1616795517.7187564, 1616795520.4009006]
[1616795517.7239566, 1616795520.427955]
[1616795517.8949108, 1616795520.5258954]
[1616795517.7760975, 1616795520.4749413]
[1616795517.8181002, 1616795520.5416648]
[1616795518.1757975, 1616795520.903957]
[1616795517.9563856, 1616795520.703807]
[1616795518.1481237, 1616795520.8623614]
[1616795517.8866348, 1616795520.5805037]
[1616795518.2858033, 1616795520.9954603]
[1616795518.26469, 1616795520.9576962]
[1616795518.3028908, 1616795520.970545]
[1616795518.4604716, 1616795521.1768558]
[1616795518.352937, 1616795521.0950644]
[1616795518.5240786, 1616795521.1996496]
[1616795518.7580936, 1616795521.4710183]
[1616795518.3763778, 1616795521.12634]
[1616795518.5844264, 1616795521.2935843]
[1616795518.6277304, 1616795521.3369517]
[1616795518.5454319, 1616795521.3134675]
[1616795518.7040007, 1616795521.4316645]
[1616795519.2061841, 1616795521.888339]
[1616795518.6553283, 1616795521.3549633]
[1616795518.8771644, 1616795521.579932]
[1616795518.9216166, 1616795521.6099854]
[1616795519.0720456, 1616795521.7669988]
[1616795519.0865042, 1616795521.8458505]
[1616795519.164942, 1616795521.863239]
[1616795519.0530221, 1616795521.834229]
[1616795519.247836, 1616795521.9500465]
[1616795519.360661, 1616795522.0456414]
[1616795519.1448898, 1616795521.835903]
[1616795519.0547585, 1616795521.7523577]
[1616795519.2554877, 1616795521.919283]
[1616795519.4449162, 1616795522.1091385]
[1616795519.3399687, 1616795522.1244874]
[1616795519.5028403, 1616795522.1969657]
[1616795519.4576397, 1616795522.116998]
[1616795519.4971871, 1616795522.2304404]
[1616795519.7776768, 1616795522.4963644]
[1616795519.5479312, 1616795522.2725515]
[1616795519.6436145, 1616795522.352345]
[1616795519.9499505, 1616795522.6702874]
[1616795519.6464858, 1616795522.363519]
[1616795519.930301, 1616795522.6511345]
[1616795519.8764896, 1616795522.585292]
[1616795519.8861198, 1616795522.5980587]
[1616795519.969647, 1616795522.6400528]
[1616795519.985095, 1616795522.615997]
[1616795520.0524132, 1616795522.724311]
[1616795520.1208947, 1616795522.8978643]
[1616795519.9429598, 1616795522.671414]
[1616795520.1331913, 1616795522.877884]
[1616795520.1940494, 1616795522.8986502]
[1616795520.2315736, 1616795522.9394107]
[1616795520.2331936, 1616795522.9012644]
[1616795520.2190256, 1616795522.8945708]
[1616795520.5083106, 1616795523.2044783]
[1616795520.5240808, 1616795523.2203703]
[1616795520.473393, 1616795523.1563442]
[1616795520.595972, 1616795523.286635]
[1616795520.728479, 1616795523.4570158]
[1616795520.4525566, 1616795523.1705823]
[1616795520.651367, 1616795523.3671598]
[1616795520.7968972, 1616795523.4632444]
[1616795520.9600813, 1616795523.6422849]
[1616795520.8187566, 1616795523.507148]
[1616795520.905903, 1616795523.6348748]
[1616795520.89144, 1616795523.6074517]
[1616795520.9224632, 1616795523.635206]
[1616795521.0190039, 1616795523.7263827]
[1616795521.1635203, 1616795523.9318457]
[1616795520.9912376, 1616795523.6680577]
[1616795521.3525407, 1616795524.0662265]
[1616795521.1069734, 1616795523.8824399]
[1616795521.2715263, 1616795523.9277532]
[1616795521.1808233, 1616795523.9023032]
[1616795521.299157, 1616795524.0185041]
[1616795521.2794957, 1616795524.0291667]
[1616795521.3221338, 1616795524.087039]
[1616795521.4657278, 1616795524.1948311]
[1616795521.447888, 1616795524.137876]
[1616795521.428509, 1616795524.108328]
[1616795521.6424024, 1616795524.3379817]
[1616795521.6767702, 1616795524.386009]
[1616795521.8931897, 1616795524.6126304]
[1616795521.6278954, 1616795524.3073008]
[1616795521.8148918, 1616795524.5146956]
[1616795521.8176599, 1616795524.5176413]
[1616795521.9790025, 1616795524.6891758]
[1616795521.8369613, 1616795524.5217264]
[1616795522.0032084, 1616795524.6581085]
[1616795522.004401, 1616795524.7040036]
[1616795522.0838814, 1616795524.8259864]
[1616795522.078579, 1616795524.8126323]
[1616795522.1976895, 1616795524.9152882]
[1616795522.1026459, 1616795524.8084426]
[1616795522.072502, 1616795524.7500038]
[1616795522.4304125, 1616795525.1679237]
[1616795522.4370992, 1616795525.1596446]
[1616795522.3536868, 1616795525.098944]
[1616795522.4881246, 1616795525.1669905]
[1616795522.3622677, 1616795525.0734239]
[1616795522.4938767, 1616795525.1641188]
[1616795522.6290867, 1616795525.281294]
[1616795522.7175777, 1616795525.4394293]
[1616795522.8372278, 1616795525.5236309]
[1616795522.773802, 1616795525.4511018]
[1616795522.8089237, 1616795525.5398743]
[1616795522.7157166, 1616795525.4819386]
[1616795522.7704115, 1616795525.4798996]
[1616795522.7742896, 1616795525.4505923]
[1616795522.8601518, 1616795525.5880344]
[1616795522.9716198, 1616795525.6632442]
[1616795523.1649647, 1616795525.8596776]
[1616795523.2115223, 1616795525.9119542]
[1616795523.055536, 1616795525.741815]
[1616795523.2533426, 1616795525.9275472]
[1616795523.1909008, 1616795525.9171958]
[1616795523.3034384, 1616795526.0067983]
[1616795523.2855008, 1616795525.975694]
[1616795523.3238444, 1616795526.1180875]
[1616795523.372487, 1616795526.1037548]
[1616795523.4708693, 1616795526.11905]
[1616795523.3258386, 1616795526.001556]
[1616795523.639693, 1616795526.364617]
[1616795523.5733855, 1616795526.290709]
[1616795523.533056, 1616795526.2219813]
[1616795523.781123, 1616795526.507503]
[1616795523.7318428, 1616795526.4441395]
[1616795523.7281892, 1616795526.3990881]
[1616795523.9598222, 1616795526.700841]
[1616795523.7813044, 1616795526.484209]
[1616795524.0015895, 1616795526.6518974]
[1616795524.0528524, 1616795526.7777507]
[1616795524.0590007, 1616795526.7754438]
[1616795524.2681231, 1616795526.9858751]
[1616795523.8719072, 1616795526.5779068]
[1616795524.210481, 1616795526.95859]
[1616795524.0920136, 1616795526.8846786]
[1616795524.3052206, 1616795527.0491767]
[1616795524.2412593, 1616795526.9272437]
[1616795524.4052434, 1616795527.0997984]
[1616795524.2116747, 1616795526.9006011]
[1616795524.3004115, 1616795526.9977062]
[1616795524.4026215, 1616795527.119123]
[1616795524.3006232, 1616795527.0601985]
[1616795524.687638, 1616795527.361953]
[1616795524.6654994, 1616795527.3387632]
[1616795524.73029, 1616795527.4308524]
[1616795524.7020473, 1616795527.404396]
[1616795524.7056384, 1616795527.4084816]
[1616795524.812434, 1616795527.4992154]
[1616795524.6725926, 1616795527.377694]
[1616795524.9346757, 1616795527.6948001]
[1616795524.7299328, 1616795527.431411]
[1616795524.859631, 1616795527.5971754]
[1616795524.963522, 1616795527.6711545]
[1616795524.9221644, 1616795527.6403704]
[1616795524.9416478, 1616795527.6604688]
[1616795525.1731837, 1616795527.9196377]
[1616795525.2589333, 1616795527.9440498]
[1616795525.0576937, 1616795527.735276]
[1616795525.0839393, 1616795527.767393]
[1616795525.3269207, 1616795527.9681895]
[1616795525.3758125, 1616795528.129355]
[1616795525.3939948, 1616795528.1198485]
[1616795525.3313913, 1616795528.0604622]
[1616795525.2648623, 1616795527.925782]
[1616795525.3860834, 1616795528.0676486]
[1616795525.5337565, 1616795528.2175832]
[1616795525.5118206, 1616795528.231017]
[1616795525.5318394, 1616795528.226956]
[1616795525.3889763, 1616795528.1323373]
[1616795525.6505346, 1616795528.3538537]
[1616795525.6148753, 1616795528.3671288]
[1616795525.65912, 1616795528.386364]
[1616795525.6989467, 1616795528.4015296]
[1616795525.7912517, 1616795528.4678962]
[1616795525.9111185, 1616795528.584305]
[1616795525.8243747, 1616795528.543342]
[1616795525.7988837, 1616795528.4955556]
[1616795525.8602343, 1616795528.5823193]
[1616795525.9821286, 1616795528.6722138]
[1616795525.9934666, 1616795528.7093985]
[1616795526.001042, 1616795528.746799]
[1616795525.999583, 1616795528.6869836]
[1616795526.1242998, 1616795528.8750856]
[1616795526.051091, 1616795528.7387636]
[1616795526.1706738, 1616795528.8152041]
[1616795525.9358745, 1616795528.6312406]
[1616795526.2450254, 1616795528.9439223]
[1616795526.1959736, 1616795528.902339]
[1616795526.115049, 1616795528.8352253]
[1616795526.2311394, 1616795528.9344838]
[1616795526.3787358, 1616795529.0925298]
[1616795526.2609844, 1616795528.9737256]
[1616795526.3365138, 1616795529.0720942]
[1616795526.284009, 1616795528.9993498]
[1616795526.430774, 1616795529.0995636]
[1616795526.4581318, 1616795529.196214]
[1616795526.4835143, 1616795529.2054548]
[1616795526.612153, 1616795529.2754402]
[1616795526.605589, 1616795529.278711]
[1616795526.4042656, 1616795529.1491675]
[1616795526.5586002, 1616795529.2953815]
[1616795526.3726757, 1616795529.095556]
[1616795526.7434158, 1616795529.484264]
[1616795526.6929152, 1616795529.34595]
[1616795526.5849335, 1616795529.297771]
[1616795526.7856472, 1616795529.534034]
[1616795526.6949267, 1616795529.391213]
[1616795526.8778327, 1616795529.6096158]
[1616795526.8406734, 1616795529.5463905]
[1616795526.9908555, 1616795529.710175]
[1616795526.9587936, 1616795529.6685677]
[1616795527.0589883, 1616795529.7929158]
[1616795527.1264918, 1616795529.843909]
[1616795526.921126, 1616795529.6090233]
[1616795526.9963644, 1616795529.7230453]
[1616795527.0641973, 1616795529.8076549]
[1616795527.0714152, 1616795529.8203511]
[1616795527.1176426, 1616795529.8232684]
[1616795527.1557372, 1616795529.931384]
[1616795527.17144, 1616795529.841014]
[1616795527.3287063, 1616795530.0465403]
[1616795527.1806064, 1616795529.8921907]
[1616795527.293328, 1616795530.0239968]
[1616795527.2828624, 1616795530.001542]
[1616795527.3167562, 1616795530.0393856]
[1616795527.4874673, 1616795530.1761603]
[1616795527.47674, 1616795530.197074]
[1616795527.511455, 1616795530.197958]
[1616795527.4344316, 1616795530.1361036]
[1616795527.5700102, 1616795530.2390327]
[1616795527.6100307, 1616795530.3419917]
[1616795527.4342625, 1616795530.1765325]
[1616795527.4191613, 1616795530.1182163]
[1616795527.5003161, 1616795530.1978123]
[1616795527.5879555, 1616795530.304624]
[1616795527.6413136, 1616795530.3600516]
[1616795527.6314452, 1616795530.3348484]
[1616795527.7069228, 1616795530.448513]
[1616795527.628353, 1616795530.3967674]
[1616795527.7529666, 1616795530.4015253]
[1616795527.639064, 1616795530.3422427]
[1616795527.726429, 1616795530.4522278]
[1616795527.9450235, 1616795530.654127]
[1616795527.8305979, 1616795530.533651]
[1616795527.7390623, 1616795530.4389937]
[1616795527.6874053, 1616795530.383754]
[1616795527.8684244, 1616795530.6124995]
[1616795527.9381585, 1616795530.6565552]
[1616795527.8081284, 1616795530.523225]
[1616795527.9238062, 1616795530.6317592]
[1616795527.9364574, 1616795530.6445608]
[1616795528.0255184, 1616795530.7651732]
[1616795527.9307983, 1616795530.5811112]
[1616795527.9597814, 1616795530.6268778]
[1616795528.1065426, 1616795530.8047285]
[1616795527.96095, 1616795530.729867]
[1616795528.116515, 1616795530.857371]
[1616795528.14171, 1616795530.8874137]
[1616795528.133105, 1616795530.865715]
[1616795528.1353395, 1616795530.8958874]
[1616795528.1015177, 1616795530.827644]
[1616795528.0804048, 1616795530.7600634]
[1616795528.0120094, 1616795530.6325865]
[1616795528.2848454, 1616795531.0177922]
[1616795528.372311, 1616795531.0667772]
[1616795528.250935, 1616795530.9266624]
[1616795528.2409515, 1616795530.9915662]
[1616795528.309063, 1616795531.034602]
[1616795528.3909361, 1616795531.1245708]
[1616795528.396413, 1616795531.0914938]
[1616795528.357951, 1616795531.0902731]
[1616795528.325606, 1616795531.0531955]
[1616795528.4365947, 1616795531.1260505]
[1616795528.387162, 1616795531.106073]
[1616795528.4054947, 1616795531.102027]
[1616795528.3333147, 1616795531.016892]
[1616795528.408029, 1616795531.101227]
[1616795528.5119712, 1616795531.21458]
[1616795528.5547585, 1616795531.291708]
[1616795528.4430487, 1616795531.170041]
[1616795528.2775707, 1616795530.9589202]
[1616795528.5004478, 1616795531.2436082]
[1616795528.7105832, 1616795531.4225178]
[1616795528.4973989, 1616795531.2272]
[1616795528.4950476, 1616795531.1659758]
[1616795528.5474946, 1616795531.2600963]
[1616795528.605451, 1616795531.3501852]
[1616795528.6455896, 1616795531.3172266]
[1616795528.704745, 1616795531.3884943]
[1616795528.7550087, 1616795531.4568298]
[1616795528.6465602, 1616795531.3348708]
[1616795528.6139553, 1616795531.3236566]
[1616795528.5190747, 1616795531.1811662]
[1616795528.5846002, 1616795531.3313649]
[1616795528.5892074, 1616795531.2664478]
[1616795528.6837385, 1616795531.3946297]
[1616795528.753818, 1616795531.4888906]
[1616795528.5871785, 1616795531.3290534]
[1616795528.6194293, 1616795531.3371344]
[1616795528.8241699, 1616795531.4620354]
[1616795528.7730865, 1616795531.487072]
[1616795528.666517, 1616795531.3459516]
[1616795528.7575648, 1616795531.4184668]
[1616795528.8286383, 1616795531.5464268]
[1616795528.8166552, 1616795531.5370696]
[1616795528.7846112, 1616795531.487135]
[1616795528.8633244, 1616795531.5497255]
[1616795528.7576852, 1616795531.4549105]
[1616795528.7173877, 1616795531.4276311]
[1616795528.7567277, 1616795531.4247558]
[1616795528.6754496, 1616795531.4192293]
[1616795528.9394815, 1616795531.676915]
[1616795528.7712548, 1616795531.4517963]
[1616795528.9838283, 1616795531.6961343]
[1616795528.8833852, 1616795531.623682]
[1616795528.8518848, 1616795531.5689366]
[1616795528.9186633, 1616795531.61325]
[1616795528.8652108, 1616795531.5761495]
[1616795528.9596596, 1616795531.6579542]
[1616795528.9946823, 1616795531.7072942]
[1616795528.7363176, 1616795531.4878604]
[1616795529.0105696, 1616795531.6899757]
[1616795528.917865, 1616795531.6344216]
[1616795528.8312008, 1616795531.56498]
[1616795528.7708864, 1616795531.5113065]
[1616795528.999489, 1616795531.715656]
[1616795529.0299869, 1616795531.738448]
[1616795528.7699118, 1616795531.5100818]
[1616795528.8637154, 1616795531.6289852]
[1616795529.011916, 1616795531.6973507]
[1616795529.055716, 1616795531.801816]
[1616795529.0388634, 1616795531.7615623]
[1616795528.996223, 1616795531.7721066]
[1616795529.0125782, 1616795531.6634798]
[1616795529.005482, 1616795531.7017987]
[1616795529.0470665, 1616795531.7440755]
[1616795529.030456, 1616795531.7966068]
[1616795528.9887354, 1616795531.710729]
[1616795529.0383892, 1616795531.7162423]
[1616795528.9298632, 1616795531.6706512]
[1616795529.0406206, 1616795531.8032007]
[1616795528.8727803, 1616795531.5239854]
[1616795529.0492034, 1616795531.6936536]
[1616795529.0717168, 1616795531.788371]
[1616795529.0472054, 1616795531.7643914]
[1616795529.0674639, 1616795531.7757318]
[1616795528.9062643, 1616795531.6052856]
[1616795528.976326, 1616795531.656186]
[1616795528.9151077, 1616795531.585295]
[1616795529.043782, 1616795531.7536814]
