[1616799292.7539742, 1616799295.4967573]
[1616799292.5853848, 1616799295.307891]
[1616799292.6728923, 1616799295.4059238]
[1616799292.9660952, 1616799295.6893399]
[1616799292.8557982, 1616799295.5752776]
[1616799292.9728093, 1616799295.6859763]
[1616799292.7796087, 1616799295.497101]
[1616799292.8328633, 1616799295.5398157]
[1616799292.8722887, 1616799295.5938632]
[1616799292.8697133, 1616799295.5853932]
[1616799292.741028, 1616799295.4694767]
[1616799293.12372, 1616799295.8292556]
[1616799293.0742006, 1616799295.7717254]
[1616799292.815717, 1616799295.5356226]
[1616799292.613353, 1616799295.3408813]
[1616799293.1405122, 1616799295.8669236]
[1616799292.9826643, 1616799295.6965232]
[1616799292.8644798, 1616799295.581]
[1616799292.6571577, 1616799295.3857872]
[1616799293.019452, 1616799295.7238595]
[1616799293.4974399, 1616799296.1814437]
[1616799293.5163507, 1616799296.2204452]
[1616799293.4865441, 1616799296.1901562]
[1616799293.3506644, 1616799296.0465496]
[1616799293.2959352, 1616799295.9993312]
[1616799293.6568909, 1616799296.342202]
[1616799294.0073464, 1616799296.689281]
[1616799293.645087, 1616799296.3448908]
[1616799293.8389106, 1616799296.5751193]
[1616799293.9570904, 1616799296.6787875]
[1616799293.4038758, 1616799296.0780916]
[1616799294.2249691, 1616799296.892139]
[1616799294.213796, 1616799296.8944252]
[1616799294.3049116, 1616799297.0080388]
[1616799294.5993564, 1616799297.3412442]
[1616799294.2144773, 1616799296.9173872]
[1616799294.3502524, 1616799297.0825014]
[1616799294.479908, 1616799297.2447677]
[1616799294.103407, 1616799296.7606575]
[1616799294.3617628, 1616799297.0684762]
[1616799294.4563036, 1616799297.164442]
[1616799294.8067923, 1616799297.5491078]
[1616799294.5658882, 1616799297.3013034]
[1616799294.7563415, 1616799297.5152972]
[1616799294.9435208, 1616799297.678011]
[1616799294.9220445, 1616799297.6917207]
[1616799295.017923, 1616799297.7611268]
[1616799295.4040642, 1616799298.1276073]
[1616799295.366952, 1616799298.1126459]
[1616799295.566793, 1616799298.2836976]
[1616799295.068606, 1616799297.744013]
[1616799295.791432, 1616799298.4954975]
[1616799295.7149014, 1616799298.4140868]
[1616799295.8134973, 1616799298.5677605]
[1616799295.7424872, 1616799298.4494083]
[1616799296.0579164, 1616799298.755007]
[1616799295.9998791, 1616799298.7143083]
[1616799296.286755, 1616799298.9887652]
[1616799296.1745818, 1616799298.8926685]
[1616799296.0957215, 1616799298.7646546]
[1616799296.650282, 1616799299.3596196]
[1616799296.261708, 1616799298.9683213]
[1616799296.338155, 1616799299.0143588]
[1616799296.7072017, 1616799299.3997962]
[1616799296.675862, 1616799299.363921]
[1616799296.7538166, 1616799299.459577]
[1616799296.771519, 1616799299.449583]
[1616799296.5828822, 1616799299.3008997]
[1616799296.687915, 1616799299.438654]
[1616799297.1036067, 1616799299.830493]
[1616799297.1634095, 1616799299.886342]
[1616799297.349348, 1616799300.0859864]
[1616799297.2443106, 1616799299.978673]
[1616799297.1799505, 1616799299.8955505]
[1616799297.3735144, 1616799300.102644]
[1616799297.371963, 1616799300.1313043]
[1616799297.3833277, 1616799300.0766385]
[1616799297.4613998, 1616799300.1487646]
[1616799297.4959378, 1616799300.1832783]
[1616799297.732087, 1616799300.487199]
[1616799297.7808735, 1616799300.5200388]
[1616799297.9467044, 1616799300.622195]
[1616799297.9577653, 1616799300.7224464]
[1616799298.3140426, 1616799301.0094945]
[1616799298.1025553, 1616799300.8593688]
[1616799298.2191994, 1616799300.9450336]
[1616799298.2422593, 1616799300.9813652]
[1616799298.2920866, 1616799301.0089853]
[1616799298.5328538, 1616799301.2436318]
[1616799298.3749537, 1616799301.1101353]
[1616799298.6515625, 1616799301.3609135]
[1616799298.2970376, 1616799301.0489101]
[1616799298.8806689, 1616799301.5755332]
[1616799298.7136614, 1616799301.4266453]
[1616799298.8872933, 1616799301.6145198]
[1616799298.9056973, 1616799301.6240106]
[1616799298.9805145, 1616799301.6822283]
[1616799298.665093, 1616799301.3783119]
[1616799299.038976, 1616799301.7330287]
[1616799298.8509912, 1616799301.508005]
[1616799298.985934, 1616799301.7040212]
[1616799299.0415165, 1616799301.761506]
[1616799299.337236, 1616799302.075303]
[1616799299.4143653, 1616799302.105982]
[1616799299.2862132, 1616799302.0036929]
[1616799299.4362702, 1616799302.1233165]
[1616799299.4541306, 1616799302.1682205]
[1616799299.700572, 1616799302.3754816]
[1616799299.617089, 1616799302.3257627]
[1616799299.731158, 1616799302.4411674]
[1616799299.8034077, 1616799302.5279307]
[1616799299.8750021, 1616799302.6113503]
[1616799299.90316, 1616799302.6430151]
[1616799300.0709174, 1616799302.7827652]
[1616799300.094883, 1616799302.8284168]
[1616799300.2646625, 1616799302.956052]
[1616799300.1762757, 1616799302.8841028]
[1616799300.2157292, 1616799302.9084697]
[1616799300.261544, 1616799303.0045886]
[1616799300.363631, 1616799303.070086]
[1616799300.6329625, 1616799303.3502803]
[1616799300.2284865, 1616799302.9913876]
[1616799300.717823, 1616799303.424114]
[1616799300.6209922, 1616799303.3663862]
[1616799300.706155, 1616799303.4443867]
[1616799300.7203481, 1616799303.4457452]
[1616799300.9450436, 1616799303.6557443]
[1616799300.88499, 1616799303.650934]
[1616799300.839254, 1616799303.5839288]
[1616799301.0155666, 1616799303.7261562]
[1616799301.0511084, 1616799303.7592564]
[1616799301.0108075, 1616799303.751578]
[1616799301.2447221, 1616799303.9764547]
[1616799301.3707972, 1616799304.095303]
[1616799301.358652, 1616799304.0866673]
[1616799301.3460684, 1616799304.0975094]
[1616799301.3280733, 1616799304.0419016]
[1616799301.3893023, 1616799304.1050937]
[1616799301.7382236, 1616799304.4280453]
[1616799301.6337664, 1616799304.353866]
[1616799301.819352, 1616799304.5607255]
[1616799301.56583, 1616799304.2718844]
[1616799301.5572796, 1616799304.233957]
[1616799301.9425287, 1616799304.6636715]
[1616799301.6854196, 1616799304.40992]
[1616799302.0255744, 1616799304.7421703]
[1616799302.1653583, 1616799304.8545797]
[1616799301.975545, 1616799304.7033231]
[1616799302.1534412, 1616799304.8408203]
[1616799302.178821, 1616799304.8880231]
[1616799302.071836, 1616799304.7745564]
[1616799302.4362583, 1616799305.1497355]
[1616799302.4393833, 1616799305.164467]
[1616799302.4290757, 1616799305.1092143]
[1616799302.486953, 1616799305.2306514]
[1616799302.480611, 1616799305.1883643]
[1616799302.629072, 1616799305.3545332]
[1616799302.5632133, 1616799305.307591]
[1616799302.7357478, 1616799305.4510655]
[1616799302.7557576, 1616799305.4875662]
[1616799302.7656543, 1616799305.5034287]
[1616799302.9692335, 1616799305.6881375]
[1616799302.9343312, 1616799305.6192355]
[1616799302.7905655, 1616799305.4974303]
[1616799302.862587, 1616799305.596947]
[1616799303.056128, 1616799305.794597]
[1616799302.942245, 1616799305.6387672]
[1616799303.0088983, 1616799305.7874177]
[1616799303.1380982, 1616799305.8442004]
[1616799302.9648585, 1616799305.6509054]
[1616799303.5027215, 1616799306.2488382]
[1616799303.223335, 1616799305.9425225]
[1616799303.1461413, 1616799305.8877406]
[1616799303.2869012, 1616799305.9897106]
[1616799303.4283721, 1616799306.141552]
[1616799303.5323062, 1616799306.2511587]
[1616799303.338115, 1616799306.0454593]
[1616799303.5277877, 1616799306.3042274]
[1616799303.586332, 1616799306.3265707]
[1616799303.5193205, 1616799306.2827275]
[1616799303.6834948, 1616799306.4145064]
[1616799303.7828956, 1616799306.4957695]
[1616799303.8322992, 1616799306.5706425]
[1616799303.7086582, 1616799306.4666252]
[1616799303.8235376, 1616799306.5609772]
[1616799303.7495303, 1616799306.4490972]
[1616799303.827408, 1616799306.6063802]
[1616799303.8079963, 1616799306.540507]
[1616799303.8979182, 1616799306.6637611]
[1616799303.9521942, 1616799306.6992085]
[1616799303.8363025, 1616799306.6040149]
[1616799303.9480352, 1616799306.7174141]
[1616799304.0383599, 1616799306.7575295]
[1616799304.2318244, 1616799306.938776]
[1616799304.2496653, 1616799306.926014]
[1616799304.3423343, 1616799307.0805995]
[1616799304.3354475, 1616799307.087148]
[1616799304.3052733, 1616799307.0314538]
[1616799304.4830296, 1616799307.2107706]
[1616799304.6432054, 1616799307.3507705]
[1616799304.4596577, 1616799307.1483984]
[1616799304.6010883, 1616799307.3291218]
[1616799304.5701478, 1616799307.2702134]
[1616799304.666973, 1616799307.3852353]
[1616799304.7181425, 1616799307.421009]
[1616799304.5013204, 1616799307.2146022]
[1616799304.725321, 1616799307.435867]
[1616799304.7696962, 1616799307.4841223]
[1616799305.0809596, 1616799307.875305]
[1616799305.0372555, 1616799307.7063959]
[1616799305.123983, 1616799307.7913396]
[1616799305.0909092, 1616799307.8786933]
[1616799305.0272136, 1616799307.7294366]
[1616799305.0116665, 1616799307.7307725]
[1616799305.3530366, 1616799308.0859354]
[1616799305.1299014, 1616799307.856036]
[1616799305.0797637, 1616799307.7832603]
[1616799305.1254346, 1616799307.8479197]
[1616799305.524514, 1616799308.2161908]
[1616799305.3853436, 1616799308.108669]
[1616799305.499799, 1616799308.24135]
[1616799305.509716, 1616799308.232553]
[1616799305.7097023, 1616799308.4004407]
[1616799305.7046325, 1616799308.4354239]
[1616799305.668659, 1616799308.373544]
[1616799305.7611337, 1616799308.4376903]
[1616799305.9294612, 1616799308.6901476]
[1616799305.7769098, 1616799308.5188797]
[1616799305.8579302, 1616799308.5798223]
[1616799306.055243, 1616799308.7800634]
[1616799306.003092, 1616799308.6885533]
[1616799305.880645, 1616799308.621542]
[1616799305.935473, 1616799308.696447]
[1616799306.2299142, 1616799308.955761]
[1616799306.0720007, 1616799308.7923577]
[1616799306.2660596, 1616799308.9824998]
[1616799306.1807323, 1616799308.9226668]
[1616799306.2544405, 1616799308.9799938]
[1616799306.434415, 1616799309.1694727]
[1616799306.3458211, 1616799309.0908277]
[1616799306.3174286, 1616799309.0626152]
[1616799306.440129, 1616799309.1430023]
[1616799306.425045, 1616799309.1414368]
[1616799306.7348144, 1616799309.4947288]
[1616799306.6849582, 1616799309.4742477]
[1616799306.609021, 1616799309.3466074]
[1616799306.8789232, 1616799309.6441567]
[1616799306.664005, 1616799309.4296396]
[1616799306.9449542, 1616799309.6677551]
[1616799306.75799, 1616799309.521377]
[1616799306.8603764, 1616799309.5857942]
[1616799306.9866066, 1616799309.674884]
[1616799307.146755, 1616799309.866236]
[1616799306.8982055, 1616799309.6479921]
[1616799307.0410347, 1616799309.7479548]
[1616799307.1188836, 1616799309.877457]
[1616799307.2405496, 1616799309.956004]
[1616799307.1927752, 1616799309.8882644]
[1616799307.2234225, 1616799309.9366453]
[1616799307.1986282, 1616799309.9358094]
[1616799307.3792455, 1616799310.0895479]
[1616799307.5408423, 1616799310.2567165]
[1616799307.4426022, 1616799310.1529496]
[1616799307.5870295, 1616799310.3101294]
[1616799307.6677866, 1616799310.3785877]
[1616799307.7484221, 1616799310.46683]
[1616799307.5648997, 1616799310.2968311]
[1616799307.549375, 1616799310.2604954]
[1616799307.9191277, 1616799310.688781]
[1616799307.8372428, 1616799310.5280845]
[1616799307.9634235, 1616799310.6982496]
[1616799307.8317707, 1616799310.4892108]
[1616799308.0911455, 1616799310.825048]
[1616799308.054853, 1616799310.7524407]
[1616799308.0554688, 1616799310.7734113]
[1616799307.937787, 1616799310.6944568]
[1616799308.149363, 1616799310.8207912]
[1616799308.1340613, 1616799310.8625202]
[1616799308.4540663, 1616799311.1326385]
[1616799308.200064, 1616799310.9188967]
[1616799308.3494782, 1616799311.079742]
[1616799308.4612093, 1616799311.3023572]
[1616799308.3831787, 1616799311.0821948]
[1616799308.5532327, 1616799311.292005]
[1616799308.6542625, 1616799311.3711178]
[1616799308.6496866, 1616799311.401368]
[1616799308.747764, 1616799311.5093288]
[1616799308.6896832, 1616799311.360473]
[1616799308.6934147, 1616799311.3892493]
[1616799308.8362584, 1616799311.554392]
[1616799309.0077631, 1616799311.7424011]
[1616799308.870969, 1616799311.5932612]
[1616799309.084974, 1616799311.8328314]
[1616799309.1091545, 1616799311.8541672]
[1616799309.0631907, 1616799311.7883973]
[1616799309.2551856, 1616799311.9725573]
[1616799309.2022326, 1616799311.9179869]
[1616799309.188221, 1616799311.891759]
[1616799309.1862001, 1616799311.9217918]
[1616799309.2218053, 1616799311.9531896]
[1616799309.284902, 1616799312.0223143]
[1616799309.5317779, 1616799312.2793207]
[1616799309.608913, 1616799312.3425465]
[1616799309.4679983, 1616799312.2446556]
[1616799309.6441753, 1616799312.4105403]
[1616799309.5885854, 1616799312.350512]
[1616799309.7326849, 1616799312.4935994]
[1616799309.723627, 1616799312.4301078]
[1616799309.7220626, 1616799312.3936207]
[1616799309.8174875, 1616799312.5811794]
[1616799309.969753, 1616799312.7503886]
[1616799309.847188, 1616799312.5917559]
[1616799309.9770548, 1616799312.694858]
[1616799309.8125627, 1616799312.5366328]
[1616799310.042061, 1616799312.7367492]
[1616799310.0060158, 1616799312.7496288]
[1616799310.0451028, 1616799312.79182]
[1616799310.115096, 1616799312.833481]
[1616799310.2659357, 1616799312.9837813]
[1616799310.338172, 1616799313.060569]
[1616799310.4437406, 1616799313.175853]
[1616799310.2906485, 1616799312.994664]
[1616799310.2573166, 1616799312.9563258]
[1616799310.3537176, 1616799313.0775232]
[1616799310.5311003, 1616799313.1821642]
[1616799310.4539454, 1616799313.1725788]
[1616799310.5682433, 1616799313.314076]
[1616799310.6557922, 1616799313.361325]
[1616799310.4342387, 1616799313.1540444]
[1616799310.548272, 1616799313.255128]
[1616799311.1244762, 1616799313.8407319]
[1616799310.9636173, 1616799313.679371]
[1616799310.862358, 1616799313.614573]
[1616799310.8964393, 1616799313.6613524]
[1616799310.746877, 1616799313.4630585]
[1616799311.3043149, 1616799314.0380108]
[1616799310.9930491, 1616799313.6607168]
[1616799311.00909, 1616799313.73308]
[1616799311.3432198, 1616799314.105651]
[1616799311.1242504, 1616799313.8607504]
[1616799311.2633827, 1616799314.0165153]
[1616799311.250154, 1616799313.9494376]
[1616799311.3287182, 1616799314.0537384]
[1616799311.1710668, 1616799313.8338194]
[1616799311.608257, 1616799314.3176422]
[1616799311.2912924, 1616799314.043067]
[1616799311.486734, 1616799314.199781]
[1616799311.504248, 1616799314.193355]
[1616799311.6112223, 1616799314.3298645]
[1616799311.4660053, 1616799314.147393]
[1616799311.6829662, 1616799314.4081738]
[1616799311.6776745, 1616799314.368862]
[1616799311.7494855, 1616799314.4708784]
[1616799311.4266748, 1616799314.1615937]
[1616799311.8178473, 1616799314.5436692]
[1616799312.2274177, 1616799314.9230106]
[1616799311.9275506, 1616799314.6202738]
[1616799312.0078123, 1616799314.7206986]
[1616799311.6727693, 1616799314.430066]
[1616799312.1562805, 1616799314.912635]
[1616799312.0525286, 1616799314.7976253]
[1616799312.1411672, 1616799314.8595462]
[1616799312.294309, 1616799315.1041503]
[1616799312.315366, 1616799315.05752]
[1616799312.6752436, 1616799315.434745]
[1616799312.4791963, 1616799315.242305]
[1616799312.4426053, 1616799315.1606824]
[1616799312.2902184, 1616799315.0762398]
[1616799312.4999168, 1616799315.2396626]
[1616799312.6654277, 1616799315.4076095]
[1616799312.522498, 1616799315.2685192]
[1616799312.5780838, 1616799315.3046277]
[1616799312.7069833, 1616799315.4782846]
[1616799312.7002506, 1616799315.416315]
[1616799312.813085, 1616799315.5627272]
[1616799312.6674173, 1616799315.4283679]
[1616799312.515127, 1616799315.1851554]
[1616799312.9845307, 1616799315.736053]
[1616799312.84628, 1616799315.562682]
[1616799313.1793618, 1616799315.9011333]
[1616799312.972478, 1616799315.6979346]
[1616799313.059334, 1616799315.7637672]
[1616799312.9666224, 1616799315.6709847]
[1616799313.1868207, 1616799315.8963606]
[1616799313.3535764, 1616799316.0149927]
[1616799313.1366866, 1616799315.8741274]
[1616799313.2734044, 1616799315.9855688]
[1616799313.1813192, 1616799315.8966904]
[1616799313.3389182, 1616799316.046446]
[1616799313.5556462, 1616799316.26888]
[1616799313.764047, 1616799316.4916945]
[1616799313.634922, 1616799316.3736115]
[1616799313.4137528, 1616799316.1143303]
[1616799313.726037, 1616799316.3993497]
[1616799313.670596, 1616799316.3973901]
[1616799313.7449858, 1616799316.4650762]
[1616799313.954303, 1616799316.607296]
[1616799313.9310815, 1616799316.6408207]
[1616799313.7220368, 1616799316.4381318]
[1616799313.8103192, 1616799316.4967573]
[1616799313.8017983, 1616799316.5184424]
[1616799313.871018, 1616799316.619803]
[1616799314.0948722, 1616799316.8298717]
[1616799314.0623643, 1616799316.772551]
[1616799314.0788398, 1616799316.8547833]
[1616799314.258301, 1616799316.9927278]
[1616799314.1577158, 1616799316.847129]
[1616799314.2353473, 1616799316.9446416]
[1616799314.3474646, 1616799317.0753713]
[1616799314.3185518, 1616799317.0722039]
[1616799314.4334514, 1616799317.1535947]
[1616799314.5117626, 1616799317.270617]
[1616799314.2578223, 1616799316.951836]
[1616799314.4753506, 1616799317.2037935]
[1616799314.400745, 1616799317.1045506]
[1616799314.727146, 1616799317.4391274]
[1616799314.7340467, 1616799317.4048655]
[1616799314.561644, 1616799317.3005636]
[1616799314.807099, 1616799317.5441196]
[1616799314.8136015, 1616799317.5049891]
[1616799315.0198476, 1616799317.7749755]
[1616799314.9452384, 1616799317.6418796]
[1616799315.0226092, 1616799317.721008]
[1616799315.0944867, 1616799317.8431706]
[1616799314.8928056, 1616799317.6193643]
[1616799314.9497156, 1616799317.697912]
[1616799315.1836572, 1616799317.8749838]
[1616799315.0643902, 1616799317.8041904]
[1616799315.0666013, 1616799317.785574]
[1616799315.251834, 1616799318.0238836]
[1616799315.513049, 1616799318.2670016]
[1616799315.266892, 1616799318.0509565]
[1616799315.4680135, 1616799318.1893563]
[1616799315.320635, 1616799318.043723]
[1616799315.4973636, 1616799318.2428148]
[1616799315.539468, 1616799318.2770693]
[1616799315.7499928, 1616799318.4768233]
[1616799315.6526365, 1616799318.368451]
[1616799315.6233566, 1616799318.3675656]
[1616799315.692485, 1616799318.4105275]
[1616799315.7912672, 1616799318.4958909]
[1616799315.7046688, 1616799318.444163]
[1616799316.2210095, 1616799318.9345415]
[1616799315.917568, 1616799318.6378553]
[1616799315.8769233, 1616799318.596531]
[1616799316.0259635, 1616799318.6894467]
[1616799316.3940883, 1616799319.1462517]
[1616799315.9845226, 1616799318.6928678]
[1616799316.237653, 1616799318.9453285]
[1616799315.9835095, 1616799318.7050667]
[1616799316.1594553, 1616799318.8476007]
[1616799316.3755536, 1616799319.0488837]
[1616799316.4492753, 1616799319.1623836]
[1616799316.3370223, 1616799319.0579758]
[1616799316.3640904, 1616799319.1037934]
[1616799316.30074, 1616799319.022528]
[1616799316.4323382, 1616799319.0710862]
[1616799316.754727, 1616799319.4869013]
[1616799316.4974484, 1616799319.2141912]
[1616799316.5861287, 1616799319.2947335]
[1616799316.9972942, 1616799319.7493887]
[1616799316.8392587, 1616799319.589741]
[1616799316.7781796, 1616799319.4792604]
[1616799316.7163365, 1616799319.429701]
[1616799316.8484037, 1616799319.579307]
[1616799317.0125854, 1616799319.719737]
[1616799316.725121, 1616799319.4010973]
[1616799316.8310313, 1616799319.548992]
[1616799316.7637746, 1616799319.4313169]
[1616799316.9288733, 1616799319.6269648]
[1616799316.944706, 1616799319.7057586]
[1616799317.1454275, 1616799319.8500662]
[1616799316.9943855, 1616799319.6788123]
[1616799316.9022443, 1616799319.6630468]
[1616799317.3569593, 1616799320.078186]
[1616799317.5494773, 1616799320.2390902]
[1616799317.4174716, 1616799320.0897317]
[1616799317.4016206, 1616799320.1600683]
[1616799317.4987895, 1616799320.2038815]
[1616799317.6454642, 1616799320.3718252]
[1616799317.7770581, 1616799320.4767952]
[1616799317.6578536, 1616799320.3509233]
[1616799317.5829077, 1616799320.3273056]
[1616799317.7771256, 1616799320.467521]
[1616799317.7138758, 1616799320.4826913]
[1616799317.8578098, 1616799320.603188]
[1616799317.8898878, 1616799320.5919437]
[1616799317.7824726, 1616799320.5421638]
[1616799317.897184, 1616799320.6487494]
[1616799318.0455093, 1616799320.8173609]
[1616799318.0471056, 1616799320.7725146]
[1616799318.0529218, 1616799320.7444274]
[1616799318.0992486, 1616799320.846733]
[1616799318.289573, 1616799321.0028436]
[1616799318.1369004, 1616799320.8477857]
[1616799318.2511742, 1616799321.0008667]
[1616799318.3499827, 1616799321.129456]
[1616799318.5680368, 1616799321.2989023]
[1616799318.6620266, 1616799321.4277797]
[1616799318.5581577, 1616799321.273907]
[1616799318.7263896, 1616799321.4297922]
[1616799318.761729, 1616799321.4746602]
[1616799318.6661801, 1616799321.3813038]
[1616799318.649585, 1616799321.3762746]
[1616799318.7026248, 1616799321.411693]
[1616799318.752772, 1616799321.434952]
[1616799318.918629, 1616799321.634016]
[1616799318.8819354, 1616799321.5570095]
[1616799319.1380587, 1616799321.8539228]
[1616799318.912236, 1616799321.6337693]
[1616799318.665466, 1616799321.4134114]
[1616799318.8973377, 1616799321.6308079]
[1616799319.322617, 1616799322.014568]
[1616799319.0604324, 1616799321.7342465]
[1616799319.1352205, 1616799321.882341]
[1616799319.0802956, 1616799321.7531078]
[1616799319.4275243, 1616799322.0692658]
[1616799319.2584207, 1616799321.9899404]
[1616799319.5414648, 1616799322.2652328]
[1616799319.3765187, 1616799322.084816]
[1616799319.5147393, 1616799322.2557518]
[1616799319.4341795, 1616799322.1631472]
[1616799319.6523683, 1616799322.3412101]
[1616799319.5747304, 1616799322.2868936]
[1616799319.4517858, 1616799322.13661]
[1616799319.6865966, 1616799322.3622303]
[1616799319.8512228, 1616799322.6153522]
[1616799319.6777065, 1616799322.4459004]
[1616799319.5663698, 1616799322.3115602]
[1616799319.9364219, 1616799322.6208189]
[1616799320.2400315, 1616799322.9496078]
[1616799320.1036284, 1616799322.7932756]
[1616799320.0510216, 1616799322.7814226]
[1616799320.0275085, 1616799322.8082864]
[1616799319.9728122, 1616799322.6983254]
[1616799320.146843, 1616799322.8892226]
[1616799320.557375, 1616799323.334813]
[1616799320.0476217, 1616799322.7954173]
[1616799320.258129, 1616799322.9550507]
[1616799320.3635156, 1616799323.0678105]
[1616799320.267014, 1616799323.050089]
[1616799320.4594398, 1616799323.1968944]
[1616799320.4506626, 1616799323.1655354]
[1616799320.4733102, 1616799323.196357]
[1616799320.5116305, 1616799323.2619648]
[1616799320.6426134, 1616799323.3902388]
[1616799320.734865, 1616799323.4851236]
[1616799320.796444, 1616799323.5681744]
[1616799320.7431953, 1616799323.4515615]
[1616799320.835339, 1616799323.5380983]
[1616799320.8456645, 1616799323.5392966]
[1616799320.8984153, 1616799323.6131387]
[1616799321.0456882, 1616799323.7601929]
[1616799321.054274, 1616799323.8162057]
[1616799320.8315701, 1616799323.6045086]
[1616799321.1547344, 1616799323.9324486]
[1616799321.13414, 1616799323.8340032]
[1616799321.1113214, 1616799323.8142145]
[1616799321.0768888, 1616799323.8379169]
[1616799321.3325682, 1616799324.0541036]
[1616799321.1704059, 1616799323.8899276]
[1616799321.3519845, 1616799324.1254363]
[1616799321.3223362, 1616799324.0511138]
[1616799321.5815482, 1616799324.226556]
[1616799321.491432, 1616799324.206928]
[1616799321.510459, 1616799324.1971698]
[1616799321.5131803, 1616799324.2327354]
[1616799321.6801322, 1616799324.3730063]
[1616799321.8224027, 1616799324.4629607]
[1616799321.7523153, 1616799324.4310062]
[1616799321.7304084, 1616799324.4589431]
[1616799321.7550197, 1616799324.4973001]
[1616799321.9000616, 1616799324.6504576]
[1616799322.1058824, 1616799324.8188977]
[1616799321.99743, 1616799324.7161806]
[1616799322.0596411, 1616799324.7668395]
[1616799321.9355166, 1616799324.6547492]
[1616799322.144723, 1616799324.828361]
[1616799322.3236983, 1616799325.0451245]
[1616799322.400313, 1616799325.10699]
[1616799322.349962, 1616799325.0344489]
[1616799322.3968592, 1616799325.0503173]
[1616799322.505974, 1616799325.2619245]
[1616799322.5365534, 1616799325.2601216]
[1616799322.436497, 1616799325.146713]
[1616799322.7283294, 1616799325.4194968]
[1616799322.7472806, 1616799325.398602]
[1616799322.5926764, 1616799325.314164]
[1616799322.7423334, 1616799325.4868968]
[1616799322.9020154, 1616799325.6750429]
[1616799322.667048, 1616799325.3723078]
[1616799322.8991704, 1616799325.633596]
[1616799322.9425707, 1616799325.6835234]
[1616799323.115719, 1616799325.9076512]
[1616799323.0838058, 1616799325.7870307]
[1616799323.1640978, 1616799325.8953345]
[1616799323.1987863, 1616799325.89502]
[1616799323.2000723, 1616799325.916297]
[1616799323.1322634, 1616799325.8457265]
[1616799323.1789293, 1616799325.9090545]
[1616799323.4050622, 1616799326.148843]
[1616799323.4094844, 1616799326.1900265]
[1616799323.2059653, 1616799325.951647]
[1616799323.5031042, 1616799326.2104425]
[1616799323.6590123, 1616799326.3607464]
[1616799323.5975509, 1616799326.3271608]
[1616799323.4928868, 1616799326.2395432]
[1616799323.6657474, 1616799326.4342644]
[1616799323.8813698, 1616799326.5743895]
[1616799323.7510672, 1616799326.4443035]
[1616799323.8275557, 1616799326.587328]
[1616799323.871442, 1616799326.5848258]
[1616799323.9344754, 1616799326.642326]
[1616799323.8042622, 1616799326.5667646]
[1616799323.8715203, 1616799326.6067305]
[1616799324.00618, 1616799326.777793]
[1616799323.854582, 1616799326.6285489]
[1616799324.2401016, 1616799326.9843664]
[1616799324.144196, 1616799326.9101284]
[1616799324.3786201, 1616799327.098635]
[1616799324.1223361, 1616799326.8242636]
[1616799324.3366654, 1616799327.059169]
[1616799324.5599086, 1616799327.3189025]
[1616799324.375259, 1616799327.0749178]
[1616799324.258296, 1616799326.9204078]
[1616799324.417742, 1616799327.1044538]
[1616799324.4730477, 1616799327.1121297]
[1616799324.6356504, 1616799327.3569355]
[1616799324.6395514, 1616799327.3258274]
[1616799324.6429877, 1616799327.3869336]
[1616799324.674022, 1616799327.3907232]
[1616799324.787547, 1616799327.5008903]
[1616799324.9148118, 1616799327.613311]
[1616799324.8330898, 1616799327.568921]
[1616799325.0921402, 1616799327.7433352]
[1616799325.026475, 1616799327.7669003]
[1616799324.922206, 1616799327.6487603]
[1616799325.1568573, 1616799327.8884373]
[1616799325.2827015, 1616799328.0393522]
[1616799325.4047234, 1616799328.0728347]
[1616799325.1797025, 1616799327.90221]
[1616799325.415467, 1616799328.1779568]
[1616799325.2453763, 1616799327.9694884]
[1616799325.4729958, 1616799328.2246103]
[1616799325.507986, 1616799328.2561278]
[1616799325.4242654, 1616799328.123813]
[1616799325.7149045, 1616799328.4606678]
[1616799325.4143639, 1616799328.1050227]
[1616799325.7073004, 1616799328.473731]
[1616799325.713384, 1616799328.402233]
[1616799325.7114146, 1616799328.4448318]
[1616799325.8123581, 1616799328.5390427]
[1616799325.7818232, 1616799328.4816186]
[1616799325.9329655, 1616799328.650134]
[1616799326.0480535, 1616799328.783169]
[1616799325.9287934, 1616799328.6570241]
[1616799326.0620928, 1616799328.8244002]
[1616799326.113083, 1616799328.8110335]
[1616799326.3103733, 1616799329.0584002]
[1616799326.1891215, 1616799328.9358625]
[1616799326.2299144, 1616799328.9479547]
[1616799326.2781007, 1616799329.016275]
[1616799326.4285307, 1616799329.1421683]
[1616799326.3860412, 1616799329.0943756]
[1616799326.3618822, 1616799329.0899653]
[1616799326.6318765, 1616799329.3774085]
[1616799326.6189647, 1616799329.320722]
[1616799326.485797, 1616799329.1814418]
[1616799326.5615258, 1616799329.281879]
[1616799326.752162, 1616799329.4901195]
[1616799326.7694807, 1616799329.5004106]
[1616799326.6916459, 1616799329.4723067]
[1616799326.7785025, 1616799329.495327]
[1616799326.6901886, 1616799329.3934133]
[1616799326.9094758, 1616799329.688384]
[1616799326.55908, 1616799329.3238826]
[1616799326.880967, 1616799329.6067228]
[1616799326.9797666, 1616799329.6587934]
[1616799327.1213746, 1616799329.7538404]
[1616799327.0257897, 1616799329.7447782]
[1616799327.1954355, 1616799329.9326732]
[1616799327.0868754, 1616799329.7332547]
[1616799327.123315, 1616799329.815521]
[1616799327.0778213, 1616799329.793708]
[1616799327.197463, 1616799329.9399548]
[1616799327.3718057, 1616799330.0872595]
[1616799327.3102162, 1616799330.0243871]
[1616799327.7458472, 1616799330.4988465]
[1616799327.4939263, 1616799330.2285044]
[1616799327.448165, 1616799330.167332]
[1616799327.5388658, 1616799330.224157]
[1616799327.5175474, 1616799330.2336812]
[1616799327.587357, 1616799330.2981708]
[1616799327.833451, 1616799330.5735264]
[1616799327.9202137, 1616799330.6198463]
[1616799327.8936183, 1616799330.6142051]
[1616799327.6943583, 1616799330.4094427]
[1616799327.7322397, 1616799330.4252272]
[1616799328.072233, 1616799330.823806]
[1616799327.994649, 1616799330.7250836]
[1616799328.2002325, 1616799330.9174445]
[1616799328.0943272, 1616799330.7604506]
[1616799328.1394794, 1616799330.8383737]
[1616799328.3206184, 1616799331.1310124]
[1616799328.216705, 1616799330.9376218]
[1616799328.4768112, 1616799331.2233782]
[1616799328.5725605, 1616799331.3589177]
[1616799328.360282, 1616799331.0867481]
[1616799328.462262, 1616799331.1835284]
[1616799328.7599628, 1616799331.4707127]
[1616799328.5628498, 1616799331.2840853]
[1616799328.7085955, 1616799331.47571]
[1616799328.7538104, 1616799331.4648714]
[1616799328.8274384, 1616799331.5264406]
[1616799328.533973, 1616799331.2475228]
[1616799329.049531, 1616799331.7900076]
[1616799329.1624768, 1616799331.8673546]
[1616799329.3172688, 1616799332.028784]
[1616799328.9818714, 1616799331.6748414]
[1616799329.069806, 1616799331.8213062]
[1616799329.1512923, 1616799331.86774]
[1616799329.0349069, 1616799331.7807562]
[1616799329.2818508, 1616799332.0105743]
[1616799329.3385313, 1616799332.1055183]
[1616799329.2805243, 1616799331.9757555]
[1616799329.3621414, 1616799332.062072]
[1616799329.6627257, 1616799332.4085705]
[1616799329.3640656, 1616799332.1251218]
[1616799329.5103338, 1616799332.1986558]
[1616799329.3805945, 1616799332.13719]
[1616799329.4146926, 1616799332.136745]
[1616799329.9476445, 1616799332.693505]
[1616799329.379968, 1616799332.0412228]
[1616799329.5407255, 1616799332.2570143]
[1616799329.6461058, 1616799332.3995504]
[1616799329.6156528, 1616799332.341068]
[1616799329.5757701, 1616799332.3031144]
[1616799329.7775767, 1616799332.4172263]
[1616799329.9612634, 1616799332.717305]
[1616799330.0476856, 1616799332.7640464]
[1616799330.0796244, 1616799332.7985892]
[1616799330.0825312, 1616799332.791964]
[1616799330.2559102, 1616799332.9137032]
[1616799330.2505903, 1616799332.9865348]
[1616799330.229334, 1616799332.949883]
[1616799330.1921017, 1616799332.9180155]
[1616799330.243723, 1616799332.9562888]
[1616799329.9748695, 1616799332.6807115]
[1616799330.656949, 1616799333.3666596]
[1616799330.5581925, 1616799333.3063948]
[1616799330.316413, 1616799333.0292466]
[1616799330.6023066, 1616799333.3395302]
[1616799330.643382, 1616799333.348917]
[1616799330.636353, 1616799333.3468711]
[1616799330.6437402, 1616799333.3231769]
[1616799330.7419026, 1616799333.4376879]
[1616799330.6703267, 1616799333.3291874]
[1616799330.7408965, 1616799333.4607563]
[1616799330.8345394, 1616799333.586024]
[1616799331.008783, 1616799333.7124155]
[1616799330.7580168, 1616799333.495926]
[1616799330.7974372, 1616799333.4667287]
[1616799330.6766078, 1616799333.4231005]
[1616799331.1936011, 1616799333.942513]
[1616799331.2709477, 1616799333.9605422]
[1616799331.2266028, 1616799333.9621396]
[1616799331.2057848, 1616799333.9575303]
[1616799331.475613, 1616799334.1803956]
[1616799331.3345683, 1616799334.0848064]
[1616799331.3621068, 1616799334.0965042]
[1616799331.2920797, 1616799334.0226293]
[1616799331.375658, 1616799334.1505692]
[1616799331.5256507, 1616799334.2717786]
[1616799331.6351268, 1616799334.3539011]
[1616799331.9198034, 1616799334.6292248]
[1616799331.582296, 1616799334.297681]
[1616799331.813725, 1616799334.561212]
[1616799331.685184, 1616799334.4055293]
[1616799332.0485106, 1616799334.6980226]
[1616799331.9252374, 1616799334.6764586]
[1616799331.9020224, 1616799334.60902]
[1616799331.8647873, 1616799334.6224623]
[1616799332.2166824, 1616799334.9220333]
[1616799332.1638036, 1616799334.8860848]
[1616799332.1266608, 1616799334.9193127]
[1616799332.1551247, 1616799334.8883848]
[1616799332.1004832, 1616799334.7970412]
[1616799332.2532122, 1616799335.0101573]
[1616799332.2758596, 1616799335.0004625]
[1616799332.7116086, 1616799335.4394896]
[1616799332.428607, 1616799335.0835447]
[1616799332.601655, 1616799335.3294299]
[1616799332.2734299, 1616799334.9875565]
[1616799332.479021, 1616799335.2321324]
[1616799332.58187, 1616799335.279371]
[1616799332.8673441, 1616799335.5860994]
[1616799332.4750946, 1616799335.2012277]
[1616799332.7502902, 1616799335.499559]
[1616799332.7758362, 1616799335.5006604]
[1616799332.899665, 1616799335.6150804]
[1616799332.9130406, 1616799335.6366234]
[1616799333.0536106, 1616799335.7942998]
[1616799333.137387, 1616799335.8534265]
[1616799332.9851418, 1616799335.698004]
[1616799333.0359778, 1616799335.7353399]
[1616799333.067275, 1616799335.819895]
[1616799333.1805487, 1616799335.9197886]
[1616799333.1449785, 1616799335.8269112]
[1616799333.3547766, 1616799336.0640945]
[1616799333.5389097, 1616799336.221251]
[1616799333.4666314, 1616799336.1841183]
[1616799333.427912, 1616799336.1760428]
[1616799333.6656728, 1616799336.4187684]
[1616799333.3965707, 1616799336.0979369]
[1616799333.5186548, 1616799336.2677388]
[1616799333.3957367, 1616799336.1108198]
[1616799333.670503, 1616799336.3518276]
[1616799333.7853017, 1616799336.490447]
[1616799334.0307574, 1616799336.7530825]
[1616799333.9103675, 1616799336.5684628]
[1616799333.9493353, 1616799336.6824272]
[1616799333.9274416, 1616799336.6192436]
[1616799334.4293883, 1616799337.142599]
[1616799333.9035692, 1616799336.6730614]
[1616799334.1320155, 1616799336.8566647]
[1616799334.2995083, 1616799337.0499434]
[1616799334.2314303, 1616799336.9946609]
[1616799334.1948893, 1616799336.8945258]
[1616799334.2801638, 1616799337.010835]
[1616799334.471483, 1616799337.1700044]
[1616799334.4384487, 1616799337.1719654]
[1616799334.4853292, 1616799337.1839983]
[1616799334.2406158, 1616799336.9860213]
[1616799334.6158347, 1616799337.328814]
[1616799335.0273826, 1616799337.7540293]
[1616799334.8789148, 1616799337.6215997]
[1616799334.8308923, 1616799337.4844303]
[1616799334.6911643, 1616799337.4319003]
[1616799334.8083692, 1616799337.4955418]
[1616799334.870087, 1616799337.578794]
[1616799334.9388332, 1616799337.65959]
[1616799335.2339494, 1616799337.892433]
[1616799334.89048, 1616799337.597705]
[1616799335.0652418, 1616799337.8338377]
[1616799335.0556316, 1616799337.7718694]
[1616799334.8776648, 1616799337.6281102]
[1616799335.2081792, 1616799337.9355779]
[1616799335.5529428, 1616799338.2913966]
[1616799335.0232034, 1616799337.782725]
[1616799335.320808, 1616799338.0226834]
[1616799335.2818503, 1616799338.040193]
[1616799335.3360891, 1616799338.0558393]
[1616799335.352493, 1616799338.09351]
[1616799335.4824305, 1616799338.2441175]
[1616799335.5328898, 1616799338.2521858]
[1616799335.5691988, 1616799338.2586565]
[1616799335.5376565, 1616799338.3029454]
[1616799335.667154, 1616799338.3801649]
[1616799335.6664395, 1616799338.3881996]
[1616799335.8166897, 1616799338.5257928]
[1616799335.5381105, 1616799338.2902253]
[1616799335.700937, 1616799338.4083924]
[1616799335.6782532, 1616799338.3858407]
[1616799335.6523054, 1616799338.3470993]
[1616799335.8322496, 1616799338.5625615]
[1616799335.8003993, 1616799338.5352976]
[1616799335.8773785, 1616799338.5895941]
[1616799336.2842226, 1616799339.034479]
[1616799336.0599256, 1616799338.758018]
[1616799335.968315, 1616799338.6526692]
[1616799335.9416063, 1616799338.6794803]
[1616799336.2153933, 1616799338.9490817]
[1616799336.45449, 1616799339.1655095]
[1616799336.4216504, 1616799339.1249256]
[1616799336.3902104, 1616799339.0739872]
[1616799336.255999, 1616799338.9476388]
[1616799336.4264753, 1616799339.1867318]
[1616799336.4522715, 1616799339.1659782]
[1616799336.4114387, 1616799339.1882293]
[1616799336.7250981, 1616799339.5136259]
[1616799336.981015, 1616799339.6393864]
[1616799336.720413, 1616799339.4645717]
[1616799336.8844264, 1616799339.6108232]
[1616799336.9222934, 1616799339.6108859]
[1616799336.8793132, 1616799339.634029]
[1616799337.0533538, 1616799339.7790742]
[1616799337.1968184, 1616799339.9156969]
[1616799336.9518013, 1616799339.6391847]
[1616799337.164249, 1616799339.8845868]
[1616799337.1913366, 1616799339.8992069]
[1616799337.5141075, 1616799340.1999938]
[1616799337.135256, 1616799339.9096274]
[1616799337.0720544, 1616799339.8074174]
[1616799337.6467793, 1616799340.4036415]
[1616799337.4685931, 1616799340.2142582]
[1616799337.6025202, 1616799340.3960288]
[1616799337.4605415, 1616799340.2052085]
[1616799337.4168732, 1616799340.1332304]
[1616799337.2632906, 1616799339.9668682]
[1616799337.5193725, 1616799340.1764612]
[1616799337.532893, 1616799340.2323372]
[1616799337.8173933, 1616799340.5275404]
[1616799337.7912152, 1616799340.5551043]
[1616799337.5447917, 1616799340.2320967]
[1616799337.5688088, 1616799340.3037035]
[1616799337.7441316, 1616799340.4604108]
[1616799337.7722113, 1616799340.5719926]
[1616799337.7698057, 1616799340.5000646]
[1616799337.9764302, 1616799340.7213619]
[1616799338.0357287, 1616799340.7524238]
[1616799338.1899712, 1616799340.9006352]
[1616799338.131056, 1616799340.8676777]
[1616799338.2403846, 1616799341.005513]
[1616799338.2125058, 1616799340.979449]
[1616799338.397558, 1616799341.1094232]
[1616799338.211854, 1616799340.862532]
[1616799338.4005487, 1616799341.132873]
[1616799338.495311, 1616799341.2138493]
[1616799338.5191483, 1616799341.2766626]
[1616799338.4930174, 1616799341.211801]
[1616799338.5973468, 1616799341.3206532]
[1616799338.562384, 1616799341.317008]
[1616799338.4489417, 1616799341.1574256]
[1616799338.618552, 1616799341.3423812]
[1616799338.7939785, 1616799341.4903955]
[1616799338.8349402, 1616799341.495816]
[1616799338.7304926, 1616799341.4475062]
[1616799338.5777452, 1616799341.303003]
[1616799339.074073, 1616799341.808673]
[1616799338.9586065, 1616799341.6748776]
[1616799339.0016358, 1616799341.6786656]
[1616799338.8967855, 1616799341.6333063]
[1616799339.212547, 1616799341.9788375]
[1616799339.1728463, 1616799341.8750925]
[1616799339.1235406, 1616799341.8151412]
[1616799339.283155, 1616799342.0405788]
[1616799339.4422388, 1616799342.1869671]
[1616799339.4978821, 1616799342.1934185]
[1616799339.47916, 1616799342.218217]
[1616799339.1672692, 1616799341.8805811]
[1616799339.1806405, 1616799341.8897028]
[1616799339.6009831, 1616799342.3670096]
[1616799339.6476402, 1616799342.3673418]
[1616799339.6046088, 1616799342.3234015]
[1616799339.8569396, 1616799342.5938196]
[1616799339.7171896, 1616799342.3655667]
[1616799339.886219, 1616799342.5709934]
[1616799339.8769696, 1616799342.5978067]
[1616799339.9136634, 1616799342.703867]
[1616799339.9793048, 1616799342.6840684]
[1616799339.7833629, 1616799342.5384133]
[1616799340.051633, 1616799342.7711015]
[1616799339.9939876, 1616799342.7229316]
[1616799340.0702467, 1616799342.778621]
[1616799340.077263, 1616799342.8339918]
[1616799340.20973, 1616799342.9056578]
[1616799340.1355288, 1616799342.9268632]
[1616799340.2196472, 1616799342.968626]
[1616799340.5888803, 1616799343.3394318]
[1616799340.49693, 1616799343.1795638]
[1616799340.4072359, 1616799343.142819]
[1616799340.7047143, 1616799343.456819]
[1616799340.600517, 1616799343.3652258]
[1616799340.5538235, 1616799343.2644527]
[1616799340.7582734, 1616799343.474971]
[1616799340.7361019, 1616799343.480342]
[1616799340.702482, 1616799343.432561]
[1616799340.9349408, 1616799343.6695616]
[1616799340.8412623, 1616799343.6472175]
[1616799340.9728565, 1616799343.6458848]
[1616799340.9146135, 1616799343.5727262]
[1616799341.0093842, 1616799343.761403]
[1616799340.8769782, 1616799343.6148396]
[1616799341.2026668, 1616799343.9127245]
[1616799341.0592358, 1616799343.8276384]
[1616799341.0667796, 1616799343.770128]
[1616799341.1766691, 1616799343.8821368]
[1616799341.2015774, 1616799343.9065082]
[1616799341.4321332, 1616799344.1799731]
[1616799341.6573935, 1616799344.381164]
[1616799341.4016185, 1616799344.1188624]
[1616799341.4649572, 1616799344.1933875]
[1616799341.377455, 1616799344.0887396]
[1616799341.6580653, 1616799344.4225228]
[1616799341.5868106, 1616799344.2569182]
[1616799341.6356633, 1616799344.3696961]
[1616799341.6919231, 1616799344.3657703]
[1616799341.6700733, 1616799344.3899422]
[1616799341.6991057, 1616799344.4266937]
[1616799341.640874, 1616799344.3854449]
[1616799342.0271194, 1616799344.7831247]
[1616799341.8525956, 1616799344.5418193]
[1616799341.7973092, 1616799344.4872603]
[1616799342.1402524, 1616799344.8552973]
[1616799342.0473118, 1616799344.8004458]
[1616799342.1144762, 1616799344.8313496]
[1616799342.0628154, 1616799344.7888432]
[1616799342.1741505, 1616799344.9316063]
[1616799342.5646048, 1616799345.2927346]
[1616799342.2930784, 1616799345.0200891]
[1616799342.1832948, 1616799344.9296153]
[1616799342.4412227, 1616799345.0954196]
[1616799342.2151425, 1616799344.9124625]
[1616799342.414261, 1616799345.17559]
[1616799342.6488316, 1616799345.353348]
[1616799342.3983111, 1616799345.0816638]
[1616799342.4654934, 1616799345.2149098]
[1616799342.6370125, 1616799345.3803003]
[1616799342.4535322, 1616799345.1821232]
[1616799342.9742837, 1616799345.7471142]
[1616799342.6768377, 1616799345.3685575]
[1616799342.6029084, 1616799345.3320422]
[1616799342.8578656, 1616799345.5984762]
[1616799342.7118323, 1616799345.4736657]
[1616799343.1475983, 1616799345.851711]
[1616799343.2938237, 1616799346.0032647]
[1616799343.1084616, 1616799345.845674]
[1616799343.133836, 1616799345.8163767]
[1616799343.2397275, 1616799345.9457135]
[1616799343.0593972, 1616799345.8139565]
[1616799343.3724263, 1616799346.1344066]
[1616799343.0698552, 1616799345.7751293]
[1616799343.4069529, 1616799346.202837]
[1616799343.4328647, 1616799346.142446]
[1616799343.3379426, 1616799346.035298]
[1616799343.3024802, 1616799346.0260336]
[1616799343.3419635, 1616799346.058435]
[1616799343.5164754, 1616799346.259464]
[1616799343.5615141, 1616799346.2601318]
[1616799343.847323, 1616799346.610938]
[1616799343.6678417, 1616799346.4554787]
[1616799343.591909, 1616799346.2768831]
[1616799343.687577, 1616799346.4188106]
[1616799343.7337792, 1616799346.4182003]
[1616799343.9569926, 1616799346.6636581]
[1616799343.9432895, 1616799346.665092]
[1616799343.8872063, 1616799346.593573]
[1616799344.0225523, 1616799346.7737367]
[1616799344.1549907, 1616799346.8747792]
[1616799344.0513902, 1616799346.799513]
[1616799344.116957, 1616799346.833918]
[1616799344.2581484, 1616799346.9741752]
[1616799344.3246856, 1616799347.0036235]
[1616799344.0047832, 1616799346.7045825]
[1616799344.4297552, 1616799347.1938539]
[1616799344.1941462, 1616799346.931599]
[1616799344.4386504, 1616799347.1656263]
[1616799344.5581477, 1616799347.267551]
[1616799344.5329518, 1616799347.20719]
[1616799344.4247043, 1616799347.147638]
[1616799344.4819293, 1616799347.200995]
[1616799344.693832, 1616799347.398912]
[1616799344.4653628, 1616799347.2184186]
[1616799344.7158854, 1616799347.4229531]
[1616799344.8727472, 1616799347.5683746]
[1616799344.7595134, 1616799347.5036802]
[1616799344.7868493, 1616799347.5178752]
[1616799344.876584, 1616799347.5703182]
[1616799344.9265828, 1616799347.6278768]
[1616799344.9079325, 1616799347.667941]
[1616799345.145874, 1616799347.8226712]
[1616799345.2113142, 1616799347.9268644]
[1616799345.122409, 1616799347.7771509]
[1616799345.1603894, 1616799347.8917577]
[1616799345.251489, 1616799348.006492]
[1616799345.499627, 1616799348.2538319]
[1616799345.4562523, 1616799348.1507258]
[1616799345.4133816, 1616799348.1385095]
[1616799345.5318077, 1616799348.3007846]
[1616799345.5195346, 1616799348.2274399]
[1616799345.5387008, 1616799348.2666638]
[1616799345.6448002, 1616799348.3565087]
[1616799345.7598982, 1616799348.5001795]
[1616799345.7251813, 1616799348.4624982]
[1616799345.546857, 1616799348.3330984]
[1616799345.6596048, 1616799348.4021258]
[1616799345.805229, 1616799348.5090654]
[1616799345.8408175, 1616799348.542281]
[1616799345.8611152, 1616799348.5702674]
[1616799346.0136085, 1616799348.7266068]
[1616799345.8651426, 1616799348.5800166]
[1616799345.850657, 1616799348.5933008]
[1616799346.3387048, 1616799349.037855]
[1616799346.1933618, 1616799348.90767]
[1616799346.092711, 1616799348.8019707]
[1616799346.20317, 1616799348.971068]
[1616799346.094698, 1616799348.806785]
[1616799346.4431393, 1616799349.173276]
[1616799346.434723, 1616799349.1345797]
[1616799346.3311837, 1616799348.9934013]
[1616799346.4640107, 1616799349.198183]
[1616799346.3453934, 1616799349.0901942]
[1616799346.4497912, 1616799349.2330272]
[1616799346.3471987, 1616799349.1042078]
[1616799346.5943482, 1616799349.2881281]
[1616799346.7052543, 1616799349.4181082]
[1616799346.851053, 1616799349.5604806]
[1616799346.6997347, 1616799349.4495347]
[1616799346.7690406, 1616799349.4777155]
[1616799346.889963, 1616799349.6248674]
[1616799346.9525936, 1616799349.7009823]
[1616799347.0211928, 1616799349.7533524]
[1616799347.0177362, 1616799349.6912918]
[1616799347.0478258, 1616799349.7832413]
[1616799347.0857732, 1616799350.016174]
[1616799347.2899232, 1616799349.9835863]
[1616799347.0883715, 1616799349.8597538]
[1616799347.1299996, 1616799349.8336875]
[1616799347.3258893, 1616799350.0309203]
[1616799347.3052862, 1616799350.051787]
[1616799347.5057998, 1616799350.1973906]
[1616799347.3455594, 1616799350.0758023]
[1616799347.5040066, 1616799350.1655576]
[1616799347.555506, 1616799350.271355]
[1616799347.6267009, 1616799350.324384]
[1616799347.6581404, 1616799350.3528316]
[1616799347.762634, 1616799350.4529562]
[1616799347.8618915, 1616799350.5484464]
[1616799347.7196186, 1616799350.4882803]
[1616799347.7811944, 1616799350.5351417]
[1616799347.8854342, 1616799350.5631833]
[1616799347.935016, 1616799350.6630363]
[1616799347.90598, 1616799350.6724017]
[1616799347.9665213, 1616799350.6962597]
[1616799347.9054272, 1616799350.6353233]
[1616799348.136287, 1616799350.869899]
[1616799348.4127262, 1616799351.1767921]
[1616799348.4086874, 1616799351.1500041]
[1616799348.3327713, 1616799351.051655]
[1616799348.436736, 1616799351.1806517]
[1616799348.5103545, 1616799351.2271702]
[1616799348.4402122, 1616799351.1914995]
[1616799348.4003513, 1616799351.1241453]
[1616799348.4832172, 1616799351.2246704]
[1616799348.7145503, 1616799351.4476542]
[1616799348.7966356, 1616799351.5089784]
[1616799348.5781593, 1616799351.3138993]
[1616799348.680318, 1616799351.4870956]
[1616799348.8436933, 1616799351.5516288]
[1616799348.8632486, 1616799351.5818355]
[1616799349.0550175, 1616799351.7524018]
[1616799349.1972144, 1616799351.9554298]
[1616799349.1974058, 1616799351.936471]
[1616799349.0597305, 1616799351.78747]
[1616799349.1807985, 1616799351.917336]
[1616799349.0061648, 1616799351.6664054]
[1616799349.2378216, 1616799351.9722478]
[1616799349.1562796, 1616799351.8271222]
[1616799349.0233638, 1616799351.776117]
[1616799349.2499137, 1616799351.9774427]
[1616799349.3266683, 1616799352.0379376]
[1616799349.5014906, 1616799352.2013843]
[1616799349.3387916, 1616799352.0347981]
[1616799349.271671, 1616799351.9957037]
[1616799349.774506, 1616799352.5275583]
[1616799349.6489396, 1616799352.3602452]
[1616799349.7913957, 1616799352.522513]
[1616799349.818594, 1616799352.5565038]
[1616799349.7555494, 1616799352.5005674]
[1616799349.7048507, 1616799352.3789527]
[1616799349.8254066, 1616799352.5403225]
[1616799349.90377, 1616799352.6784365]
[1616799349.9314585, 1616799352.6467736]
[1616799350.0084414, 1616799352.700235]
[1616799350.1213176, 1616799352.8424025]
[1616799350.0100539, 1616799352.7150335]
[1616799350.1325822, 1616799352.901758]
[1616799350.3055232, 1616799353.01764]
[1616799350.1979465, 1616799352.8690767]
[1616799350.3513622, 1616799353.0571845]
[1616799350.659868, 1616799353.4085004]
[1616799350.3909478, 1616799353.083312]
[1616799350.4444978, 1616799353.1774194]
[1616799350.5228946, 1616799353.2806726]
[1616799350.8065014, 1616799353.5693758]
[1616799350.634695, 1616799353.2953203]
[1616799350.8973045, 1616799353.6634252]
[1616799350.7128897, 1616799353.4334226]
[1616799350.6624155, 1616799353.359874]
[1616799350.6961913, 1616799353.4381907]
[1616799351.0769658, 1616799353.86356]
[1616799350.8172073, 1616799353.5018485]
[1616799351.1706595, 1616799353.894669]
[1616799350.795097, 1616799353.5653071]
[1616799351.1660912, 1616799353.9063702]
[1616799351.1785524, 1616799353.9266899]
[1616799351.022731, 1616799353.7273188]
[1616799351.2302685, 1616799353.9847898]
[1616799351.4675202, 1616799354.1930828]
[1616799351.247482, 1616799353.9803932]
[1616799351.332222, 1616799354.0419006]
[1616799351.3840127, 1616799354.1627827]
[1616799351.498996, 1616799354.241225]
[1616799351.5126657, 1616799354.2196684]
[1616799351.4879003, 1616799354.251546]
[1616799351.7943158, 1616799354.5056112]
[1616799351.4345183, 1616799354.184046]
[1616799351.5371568, 1616799354.2274992]
[1616799351.6958697, 1616799354.3405483]
[1616799351.7807834, 1616799354.5041802]
[1616799351.8507714, 1616799354.5442276]
[1616799352.0086644, 1616799354.751624]
[1616799352.0908794, 1616799354.8195891]
[1616799352.2734008, 1616799354.9751155]
[1616799351.9288406, 1616799354.6527293]
[1616799352.140749, 1616799354.8482735]
[1616799352.525922, 1616799355.2993455]
[1616799352.004431, 1616799354.756319]
[1616799352.3631475, 1616799355.1060557]
[1616799352.385757, 1616799355.0657692]
[1616799352.4954474, 1616799355.2174711]
[1616799352.3321624, 1616799355.0942886]
[1616799352.6651645, 1616799355.3810673]
[1616799352.626496, 1616799355.3608117]
[1616799352.5818062, 1616799355.2943835]
[1616799352.5928276, 1616799355.3231142]
[1616799352.3030963, 1616799355.0310152]
[1616799352.7245286, 1616799355.4459732]
[1616799352.6729178, 1616799355.445176]
[1616799352.6003964, 1616799355.3275912]
[1616799352.9365015, 1616799355.6050231]
[1616799352.9256537, 1616799355.6746821]
[1616799353.0010839, 1616799355.7540636]
[1616799352.8143198, 1616799355.5114214]
[1616799353.104441, 1616799355.8036153]
[1616799353.1360767, 1616799355.8052661]
[1616799352.982577, 1616799355.6850674]
[1616799353.1093729, 1616799355.8321874]
[1616799353.105663, 1616799355.8072298]
[1616799353.1300802, 1616799355.8442278]
[1616799353.197163, 1616799355.913229]
[1616799353.2971115, 1616799356.0480843]
[1616799353.0593185, 1616799355.765108]
[1616799353.2586832, 1616799355.9966056]
[1616799353.3527448, 1616799356.0078583]
[1616799353.4318917, 1616799356.1747627]
[1616799353.663733, 1616799356.3858967]
[1616799353.649691, 1616799356.4316416]
[1616799353.594482, 1616799356.3305929]
[1616799353.736266, 1616799356.4402835]
[1616799353.5890665, 1616799356.3333237]
[1616799353.6974776, 1616799356.443158]
[1616799354.135339, 1616799356.8617861]
[1616799354.0449138, 1616799356.7820263]
[1616799353.6254923, 1616799356.3288403]
[1616799353.8812919, 1616799356.6008828]
[1616799353.8912327, 1616799356.5751944]
[1616799353.9416375, 1616799356.6898124]
[1616799354.0782309, 1616799356.7830095]
[1616799354.3517897, 1616799356.9967153]
[1616799354.358808, 1616799357.0801105]
[1616799354.352639, 1616799357.0676138]
[1616799354.2980566, 1616799357.0534575]
[1616799354.3223827, 1616799357.0212352]
[1616799354.3170397, 1616799357.0665069]
[1616799354.5494425, 1616799357.275822]
[1616799354.493088, 1616799357.1898997]
[1616799354.3544688, 1616799357.063809]
[1616799354.5560312, 1616799357.2513177]
[1616799354.4467342, 1616799357.184886]
[1616799354.4091303, 1616799357.1970506]
[1616799354.6107783, 1616799357.3064764]
[1616799354.713694, 1616799357.4284794]
[1616799354.8193028, 1616799357.5454416]
[1616799354.7080247, 1616799357.4320092]
[1616799354.4483678, 1616799357.1483676]
[1616799354.8872025, 1616799357.5878744]
[1616799354.846775, 1616799357.5687573]
[1616799354.9014382, 1616799357.6286588]
[1616799354.9225461, 1616799357.6536415]
[1616799355.021939, 1616799357.734459]
[1616799355.0990674, 1616799357.7744055]
[1616799355.1114779, 1616799357.8540459]
[1616799355.2707076, 1616799358.0389888]
[1616799355.2206073, 1616799357.937097]
[1616799355.1127188, 1616799357.8629777]
[1616799355.2505114, 1616799357.971378]
[1616799355.1666818, 1616799357.9084542]
[1616799355.4563138, 1616799358.1685703]
[1616799355.3688571, 1616799358.1012702]
[1616799355.4750729, 1616799358.2411647]
[1616799355.5844007, 1616799358.305095]
[1616799355.543966, 1616799358.2506268]
[1616799355.578467, 1616799358.3048944]
[1616799355.6012125, 1616799358.348179]
[1616799355.4752846, 1616799358.190571]
[1616799355.6414115, 1616799358.3045685]
[1616799355.7771628, 1616799358.471163]
[1616799355.865058, 1616799358.5745246]
[1616799355.7203445, 1616799358.430627]
[1616799355.7356558, 1616799358.4772174]
[1616799355.69389, 1616799358.4140284]
[1616799355.6962936, 1616799358.4615326]
[1616799355.9407415, 1616799358.6833591]
[1616799355.984099, 1616799358.7018743]
[1616799356.2354681, 1616799358.9303277]
[1616799356.0927851, 1616799358.7509584]
[1616799356.4255502, 1616799359.1273496]
[1616799356.1611087, 1616799358.879005]
[1616799356.1931028, 1616799358.9631047]
[1616799356.0540001, 1616799358.8007288]
[1616799356.344621, 1616799359.0968962]
[1616799356.415358, 1616799359.1350014]
[1616799356.484072, 1616799359.1942348]
[1616799356.3269207, 1616799359.0069633]
[1616799356.4621341, 1616799359.194563]
[1616799356.3841755, 1616799359.1203115]
[1616799356.5272145, 1616799359.2961202]
[1616799356.5816078, 1616799359.2356582]
[1616799356.5735264, 1616799359.252126]
[1616799356.6031287, 1616799359.4219902]
[1616799356.7721999, 1616799359.4845853]
[1616799356.7154386, 1616799359.498553]
[1616799356.7492487, 1616799359.4774125]
[1616799356.953315, 1616799359.7157032]
[1616799357.044308, 1616799359.727831]
[1616799356.8825161, 1616799359.6140852]
[1616799356.8349545, 1616799359.5833268]
[1616799356.8001332, 1616799359.498492]
[1616799357.0639353, 1616799359.8504202]
[1616799357.0440013, 1616799359.690499]
[1616799356.9320042, 1616799359.660877]
[1616799356.9245555, 1616799359.6686053]
[1616799357.2347956, 1616799360.0450966]
[1616799357.1681666, 1616799359.8870602]
[1616799357.1655293, 1616799359.8735654]
[1616799357.102928, 1616799359.8456361]
[1616799357.1876988, 1616799359.9372916]
[1616799357.3754215, 1616799360.0831509]
[1616799357.2796474, 1616799359.9713967]
[1616799357.3893747, 1616799360.1245232]
[1616799357.343004, 1616799360.0444446]
[1616799357.6104267, 1616799360.2996519]
[1616799357.4520855, 1616799360.1822114]
[1616799357.569233, 1616799360.268642]
[1616799357.372204, 1616799360.082125]
[1616799357.5113351, 1616799360.2212286]
[1616799357.6218874, 1616799360.3612103]
[1616799357.4575286, 1616799360.1895185]
[1616799357.61525, 1616799360.3225641]
[1616799357.657931, 1616799360.3802547]
[1616799357.7326605, 1616799360.485757]
[1616799357.6474407, 1616799360.3873253]
[1616799357.6533608, 1616799360.3885975]
[1616799357.7237933, 1616799360.467478]
[1616799357.7342715, 1616799360.4698784]
[1616799357.9296632, 1616799360.6674905]
[1616799358.0139658, 1616799360.7207155]
[1616799357.9558463, 1616799360.677532]
[1616799357.9030068, 1616799360.6536753]
[1616799357.961792, 1616799360.6251202]
[1616799358.1009204, 1616799360.8290622]
[1616799358.1731718, 1616799360.8826005]
[1616799358.1341257, 1616799360.864518]
[1616799358.1964118, 1616799360.9210255]
[1616799358.2966263, 1616799361.031759]
[1616799357.9576612, 1616799360.6987941]
[1616799358.275667, 1616799360.97204]
[1616799358.027383, 1616799360.7335582]
[1616799358.076371, 1616799360.8349924]
[1616799358.3017638, 1616799361.061053]
[1616799358.47034, 1616799361.212817]
[1616799358.4195106, 1616799361.1532958]
[1616799358.4159799, 1616799361.1467633]
[1616799358.3920546, 1616799361.136596]
[1616799358.2842667, 1616799361.0651128]
[1616799358.425143, 1616799361.1592898]
[1616799358.3259878, 1616799361.03993]
[1616799358.4790933, 1616799361.1983702]
[1616799358.6195529, 1616799361.3347528]
[1616799358.4081013, 1616799361.081596]
[1616799358.6693776, 1616799361.4204266]
[1616799358.691725, 1616799361.4095738]
[1616799358.5564902, 1616799361.3201585]
[1616799358.7942367, 1616799361.4427602]
[1616799358.6304014, 1616799361.4042206]
[1616799358.583763, 1616799361.2822883]
[1616799358.7047455, 1616799361.4793327]
[1616799358.7225473, 1616799361.4283063]
[1616799358.6369574, 1616799361.4025483]
[1616799358.9413068, 1616799361.659236]
[1616799358.8712263, 1616799361.5937283]
[1616799358.843352, 1616799361.5897465]
[1616799358.9781954, 1616799361.7163377]
[1616799358.8459954, 1616799361.5933092]
[1616799358.884701, 1616799361.6170652]
[1616799358.902568, 1616799361.6494331]
[1616799358.8562737, 1616799361.5797136]
[1616799358.992178, 1616799361.7500641]
[1616799358.9144998, 1616799361.6052659]
[1616799359.002523, 1616799361.754006]
[1616799359.140677, 1616799361.8511121]
[1616799358.8840044, 1616799361.6167128]
[1616799359.2320566, 1616799361.9483006]
[1616799359.0877962, 1616799361.788145]
[1616799359.1913745, 1616799361.9187803]
[1616799359.1561985, 1616799361.8806014]
[1616799359.085899, 1616799361.8470325]
[1616799359.028117, 1616799361.7212646]
[1616799359.348342, 1616799362.0919259]
[1616799359.374035, 1616799362.1418931]
[1616799359.2706816, 1616799362.03727]
[1616799359.1945271, 1616799361.9484205]
[1616799359.2607496, 1616799361.9562259]
[1616799359.2153494, 1616799361.9524722]
[1616799359.4036937, 1616799362.1098185]
[1616799359.324229, 1616799362.046256]
[1616799359.3191857, 1616799362.0624115]
[1616799359.2535455, 1616799361.9310105]
[1616799359.2755651, 1616799362.0078735]
[1616799359.2763975, 1616799362.0217104]
[1616799359.428217, 1616799362.1922536]
[1616799359.5100052, 1616799362.2522428]
[1616799359.499917, 1616799362.226719]
[1616799359.5884066, 1616799362.3261044]
[1616799359.505071, 1616799362.2697468]
[1616799359.4700737, 1616799362.2195113]
[1616799359.4906838, 1616799362.1869938]
[1616799359.5391486, 1616799362.2997446]
[1616799359.6668332, 1616799362.4197068]
[1616799359.472723, 1616799362.2038634]
[1616799359.5539405, 1616799362.3173108]
[1616799359.4588106, 1616799362.1886697]
[1616799359.6388502, 1616799362.399739]
[1616799359.5360925, 1616799362.2456496]
[1616799359.6074862, 1616799362.347741]
[1616799359.7060385, 1616799362.421744]
[1616799359.7696729, 1616799362.554194]
[1616799359.782405, 1616799362.534615]
[1616799359.7892337, 1616799362.530814]
[1616799359.6833918, 1616799362.4275594]
[1616799359.5821366, 1616799362.321729]
[1616799359.7866929, 1616799362.497078]
[1616799359.6552641, 1616799362.388586]
[1616799359.7450666, 1616799362.4334714]
[1616799359.7945995, 1616799362.5460007]
[1616799359.702359, 1616799362.360025]
[1616799359.790405, 1616799362.5156672]
[1616799360.0320568, 1616799362.810705]
[1616799359.916747, 1616799362.627043]
[1616799359.7703424, 1616799362.4767065]
[1616799359.8136377, 1616799362.5857363]
[1616799359.9547126, 1616799362.69202]
[1616799360.0316749, 1616799362.760855]
[1616799359.7715704, 1616799362.5130408]
[1616799360.1327124, 1616799362.870241]
[1616799359.8514278, 1616799362.600026]
[1616799359.832365, 1616799362.5849352]
[1616799360.0520394, 1616799362.843297]
[1616799360.0954297, 1616799362.8057556]
[1616799359.7938535, 1616799362.5604985]
[1616799360.0708187, 1616799362.7700095]
[1616799359.9313328, 1616799362.6547003]
[1616799360.0358493, 1616799362.8049483]
[1616799360.1175635, 1616799362.8503566]
[1616799360.1300046, 1616799362.8789139]
[1616799359.8645127, 1616799362.6241195]
[1616799360.1478982, 1616799362.8658974]
[1616799359.9257286, 1616799362.6431134]
[1616799360.1444273, 1616799362.8689814]
[1616799360.1244261, 1616799362.8710458]
[1616799360.1028624, 1616799362.8166234]
[1616799360.1942358, 1616799362.9396534]
[1616799360.0272946, 1616799362.7730231]
[1616799359.9997325, 1616799362.6796262]
[1616799360.2234464, 1616799362.978245]
[1616799360.1401393, 1616799362.8717349]
[1616799360.1344604, 1616799362.8835592]
[1616799360.199118, 1616799362.9126194]
[1616799360.2150166, 1616799362.9524083]
[1616799360.2247012, 1616799363.0055704]
[1616799360.1930091, 1616799362.8391514]
[1616799360.186782, 1616799362.9385476]
[1616799360.217966, 1616799362.9021084]
[1616799360.0884368, 1616799362.8010468]
[1616799360.262199, 1616799362.9959345]
[1616799360.28485, 1616799363.0129063]
[1616799360.2500153, 1616799363.0170095]
[1616799360.2099204, 1616799362.9432049]
[1616799360.2853687, 1616799362.9890225]
[1616799360.221183, 1616799362.9646313]
[1616799360.285125, 1616799363.0042555]
[1616799360.1375053, 1616799362.8685775]
[1616799360.189903, 1616799362.9205973]
[1616799360.2831774, 1616799363.0002255]
[1616799360.2310247, 1616799362.9369097]
[1616799360.2794585, 1616799363.0275128]
[1616799360.2930577, 1616799363.0276732]
[1616799360.2991729, 1616799363.0432668]
[1616799360.076686, 1616799362.7983735]
[1616799360.297292, 1616799362.9935973]
[1616799360.2986867, 1616799362.9859543]
[1616799360.2758763, 1616799363.0203822]
[1616799360.2571218, 1616799363.005812]
[1616799360.3086216, 1616799363.032644]
[1616799360.1856632, 1616799362.9031534]
[1616799360.2443426, 1616799362.9719775]
[1616799360.2790618, 1616799363.0008323]
[1616799360.3089702, 1616799363.04791]
[1616799360.3005223, 1616799362.9998393]
