[1616800919.2882898, 1616800940.404951]
[1616800919.398093, 1616800940.4710758]
[1616800918.825312, 1616800939.9560921]
[1616800919.0313294, 1616800940.3574212]
[1616800918.7337477, 1616800940.1336079]
[1616800919.1788971, 1616800940.3863575]
[1616800919.0846663, 1616800940.4625256]
[1616800919.2330651, 1616800940.2494576]
[1616800919.1985948, 1616800940.235679]
[1616800918.823386, 1616800940.108849]
[1616800919.011519, 1616800940.0180464]
[1616800919.25875, 1616800940.284725]
[1616800919.314303, 1616800940.5790017]
[1616800919.1614091, 1616800940.2671013]
[1616800919.2830715, 1616800940.5103045]
[1616800919.1818042, 1616800940.4477067]
[1616800919.2694583, 1616800940.5570407]
[1616800919.3092258, 1616800940.5911307]
[1616800919.2324426, 1616800940.4623897]
[1616800919.4167738, 1616800940.404396]
[1616800919.3660388, 1616800940.4755673]
[1616800919.4639723, 1616800940.5787983]
[1616800919.5453112, 1616800940.4863193]
[1616800919.7029943, 1616800940.768098]
[1616800919.9633288, 1616800941.3303692]
[1616800920.2426302, 1616800941.3791]
[1616800920.13653, 1616800941.02688]
[1616800920.1719584, 1616800941.484753]
[1616800919.7907784, 1616800940.944214]
[1616800920.0521345, 1616800941.2874255]
[1616800920.464044, 1616800941.594765]
[1616800920.5104542, 1616800941.547869]
[1616800920.5354412, 1616800941.4916816]
[1616800920.2093625, 1616800941.4723825]
[1616800920.2688885, 1616800941.4483893]
[1616800920.9841933, 1616800942.2083316]
[1616800921.1672177, 1616800942.253504]
[1616800920.7052329, 1616800941.9118035]
[1616800921.2780898, 1616800942.6213374]
[1616800921.4103372, 1616800942.5484889]
[1616800921.4516773, 1616800942.557927]
[1616800921.3284814, 1616800942.3069804]
[1616800921.4718878, 1616800942.3991327]
[1616800921.4645798, 1616800942.6303568]
[1616800921.632092, 1616800942.7107425]
[1616800921.569242, 1616800942.5421007]
[1616800921.5964398, 1616800942.9161859]
[1616800921.8159735, 1616800942.8858767]
[1616800921.8917022, 1616800942.9548728]
[1616800921.8814814, 1616800943.0937197]
[1616800921.9710133, 1616800942.9950142]
[1616800922.1506772, 1616800943.1631677]
[1616800922.0055587, 1616800942.87378]
[1616800922.0532382, 1616800943.0564525]
[1616800922.1533809, 1616800943.0722275]
[1616800922.3841054, 1616800943.5069308]
[1616800922.3089137, 1616800943.5472288]
[1616800922.3271363, 1616800943.5307343]
[1616800922.4607935, 1616800943.4889798]
[1616800922.4156594, 1616800943.6809082]
[1616800922.55274, 1616800943.6606708]
[1616800922.7129831, 1616800943.9816658]
[1616800922.6462991, 1616800943.91355]
[1616800922.8458498, 1616800943.8851385]
[1616800922.6087744, 1616800943.7606807]
[1616800922.6496837, 1616800943.8917532]
[1616800922.8622365, 1616800944.0830932]
[1616800922.9215567, 1616800944.1831708]
[1616800922.8695762, 1616800944.9548411]
[1616800923.0004168, 1616800944.1059093]
[1616800922.9688659, 1616800944.286107]
[1616800923.0450337, 1616800944.1661975]
[1616800922.8958652, 1616800944.0291579]
[1616800923.0450406, 1616800944.285662]
[1616800923.1123612, 1616800944.380914]
[1616800923.0236557, 1616800944.1493495]
[1616800923.0217528, 1616800944.007676]
[1616800923.1646574, 1616800944.3905838]
[1616800923.270226, 1616800944.2622573]
[1616800923.2306266, 1616800944.3634694]
[1616800923.2974508, 1616800944.3413558]
[1616800923.2794836, 1616800944.2873998]
[1616800923.2786217, 1616800944.2888882]
[1616800923.3778226, 1616800944.5624516]
[1616800923.4365022, 1616800944.568633]
[1616800923.4065204, 1616800944.3717906]
[1616800923.3507264, 1616800944.5691254]
[1616800923.35353, 1616800944.7025669]
[1616800923.4351296, 1616800944.4329493]
[1616800923.4716532, 1616800944.4566603]
[1616800923.5067594, 1616800944.530957]
[1616800923.595822, 1616800944.7012098]
[1616800923.5736978, 1616800944.8388946]
[1616800923.566159, 1616800944.6679995]
[1616800923.6800356, 1616800944.9633095]
[1616800923.6378298, 1616800944.671061]
[1616800923.6784642, 1616800945.0512078]
[1616800923.7350094, 1616800944.9254613]
[1616800923.6732562, 1616800944.8930051]
[1616800923.5884988, 1616800944.8445785]
[1616800923.72373, 1616800945.0343692]
[1616800923.8005867, 1616800944.7868824]
[1616800923.7362728, 1616800944.9931984]
[1616800923.819543, 1616800944.834653]
[1616800923.9411833, 1616800944.907948]
[1616800923.8622932, 1616800944.9366403]
[1616800923.8595505, 1616800944.7823918]
[1616800923.961219, 1616800945.2309868]
[1616800923.9313483, 1616800945.1084967]
[1616800924.0367806, 1616800945.211438]
[1616800923.932768, 1616800944.9424448]
[1616800923.967807, 1616800944.918351]
[1616800924.060628, 1616800945.0567372]
[1616800924.0706694, 1616800945.2699845]
[1616800924.1286654, 1616800945.1317647]
[1616800924.1123548, 1616800945.2749858]
[1616800923.953377, 1616800945.206569]
[1616800924.1442301, 1616800945.2237036]
[1616800924.087682, 1616800945.2957585]
[1616800924.1915343, 1616800945.3851686]
[1616800924.172731, 1616800945.1544135]
[1616800924.1655867, 1616800945.3559248]
[1616800924.0708387, 1616800945.057781]
[1616800924.1637259, 1616800945.4071577]
[1616800924.2761633, 1616800945.3053892]
[1616800924.1676798, 1616800945.2171512]
[1616800924.0562496, 1616800944.9303572]
[1616800924.2755709, 1616800945.363032]
[1616800924.2531216, 1616800945.2435334]
[1616800924.1038861, 1616800945.3154438]
[1616800924.19917, 1616800945.4135513]
[1616800924.2561727, 1616800945.4772527]
[1616800924.2940767, 1616800945.442459]
[1616800924.273899, 1616800945.351184]
[1616800924.2024171, 1616800945.3786983]
[1616800924.3036025, 1616800945.4384797]
[1616800924.3460073, 1616800945.3399374]
[1616800924.3030865, 1616800945.7114737]
[1616800924.2008777, 1616800945.1492684]
[1616800924.287912, 1616800945.2001557]
[1616800924.362729, 1616800945.5300553]
[1616800924.4120784, 1616800945.5218747]
[1616800924.2978146, 1616800945.5038836]
[1616800924.341752, 1616800945.3494654]
[1616800924.3039677, 1616800945.2768304]
[1616800924.4232252, 1616800945.4568653]
[1616800924.3873415, 1616800945.7594135]
[1616800924.4246745, 1616800945.5096753]
[1616800924.4024413, 1616800945.520586]
[1616800924.2734866, 1616800945.3344522]
[1616800924.4254286, 1616800945.3632894]
[1616800924.3301136, 1616800945.3506036]
[1616800924.4193969, 1616800945.574909]
[1616800924.4250932, 1616800945.6791472]
[1616800924.331152, 1616800945.3769178]
[1616800924.26059, 1616800945.68696]
[1616800924.4195526, 1616800945.50001]
[1616800924.357152, 1616800945.4998705]
[1616800924.3902652, 1616800945.4766273]
[1616800925.275926, 1616800950.1267607]
[1616800924.3928638, 1616800945.4108906]
[1616800925.2782383, 1616800948.978202]
[1616800924.3929946, 1616800945.4442904]
[1616800925.2554972, 1616800949.0050035]
[1616800924.3819182, 1616800945.3932269]
[1616800924.433218, 1616800948.6786144]
[1616800924.4332807, 1616800947.8608675]
[1616800925.2823422, 1616800949.0081942]
[1616800925.2413273, 1616800948.9585028]
[1616800925.3125381, 1616800950.1113381]
[1616800924.385337, 1616800945.3495765]
[1616800925.2579062, 1616800950.0973728]
