[1616799401.2690783, 1616799403.9865553]
[1616799401.2138412, 1616799403.9410598]
[1616799400.9557846, 1616799403.6807122]
[1616799401.17392, 1616799403.8663893]
[1616799401.124486, 1616799403.8346658]
[1616799401.271691, 1616799403.9597497]
[1616799400.9565635, 1616799403.6855245]
[1616799401.092419, 1616799403.814128]
[1616799400.9441361, 1616799403.6515477]
[1616799401.1702323, 1616799403.849763]
[1616799401.1045766, 1616799403.824183]
[1616799401.4376304, 1616799404.1597536]
[1616799401.1833277, 1616799403.9126146]
[1616799401.3378778, 1616799404.036721]
[1616799401.1887107, 1616799403.86849]
[1616799401.3468766, 1616799404.047042]
[1616799401.4227057, 1616799404.1158466]
[1616799401.1474257, 1616799403.8567564]
[1616799401.3020926, 1616799404.0113118]
[1616799401.3789475, 1616799404.0755706]
[1616799401.9210224, 1616799404.567004]
[1616799401.6206734, 1616799404.3032477]
[1616799401.6964324, 1616799404.3933408]
[1616799401.628206, 1616799404.3377016]
[1616799402.293267, 1616799404.9851007]
[1616799401.6936734, 1616799404.3876507]
[1616799401.9785662, 1616799404.609487]
[1616799402.202277, 1616799404.9018226]
[1616799402.0387325, 1616799404.741042]
[1616799402.3770294, 1616799405.0903585]
[1616799402.1190886, 1616799404.8516057]
[1616799402.3671696, 1616799404.9922886]
[1616799402.645223, 1616799405.42287]
[1616799402.5616302, 1616799405.267429]
[1616799402.6318383, 1616799405.2999883]
[1616799402.3618586, 1616799405.0648086]
[1616799402.8820834, 1616799405.623581]
[1616799403.1203527, 1616799405.902684]
[1616799402.7843845, 1616799405.550013]
[1616799402.8756506, 1616799405.6377006]
[1616799403.2857728, 1616799406.0360215]
[1616799403.341235, 1616799406.0964668]
[1616799403.1271071, 1616799405.9003875]
[1616799403.5025837, 1616799406.2584374]
[1616799403.1016126, 1616799405.8564653]
[1616799403.4394002, 1616799406.1728795]
[1616799403.5105968, 1616799406.2859952]
[1616799403.6268017, 1616799406.3796532]
[1616799404.0133119, 1616799406.7264516]
[1616799403.8888783, 1616799406.5768244]
[1616799403.8551602, 1616799406.5375996]
[1616799404.2882946, 1616799406.9849367]
[1616799404.0186887, 1616799406.709232]
[1616799404.169731, 1616799406.8885593]
[1616799403.955851, 1616799406.6741936]
[1616799404.1493897, 1616799406.8620942]
[1616799404.5281618, 1616799407.2286036]
[1616799404.3479168, 1616799407.0592043]
[1616799404.675608, 1616799407.3191066]
[1616799404.7409542, 1616799407.4044209]
[1616799404.9291794, 1616799407.6291275]
[1616799404.8205214, 1616799407.5255916]
[1616799405.0437298, 1616799407.6866412]
[1616799405.0878994, 1616799407.801821]
[1616799405.075042, 1616799407.7713575]
[1616799405.3973353, 1616799408.098391]
[1616799405.094288, 1616799407.8271482]
[1616799405.2871575, 1616799407.9826233]
[1616799405.3263595, 1616799408.0175188]
[1616799405.5088124, 1616799408.2606344]
[1616799405.6160462, 1616799408.381081]
[1616799405.6310103, 1616799408.3398292]
[1616799405.7048352, 1616799408.3829029]
[1616799405.6305523, 1616799408.3689146]
[1616799405.6670249, 1616799408.4237823]
[1616799405.9383829, 1616799408.6982539]
[1616799405.916063, 1616799408.6805701]
[1616799406.0383167, 1616799408.7701776]
[1616799405.8051143, 1616799408.5005248]
[1616799406.0478718, 1616799408.7886443]
[1616799406.0683374, 1616799408.7267783]
[1616799406.223742, 1616799408.9571474]
[1616799406.2978656, 1616799409.0640152]
[1616799406.4504526, 1616799409.2143283]
[1616799406.4081426, 1616799409.1783216]
[1616799406.651267, 1616799409.335744]
[1616799406.3923793, 1616799409.1827612]
[1616799406.6740904, 1616799409.416585]
[1616799406.8274372, 1616799409.5759697]
[1616799406.6588762, 1616799409.3574963]
[1616799406.8826435, 1616799409.585775]
[1616799406.6111715, 1616799409.300983]
[1616799407.0403883, 1616799409.7512882]
[1616799407.0052035, 1616799409.7019925]
[1616799407.1045058, 1616799409.815907]
[1616799407.4546368, 1616799410.0920067]
[1616799407.2514353, 1616799409.961048]
[1616799407.4443638, 1616799410.1161215]
[1616799407.48965, 1616799410.2086694]
[1616799407.4622087, 1616799410.1799743]
[1616799407.728526, 1616799410.3672884]
[1616799407.645981, 1616799410.3523977]
[1616799407.7400098, 1616799410.4403474]
[1616799407.7709236, 1616799410.470922]
[1616799407.855453, 1616799410.589843]
[1616799407.7548227, 1616799410.4464366]
[1616799407.8959942, 1616799410.610206]
[1616799407.9740329, 1616799410.669839]
[1616799408.066972, 1616799410.7665617]
[1616799408.136192, 1616799410.8459527]
[1616799408.0310235, 1616799410.6987655]
[1616799408.2463956, 1616799410.9698951]
[1616799408.4503212, 1616799411.2129285]
[1616799408.4215503, 1616799411.1897557]
[1616799408.4890132, 1616799411.2001624]
[1616799408.3964, 1616799411.065159]
[1616799408.457657, 1616799411.1972568]
[1616799408.7692957, 1616799411.4403641]
[1616799408.6902912, 1616799411.4667954]
[1616799408.6257174, 1616799411.3097858]
[1616799408.8640046, 1616799411.61061]
[1616799408.8866367, 1616799411.6283484]
[1616799408.9424126, 1616799411.7081838]
[1616799409.109718, 1616799411.8716197]
[1616799409.1588564, 1616799411.8845122]
[1616799409.2281628, 1616799411.9956992]
[1616799409.2902706, 1616799412.0430331]
[1616799409.3343925, 1616799411.9927042]
[1616799409.506875, 1616799412.206948]
[1616799409.523367, 1616799412.207299]
[1616799409.6438026, 1616799412.404513]
[1616799409.457082, 1616799412.1753201]
[1616799409.6197455, 1616799412.3336341]
[1616799409.6115723, 1616799412.321705]
[1616799409.891528, 1616799412.5996401]
[1616799410.0484226, 1616799412.7666788]
[1616799409.893538, 1616799412.590337]
[1616799409.8071191, 1616799412.5206242]
[1616799409.955847, 1616799412.7380624]
[1616799409.9888291, 1616799412.6940947]
[1616799410.189928, 1616799412.8767571]
[1616799410.1411586, 1616799412.80687]
[1616799410.3100266, 1616799413.0510771]
[1616799410.2610798, 1616799412.8977368]
[1616799410.2557168, 1616799412.9730632]
[1616799410.769938, 1616799413.4849794]
[1616799410.5122032, 1616799413.220433]
[1616799410.5853302, 1616799413.270234]
[1616799410.6767595, 1616799413.3837674]
[1616799410.7366676, 1616799413.4303017]
[1616799410.6179328, 1616799413.3371959]
[1616799410.8025591, 1616799413.5077732]
[1616799410.8161106, 1616799413.5278459]
[1616799410.8923924, 1616799413.592848]
[1616799410.8428233, 1616799413.4618528]
[1616799410.92139, 1616799413.6263897]
[1616799411.1386113, 1616799413.803612]
[1616799411.2487562, 1616799414.0025148]
[1616799411.146709, 1616799413.8600376]
[1616799411.2673929, 1616799414.0328772]
[1616799411.1885777, 1616799413.9095767]
[1616799411.222901, 1616799414.030747]
[1616799411.412465, 1616799414.1028147]
[1616799411.4224484, 1616799414.176615]
[1616799411.2079024, 1616799413.9142451]
[1616799411.4290526, 1616799414.1408873]
[1616799411.6428351, 1616799414.3693159]
[1616799411.6713288, 1616799414.4052489]
[1616799411.4999132, 1616799414.2882504]
[1616799411.5677757, 1616799414.2687364]
[1616799411.651501, 1616799414.4012315]
[1616799411.688058, 1616799414.4513028]
[1616799411.721818, 1616799414.4871776]
[1616799411.7378225, 1616799414.4841685]
[1616799412.0050592, 1616799414.7598128]
[1616799411.8420193, 1616799414.6212215]
[1616799411.826933, 1616799414.5232427]
[1616799412.0663338, 1616799414.8241608]
[1616799411.8576486, 1616799414.6204908]
[1616799412.246011, 1616799414.9349647]
[1616799412.1998134, 1616799414.91948]
[1616799412.305522, 1616799414.9665122]
[1616799412.2774053, 1616799414.9694667]
[1616799412.3602264, 1616799415.0866969]
[1616799412.4907284, 1616799415.2447698]
[1616799412.6167305, 1616799415.3254714]
[1616799412.3973477, 1616799415.0969648]
[1616799412.4180756, 1616799415.1748037]
[1616799412.5525312, 1616799415.2640193]
[1616799412.4842057, 1616799415.202825]
[1616799412.7026117, 1616799415.4046364]
[1616799412.7203357, 1616799415.5160513]
[1616799412.7199168, 1616799415.472761]
[1616799412.602151, 1616799415.2850888]
[1616799412.9388106, 1616799415.5596547]
[1616799412.8881478, 1616799415.5896904]
[1616799412.8230615, 1616799415.4851046]
[1616799412.8978972, 1616799415.6207392]
[1616799413.0091002, 1616799415.7972262]
[1616799412.9809518, 1616799415.6945736]
[1616799413.052046, 1616799415.8114116]
[1616799413.2375119, 1616799415.9326248]
[1616799413.18579, 1616799415.9177866]
[1616799413.2031531, 1616799415.964903]
[1616799413.38688, 1616799416.089151]
[1616799413.1941304, 1616799415.9347508]
[1616799413.4996917, 1616799416.2181497]
[1616799413.5890882, 1616799416.291458]
[1616799413.3659923, 1616799416.0917578]
[1616799413.6155398, 1616799416.235317]
[1616799413.5562913, 1616799416.2603517]
[1616799413.597888, 1616799416.3042705]
[1616799413.803274, 1616799416.5094986]
[1616799413.666614, 1616799416.3743446]
[1616799413.916828, 1616799416.632704]
[1616799413.7143705, 1616799416.382143]
[1616799413.9491053, 1616799416.6642723]
[1616799414.1198535, 1616799416.8079846]
[1616799413.921746, 1616799416.627208]
[1616799414.0508611, 1616799416.8055887]
[1616799414.0017571, 1616799416.6877117]
[1616799414.2095447, 1616799416.992371]
[1616799414.1818163, 1616799416.9155483]
[1616799414.1886182, 1616799416.9330966]
[1616799414.3150103, 1616799417.017395]
[1616799414.2426548, 1616799416.974754]
[1616799414.437244, 1616799417.1678915]
[1616799414.307103, 1616799417.0694115]
[1616799414.6236663, 1616799417.3857741]
[1616799414.6977935, 1616799417.5059292]
[1616799414.6221056, 1616799417.3197026]
[1616799414.765062, 1616799417.5281093]
[1616799414.68984, 1616799417.5255413]
[1616799414.8342526, 1616799417.5891478]
[1616799414.855353, 1616799417.5985568]
[1616799414.8818357, 1616799417.6253679]
[1616799414.9044747, 1616799417.6435156]
[1616799414.8838727, 1616799417.6054456]
[1616799415.0323, 1616799417.730015]
[1616799414.85766, 1616799417.6688404]
[1616799415.0251434, 1616799417.7162719]
[1616799415.2106032, 1616799417.9407816]
[1616799415.181515, 1616799417.9489639]
[1616799415.2216074, 1616799417.9537756]
[1616799415.3905299, 1616799418.17191]
[1616799415.3621974, 1616799418.0474534]
[1616799415.3887522, 1616799418.1025934]
[1616799415.3586502, 1616799418.0711439]
[1616799415.663152, 1616799418.3936963]
[1616799415.490127, 1616799418.247116]
[1616799415.5997064, 1616799418.3149028]
[1616799415.5804942, 1616799418.3332562]
[1616799415.686119, 1616799418.3421977]
[1616799415.7096136, 1616799418.435244]
[1616799415.5691578, 1616799418.240124]
[1616799415.7775185, 1616799418.4769516]
[1616799415.9595885, 1616799418.6609113]
[1616799416.1264327, 1616799418.837252]
[1616799415.9414344, 1616799418.7078125]
[1616799416.0732467, 1616799418.7889771]
[1616799416.032536, 1616799418.7563758]
[1616799416.1381721, 1616799418.8996994]
[1616799416.1175642, 1616799418.8236485]
[1616799416.3587468, 1616799419.0515046]
[1616799416.31076, 1616799419.0333445]
[1616799416.1940122, 1616799418.9678705]
[1616799416.3902528, 1616799419.0795434]
[1616799416.506068, 1616799419.1248214]
[1616799416.4550984, 1616799419.15962]
[1616799416.5748832, 1616799419.280804]
[1616799416.440664, 1616799419.1575112]
[1616799416.733738, 1616799419.4337547]
[1616799416.6092515, 1616799419.337224]
[1616799416.6219976, 1616799419.341501]
[1616799416.8561199, 1616799419.538535]
[1616799416.8075645, 1616799419.5393815]
[1616799417.0385134, 1616799419.7095094]
[1616799416.7257195, 1616799419.3939667]
[1616799417.0616286, 1616799419.823085]
[1616799416.943781, 1616799419.6654825]
[1616799417.0764706, 1616799419.8492386]
[1616799417.1474652, 1616799419.8814871]
[1616799417.15125, 1616799419.914965]
[1616799417.272135, 1616799420.0001009]
[1616799417.3133218, 1616799419.9834383]
[1616799417.292221, 1616799419.987549]
[1616799417.1185017, 1616799419.8547077]
[1616799417.3459814, 1616799420.04618]
[1616799417.4435554, 1616799420.2085454]
[1616799417.4935145, 1616799420.2508771]
[1616799417.4740777, 1616799420.18057]
[1616799417.5458233, 1616799420.3109663]
[1616799417.633449, 1616799420.39039]
[1616799417.6515486, 1616799420.406453]
[1616799417.659932, 1616799420.4094155]
[1616799417.8837712, 1616799420.6225708]
[1616799417.799932, 1616799420.518123]
[1616799417.9268074, 1616799420.8043807]
[1616799417.7367063, 1616799420.4274592]
[1616799417.8493156, 1616799420.6279435]
[1616799418.0226452, 1616799420.78214]
[1616799418.0150135, 1616799420.7222037]
[1616799417.9195328, 1616799420.6748326]
[1616799418.145814, 1616799420.8584697]
[1616799418.313132, 1616799420.9545035]
[1616799418.2199972, 1616799420.9268603]
[1616799418.2732284, 1616799421.0255852]
[1616799418.217776, 1616799420.9789667]
[1616799418.240646, 1616799420.9287426]
[1616799418.4716582, 1616799421.2039611]
[1616799418.7348785, 1616799421.4768703]
[1616799418.5146632, 1616799421.229982]
[1616799418.4369736, 1616799421.15468]
[1616799418.661465, 1616799421.3886309]
[1616799418.4804993, 1616799421.1285884]
[1616799418.5349476, 1616799421.2920048]
[1616799418.7095563, 1616799421.4073505]
[1616799418.642451, 1616799421.337069]
[1616799418.855898, 1616799421.561365]
[1616799418.8002713, 1616799421.5106409]
[1616799419.1827517, 1616799421.8885105]
[1616799419.263998, 1616799421.9869657]
[1616799418.9473608, 1616799421.7090447]
[1616799419.0557635, 1616799421.7532375]
[1616799419.2394848, 1616799421.896021]
[1616799419.0996292, 1616799421.8359816]
[1616799419.0975497, 1616799421.7809935]
[1616799419.2430174, 1616799422.0131981]
[1616799419.2283397, 1616799421.9351532]
[1616799419.3048947, 1616799422.0020933]
[1616799419.243659, 1616799421.9464812]
[1616799419.5143886, 1616799422.2190864]
[1616799419.554171, 1616799422.2710714]
[1616799419.606005, 1616799422.2550068]
[1616799419.7139153, 1616799422.4169412]
[1616799419.8107986, 1616799422.5231113]
[1616799419.5595226, 1616799422.2495112]
[1616799419.794018, 1616799422.5391498]
[1616799419.749891, 1616799422.418459]
[1616799419.8956954, 1616799422.6645086]
[1616799419.9088674, 1616799422.660351]
[1616799420.0021222, 1616799422.7095387]
[1616799420.1308029, 1616799422.831562]
[1616799420.1936734, 1616799422.911286]
[1616799420.0290499, 1616799422.7733128]
[1616799420.1969013, 1616799422.8769798]
[1616799420.3336368, 1616799423.106195]
[1616799420.2086575, 1616799422.9837334]
[1616799420.3483264, 1616799423.1219783]
[1616799420.2539911, 1616799423.019677]
[1616799420.425552, 1616799423.1749942]
[1616799420.583662, 1616799423.2776697]
[1616799420.65915, 1616799423.5038161]
[1616799420.6309757, 1616799423.3572009]
[1616799420.5618296, 1616799423.257736]
[1616799420.6916003, 1616799423.4481857]
[1616799420.902081, 1616799423.6159167]
[1616799420.845072, 1616799423.7800272]
[1616799420.7356827, 1616799423.4375846]
[1616799420.69326, 1616799423.4585783]
[1616799420.9329607, 1616799423.6379333]
[1616799421.003836, 1616799423.7924256]
[1616799421.004245, 1616799423.6420875]
[1616799421.0647192, 1616799423.8197052]
[1616799420.9373088, 1616799423.6272779]
[1616799421.0282104, 1616799423.7930987]
[1616799421.2008262, 1616799423.9184427]
[1616799421.3159745, 1616799424.110617]
[1616799421.2551334, 1616799423.9464893]
[1616799421.1551666, 1616799423.818026]
[1616799421.4825761, 1616799424.236432]
[1616799421.4488435, 1616799424.1218119]
[1616799421.4014256, 1616799424.135554]
[1616799421.7222948, 1616799424.483804]
[1616799421.5322783, 1616799424.2616048]
[1616799421.5890193, 1616799424.2944596]
[1616799421.877182, 1616799424.5516336]
[1616799421.8144379, 1616799424.5176232]
[1616799421.8549933, 1616799424.5643883]
[1616799421.8907387, 1616799424.6075933]
[1616799421.8634832, 1616799424.5963643]
[1616799421.9735734, 1616799424.6669223]
[1616799422.00125, 1616799424.7211044]
[1616799422.2481925, 1616799424.95133]
[1616799422.1016514, 1616799424.8733985]
[1616799422.240459, 1616799424.955037]
[1616799422.108636, 1616799424.804178]
[1616799422.356996, 1616799425.0933127]
[1616799422.4828827, 1616799425.1631548]
[1616799422.434833, 1616799425.1243558]
[1616799422.3959048, 1616799425.0591106]
[1616799422.6444883, 1616799425.3828797]
[1616799422.5962381, 1616799425.3062844]
[1616799422.6283937, 1616799425.3484945]
[1616799422.5220742, 1616799425.143932]
[1616799422.6335864, 1616799425.3481023]
[1616799422.7221503, 1616799425.4202387]
[1616799422.6635084, 1616799425.43188]
[1616799422.4756818, 1616799425.1941173]
[1616799422.8858383, 1616799425.5854218]
[1616799422.8722034, 1616799425.5536313]
[1616799422.7349799, 1616799425.458809]
[1616799422.9265952, 1616799425.632472]
[1616799422.8296819, 1616799425.556784]
[1616799423.002809, 1616799425.7660255]
[1616799423.069943, 1616799425.8531594]
[1616799423.0122988, 1616799425.8110843]
[1616799423.2392821, 1616799425.9971907]
[1616799423.1133287, 1616799425.8627613]
[1616799423.2432659, 1616799426.0062182]
[1616799423.1458902, 1616799425.9569004]
[1616799423.2351627, 1616799425.973438]
[1616799423.4068632, 1616799426.1486957]
[1616799423.5472379, 1616799426.3810515]
[1616799423.6309745, 1616799426.3410113]
[1616799423.4377306, 1616799426.1217167]
[1616799423.6579154, 1616799426.3418078]
[1616799423.9596815, 1616799426.648181]
[1616799423.887047, 1616799426.536832]
[1616799423.8814201, 1616799426.6408725]
[1616799423.7336595, 1616799426.4436843]
[1616799424.2182925, 1616799426.8931715]
[1616799424.0497992, 1616799426.8172276]
[1616799423.9827344, 1616799426.7448773]
[1616799424.0794818, 1616799426.7844472]
[1616799423.9791367, 1616799426.696254]
[1616799424.09726, 1616799426.828096]
[1616799424.1962607, 1616799426.9414968]
[1616799424.0164964, 1616799426.7805572]
[1616799424.2290378, 1616799427.0277507]
[1616799424.422611, 1616799427.1986563]
[1616799424.394432, 1616799427.142132]
[1616799424.3108745, 1616799427.0493915]
[1616799424.3098161, 1616799427.0199752]
[1616799424.486464, 1616799427.1971014]
[1616799424.54366, 1616799427.3136976]
[1616799424.5618696, 1616799427.2397687]
[1616799424.5516636, 1616799427.2231011]
[1616799424.5882657, 1616799427.288298]
[1616799424.5421028, 1616799427.2313838]
[1616799424.7221384, 1616799427.449173]
[1616799424.9564793, 1616799427.6772945]
[1616799424.7943165, 1616799427.5338116]
[1616799424.764688, 1616799427.469666]
[1616799424.7635138, 1616799427.4976542]
[1616799424.7533054, 1616799427.4735594]
[1616799424.9324424, 1616799427.7206275]
[1616799424.899567, 1616799427.6843066]
[1616799424.8388329, 1616799427.5409546]
[1616799424.9682858, 1616799427.7367582]
[1616799425.058126, 1616799427.766765]
[1616799425.1203332, 1616799427.8464332]
[1616799425.3496392, 1616799428.0594306]
[1616799425.25704, 1616799427.9581552]
[1616799425.2587752, 1616799427.9318082]
[1616799425.4633934, 1616799428.1435976]
[1616799425.6450968, 1616799428.35152]
[1616799425.4427404, 1616799428.186565]
[1616799425.5750976, 1616799428.3407104]
[1616799425.745667, 1616799428.4526494]
[1616799425.6663895, 1616799428.3631501]
[1616799425.5295584, 1616799428.266415]
[1616799425.7160947, 1616799428.4256802]
[1616799425.6671696, 1616799428.3608882]
[1616799425.701371, 1616799428.4457812]
[1616799425.7785552, 1616799428.5381045]
[1616799425.7511342, 1616799428.4071305]
[1616799426.0970302, 1616799428.8725245]
[1616799425.9839365, 1616799428.7309108]
[1616799425.9713535, 1616799428.7549038]
[1616799425.8526025, 1616799428.6258128]
[1616799425.8724356, 1616799428.6575375]
[1616799426.2473845, 1616799428.945278]
[1616799426.15461, 1616799428.9006374]
[1616799426.2162952, 1616799428.973131]
[1616799426.2222502, 1616799428.9938707]
[1616799426.192024, 1616799428.8681943]
[1616799426.4651082, 1616799429.1735356]
[1616799426.4231954, 1616799429.0670643]
[1616799426.336818, 1616799429.0090282]
[1616799426.4149692, 1616799429.1801274]
[1616799426.4543698, 1616799429.169169]
[1616799426.6457562, 1616799429.3019063]
[1616799426.496087, 1616799429.2368147]
[1616799426.4525898, 1616799429.159952]
[1616799426.518865, 1616799429.2162964]
[1616799426.8553886, 1616799429.622634]
[1616799426.8435278, 1616799429.5734503]
[1616799426.7682989, 1616799429.553039]
[1616799427.042021, 1616799429.8029013]
[1616799426.9299843, 1616799429.5915456]
[1616799427.0185144, 1616799429.7081099]
[1616799426.99098, 1616799429.718848]
[1616799427.146317, 1616799429.896782]
[1616799427.0305212, 1616799429.7721267]
[1616799427.2613888, 1616799429.9551554]
[1616799427.0951273, 1616799429.8226783]
[1616799427.1744597, 1616799429.8899288]
[1616799427.1743102, 1616799429.9575336]
[1616799427.224929, 1616799429.9831064]
[1616799427.330745, 1616799430.098574]
[1616799427.5165627, 1616799430.302101]
[1616799427.5463786, 1616799430.249884]
[1616799427.6969805, 1616799430.4629538]
[1616799427.4281585, 1616799430.1423492]
[1616799427.6310444, 1616799430.3775637]
[1616799427.6759472, 1616799430.3844306]
[1616799427.6499045, 1616799430.390461]
[1616799427.7966435, 1616799430.5089777]
[1616799427.858515, 1616799430.5835407]
[1616799428.0761545, 1616799430.7970123]
[1616799428.2505364, 1616799430.9426625]
[1616799428.0889702, 1616799430.8012235]
[1616799428.3590999, 1616799431.0862179]
[1616799428.3621757, 1616799431.081582]
[1616799428.1223383, 1616799430.8066366]
[1616799428.2454882, 1616799430.989199]
[1616799428.4780235, 1616799431.2278695]
[1616799428.284137, 1616799431.0065947]
[1616799428.5054314, 1616799431.2273598]
[1616799428.3056397, 1616799431.0283053]
[1616799428.4614608, 1616799431.1273131]
[1616799428.4006724, 1616799431.0919864]
[1616799428.4789686, 1616799431.2619114]
[1616799428.5021691, 1616799431.1429105]
[1616799428.6939263, 1616799431.4586122]
[1616799428.7222018, 1616799431.490531]
[1616799428.9150655, 1616799431.6687016]
[1616799428.6741047, 1616799431.4230561]
[1616799428.7272155, 1616799431.4307523]
[1616799428.6102347, 1616799431.3760521]
[1616799428.758814, 1616799431.4850764]
[1616799428.7285748, 1616799431.4271486]
[1616799428.725954, 1616799431.458673]
[1616799428.9169428, 1616799431.6913218]
[1616799429.1277297, 1616799431.7729452]
[1616799429.1549072, 1616799431.8428504]
[1616799429.1553664, 1616799431.959139]
[1616799429.452983, 1616799432.1581633]
[1616799429.3702638, 1616799432.0619247]
[1616799429.4654267, 1616799432.1780999]
[1616799429.3413002, 1616799432.2036839]
[1616799429.3141248, 1616799431.9981127]
[1616799429.2445312, 1616799431.9569702]
[1616799429.2892213, 1616799431.982886]
[1616799429.7511628, 1616799432.5190198]
[1616799429.7938352, 1616799432.501678]
[1616799429.6100032, 1616799432.313284]
[1616799429.728211, 1616799432.4674478]
[1616799429.7299716, 1616799432.4324079]
[1616799429.9987721, 1616799432.7681992]
[1616799429.8213098, 1616799432.6120055]
[1616799429.924932, 1616799432.663006]
[1616799429.8953862, 1616799432.6139627]
[1616799429.864763, 1616799432.5766325]
[1616799429.9783485, 1616799432.7382157]
[1616799430.0722826, 1616799432.811577]
[1616799430.4583664, 1616799433.1957202]
[1616799430.1233478, 1616799432.8796031]
[1616799430.008162, 1616799432.7207255]
[1616799430.4498963, 1616799433.1525247]
[1616799430.1767778, 1616799432.8783002]
[1616799430.2885683, 1616799432.9903352]
[1616799430.372165, 1616799433.080523]
[1616799430.5866454, 1616799433.3709915]
[1616799430.5193417, 1616799433.2243526]
[1616799430.450024, 1616799433.192083]
[1616799430.8070908, 1616799433.5177202]
[1616799430.660504, 1616799433.3827689]
[1616799430.8020973, 1616799433.6042829]
[1616799430.7639039, 1616799433.5397606]
[1616799430.9037933, 1616799433.5966494]
[1616799430.9926512, 1616799433.672896]
[1616799430.9289582, 1616799433.6402318]
[1616799431.028269, 1616799433.7497277]
[1616799430.956163, 1616799433.663633]
[1616799431.042806, 1616799433.7450213]
[1616799431.339786, 1616799434.0490518]
[1616799431.1945612, 1616799433.9197326]
[1616799431.1766946, 1616799433.8621004]
[1616799431.1845677, 1616799433.863701]
[1616799431.1596534, 1616799433.787294]
[1616799431.4006045, 1616799434.1669862]
[1616799431.0505106, 1616799433.7865999]
[1616799431.3553512, 1616799434.0643659]
[1616799431.4500988, 1616799434.157572]
[1616799431.6948383, 1616799434.477023]
[1616799431.4075332, 1616799434.1573539]
[1616799431.4591, 1616799434.2268002]
[1616799431.5159066, 1616799434.282634]
[1616799431.4513638, 1616799434.1333156]
[1616799431.7875016, 1616799434.4356468]
[1616799431.5710323, 1616799434.3050945]
[1616799431.6306813, 1616799434.3657343]
[1616799431.6177351, 1616799434.3881712]
[1616799432.0644026, 1616799434.7433488]
[1616799431.6869893, 1616799434.4535892]
[1616799432.0425715, 1616799434.6938326]
[1616799432.2628577, 1616799434.9594715]
[1616799432.0916913, 1616799434.7873838]
[1616799432.1070764, 1616799434.8199275]
[1616799432.0985224, 1616799434.8935194]
[1616799432.2503185, 1616799435.0222661]
[1616799432.1473594, 1616799434.8240254]
[1616799432.3484375, 1616799435.0110373]
[1616799432.2554407, 1616799434.9681268]
[1616799432.3223155, 1616799435.0163124]
[1616799432.3755302, 1616799435.074129]
[1616799432.3573413, 1616799435.118856]
[1616799432.34578, 1616799435.086266]
[1616799432.5133502, 1616799435.1996999]
[1616799432.3874757, 1616799435.106824]
[1616799432.8748577, 1616799435.5852294]
[1616799432.7644658, 1616799435.5313551]
[1616799432.8393211, 1616799435.5939617]
[1616799432.6620584, 1616799435.3751564]
[1616799432.739291, 1616799435.4438922]
[1616799432.706481, 1616799435.4416604]
[1616799432.7423587, 1616799435.5184503]
[1616799432.8424752, 1616799435.6010587]
[1616799433.3195403, 1616799436.03968]
[1616799433.0804338, 1616799435.7834344]
[1616799433.275703, 1616799435.9972277]
[1616799433.3986928, 1616799436.122213]
[1616799433.209308, 1616799435.9463606]
[1616799433.3272018, 1616799436.0871582]
[1616799433.5489924, 1616799436.3518665]
[1616799433.2765653, 1616799436.0208237]
[1616799433.349009, 1616799436.0476441]
[1616799433.283794, 1616799435.9788597]
[1616799433.4048707, 1616799436.1690085]
[1616799433.8458803, 1616799436.5878732]
[1616799433.7648144, 1616799436.458451]
[1616799433.7305338, 1616799436.4064364]
[1616799433.5718997, 1616799436.297185]
[1616799433.7599325, 1616799436.4915383]
[1616799433.828005, 1616799436.4655113]
[1616799433.659711, 1616799436.3715265]
[1616799433.5935507, 1616799436.3667412]
[1616799433.8479655, 1616799436.7273734]
[1616799434.1761067, 1616799436.8907394]
[1616799433.886997, 1616799436.5524912]
[1616799433.8957763, 1616799436.5835254]
[1616799434.1461258, 1616799436.8229709]
[1616799434.1750388, 1616799436.9421282]
[1616799434.0496778, 1616799436.7650201]
[1616799434.3635077, 1616799437.1160507]
[1616799434.2783034, 1616799436.9824631]
[1616799434.228398, 1616799436.9779325]
[1616799434.2752228, 1616799437.0323193]
[1616799434.6079202, 1616799437.4587817]
[1616799434.524424, 1616799437.2900116]
[1616799434.6347535, 1616799437.368345]
[1616799434.307654, 1616799437.0669663]
[1616799434.5644104, 1616799437.3107536]
[1616799434.7119503, 1616799437.3862913]
[1616799434.6749349, 1616799437.3942232]
[1616799434.5888305, 1616799437.2416792]
[1616799434.7492335, 1616799437.408231]
[1616799434.861741, 1616799437.5141833]
[1616799434.9050078, 1616799437.671817]
[1616799434.9265792, 1616799437.636478]
[1616799434.9075582, 1616799437.6131098]
[1616799435.0151396, 1616799437.7271338]
[1616799435.007884, 1616799437.7485752]
[1616799435.1998181, 1616799437.9842422]
[1616799435.390878, 1616799438.1057575]
[1616799435.2471344, 1616799437.9614537]
[1616799435.5096722, 1616799438.2629225]
[1616799435.2511868, 1616799437.949337]
[1616799435.3526587, 1616799438.120193]
[1616799435.4714773, 1616799438.1957488]
[1616799435.318964, 1616799438.0686033]
[1616799435.347786, 1616799438.0479674]
[1616799435.5195556, 1616799438.2021766]
[1616799435.6833966, 1616799438.4086733]
[1616799435.5213468, 1616799438.1992981]
[1616799435.5767572, 1616799438.3282065]
[1616799435.5903664, 1616799438.3932376]
[1616799435.956713, 1616799438.7025187]
[1616799435.6388106, 1616799438.3877206]
[1616799435.6818314, 1616799438.4238734]
[1616799435.8951516, 1616799438.5887413]
[1616799436.0054119, 1616799438.707491]
[1616799435.993965, 1616799438.7016678]
[1616799436.1113632, 1616799438.863228]
[1616799436.1783092, 1616799438.9545054]
[1616799436.2727053, 1616799439.013998]
[1616799436.3518083, 1616799439.1495419]
[1616799436.1668944, 1616799438.8854494]
[1616799436.2284274, 1616799438.9392557]
[1616799436.191561, 1616799438.8909588]
[1616799436.3184059, 1616799439.0283828]
[1616799436.406131, 1616799439.1188607]
[1616799436.8045628, 1616799439.520269]
[1616799436.5020998, 1616799439.2690542]
[1616799436.4358778, 1616799439.10866]
[1616799436.5255153, 1616799439.1584156]
[1616799436.6397822, 1616799439.3184323]
[1616799436.978496, 1616799439.6830258]
[1616799437.003116, 1616799439.7487626]
[1616799436.6116402, 1616799439.3522136]
[1616799436.7288666, 1616799439.4281323]
[1616799436.8715644, 1616799439.5742373]
[1616799436.8652956, 1616799439.532512]
[1616799436.9980342, 1616799439.676712]
[1616799436.9242446, 1616799439.63518]
[1616799436.9691947, 1616799439.7590384]
[1616799437.2809484, 1616799439.920832]
[1616799437.1255107, 1616799439.8711834]
[1616799437.370073, 1616799440.1310399]
[1616799437.2034771, 1616799439.97243]
[1616799437.29549, 1616799440.0585334]
[1616799437.3832717, 1616799440.122306]
[1616799437.5378387, 1616799440.1922915]
[1616799437.393113, 1616799440.0713553]
[1616799437.3147717, 1616799440.0719573]
[1616799437.6558, 1616799440.359815]
[1616799437.5950904, 1616799440.322563]
[1616799437.4471014, 1616799440.1260355]
[1616799437.6240005, 1616799440.332537]
[1616799437.8911452, 1616799440.6264222]
[1616799437.7018602, 1616799440.47422]
[1616799437.7110567, 1616799440.4829113]
[1616799437.5620656, 1616799440.3290434]
[1616799437.7650807, 1616799440.5183902]
[1616799437.7644753, 1616799440.474085]
[1616799437.7501338, 1616799440.4602797]
[1616799437.9279017, 1616799440.6172755]
[1616799438.0158677, 1616799440.772873]
[1616799437.8894296, 1616799440.5669146]
[1616799438.1348674, 1616799440.9366682]
[1616799437.9399185, 1616799440.618721]
[1616799438.2739146, 1616799440.9738998]
[1616799438.2693462, 1616799441.0107267]
[1616799438.3028169, 1616799440.9760382]
[1616799438.461868, 1616799441.257456]
[1616799438.4919107, 1616799441.2382457]
[1616799438.3653092, 1616799441.1248312]
[1616799438.4456146, 1616799441.179681]
[1616799438.6378376, 1616799441.3322463]
[1616799438.4248748, 1616799441.1789188]
[1616799438.6962698, 1616799441.4666007]
[1616799438.843799, 1616799441.559347]
[1616799438.6968327, 1616799441.3776436]
[1616799438.7401116, 1616799441.4564185]
[1616799439.164618, 1616799441.791808]
[1616799438.7737129, 1616799441.4902308]
[1616799438.6237607, 1616799441.3271449]
[1616799438.691893, 1616799441.4019077]
[1616799438.9712248, 1616799441.7429488]
[1616799439.4508429, 1616799442.1252646]
[1616799439.15453, 1616799441.8182168]
[1616799439.1624813, 1616799441.919863]
[1616799439.3161292, 1616799442.0312517]
[1616799439.1501296, 1616799441.860236]
[1616799439.3136175, 1616799442.057037]
[1616799439.6456413, 1616799442.341325]
[1616799439.5696328, 1616799442.2686217]
[1616799439.4375505, 1616799442.1105428]
[1616799439.4440176, 1616799442.1793096]
[1616799439.5240824, 1616799442.2427537]
[1616799439.5376601, 1616799442.2025967]
[1616799439.7336156, 1616799442.4178104]
[1616799439.5318463, 1616799442.2441108]
[1616799439.7828572, 1616799442.5246038]
[1616799439.831761, 1616799442.5389822]
[1616799439.459596, 1616799442.2046762]
[1616799439.7758656, 1616799442.535543]
[1616799439.7196739, 1616799442.4265232]
[1616799440.0444126, 1616799442.672529]
[1616799440.0330694, 1616799442.7808836]
[1616799439.8890772, 1616799442.6001344]
[1616799440.1202626, 1616799442.8695378]
[1616799440.1450853, 1616799442.9019127]
[1616799440.2950199, 1616799442.9486022]
[1616799440.2460024, 1616799442.9123566]
[1616799440.3522906, 1616799443.0647426]
[1616799440.3990684, 1616799443.166942]
[1616799440.3712306, 1616799443.0767426]
[1616799440.554394, 1616799443.3295722]
[1616799440.305135, 1616799443.0282073]
[1616799440.5089383, 1616799443.2741609]
[1616799440.776097, 1616799443.457493]
[1616799440.6740913, 1616799443.3575788]
[1616799440.5437725, 1616799443.3074298]
[1616799440.4618554, 1616799443.1837423]
[1616799440.671005, 1616799443.4100757]
[1616799440.7501333, 1616799443.437554]
[1616799440.8198872, 1616799443.6134708]
[1616799441.057841, 1616799443.7372265]
[1616799441.154777, 1616799443.8529441]
[1616799441.1468823, 1616799443.915025]
[1616799441.029832, 1616799443.7130978]
[1616799441.075458, 1616799443.7861962]
[1616799441.0719323, 1616799443.8465846]
[1616799441.0195217, 1616799443.7705426]
[1616799441.2064197, 1616799443.9321518]
[1616799441.2596073, 1616799444.000243]
[1616799441.2636335, 1616799444.032607]
[1616799441.575409, 1616799444.3052137]
[1616799441.413174, 1616799444.1274502]
[1616799441.457589, 1616799444.1487052]
[1616799441.833277, 1616799444.501771]
[1616799441.7068295, 1616799444.4350805]
[1616799441.734775, 1616799444.46889]
[1616799441.7711358, 1616799444.5907874]
[1616799442.0351012, 1616799444.7119913]
[1616799441.8716602, 1616799444.5963895]
[1616799441.80393, 1616799444.4412692]
[1616799441.833454, 1616799444.5448377]
[1616799441.9976945, 1616799444.7834072]
[1616799442.2344356, 1616799444.9741173]
[1616799442.1289937, 1616799444.8008173]
[1616799442.3201737, 1616799445.0291152]
[1616799442.4343364, 1616799445.1194625]
[1616799442.255107, 1616799444.9804332]
[1616799442.5650482, 1616799445.3132365]
[1616799442.6748226, 1616799445.404717]
[1616799442.4230871, 1616799445.116669]
[1616799442.4227831, 1616799445.1623044]
[1616799442.462613, 1616799445.1366282]
[1616799442.428428, 1616799445.1585016]
[1616799442.556912, 1616799445.2737553]
[1616799442.5634296, 1616799445.3176684]
[1616799442.892922, 1616799445.591726]
[1616799442.916863, 1616799445.6455743]
[1616799442.7534468, 1616799445.4156451]
[1616799442.883383, 1616799445.6328201]
[1616799443.1076431, 1616799445.8211102]
[1616799442.980212, 1616799445.6484816]
[1616799442.8815777, 1616799445.6372855]
[1616799442.8749049, 1616799445.6417658]
[1616799443.3857694, 1616799446.0610616]
[1616799442.9085028, 1616799445.6598597]
[1616799443.4921937, 1616799446.1789503]
[1616799443.3464484, 1616799446.1212573]
[1616799443.3507764, 1616799446.1516721]
[1616799443.5238438, 1616799446.2519705]
[1616799443.3234293, 1616799446.0784822]
[1616799443.4470103, 1616799446.1455846]
[1616799443.497925, 1616799446.2480044]
[1616799443.6090379, 1616799446.3768227]
[1616799443.6455774, 1616799446.4048512]
[1616799443.6986399, 1616799446.4203522]
[1616799443.806272, 1616799446.4998434]
[1616799443.799902, 1616799446.5498745]
[1616799443.8922231, 1616799446.6171749]
[1616799443.799612, 1616799446.5176888]
[1616799443.8956382, 1616799446.699191]
[1616799443.9946237, 1616799446.7250714]
[1616799444.099687, 1616799446.8535926]
[1616799444.053959, 1616799446.8181872]
[1616799444.1899726, 1616799446.8962233]
[1616799444.2083547, 1616799446.98095]
[1616799444.4674134, 1616799447.10704]
[1616799444.425734, 1616799447.1340456]
[1616799444.1540167, 1616799446.8521]
[1616799444.3087323, 1616799447.038485]
[1616799444.4323905, 1616799447.1183162]
[1616799444.4342358, 1616799447.1515822]
[1616799444.3084617, 1616799446.9792144]
[1616799444.6148784, 1616799447.3201046]
[1616799444.6560144, 1616799447.374699]
[1616799444.6697261, 1616799447.356215]
[1616799444.6494536, 1616799447.408127]
[1616799444.8651824, 1616799447.6128912]
[1616799444.7659557, 1616799447.4394667]
[1616799444.8159742, 1616799447.481034]
[1616799445.0941746, 1616799447.8009782]
[1616799444.9286027, 1616799447.6268024]
[1616799444.8708427, 1616799447.6208599]
[1616799444.8334367, 1616799447.5874257]
[1616799445.131929, 1616799447.8458688]
[1616799445.1780648, 1616799447.9015126]
[1616799445.3038378, 1616799448.0011246]
[1616799444.9935882, 1616799447.7115781]
[1616799445.2602253, 1616799447.9494226]
[1616799445.2001092, 1616799447.9180677]
[1616799445.235345, 1616799447.9328392]
[1616799445.4256, 1616799448.139989]
[1616799445.5566106, 1616799448.2072072]
[1616799445.363519, 1616799448.1165283]
[1616799445.5246532, 1616799448.2763605]
[1616799445.4239225, 1616799448.0980375]
[1616799445.7984173, 1616799448.5584245]
[1616799445.5285182, 1616799448.2591255]
[1616799445.5426755, 1616799448.2628036]
[1616799445.6790576, 1616799448.3617277]
[1616799445.6105542, 1616799448.301548]
[1616799445.675322, 1616799448.4315443]
[1616799446.0025446, 1616799448.7243307]
[1616799445.7120137, 1616799448.442803]
[1616799445.78414, 1616799448.5383582]
[1616799446.0321894, 1616799448.804898]
[1616799445.7287323, 1616799448.5355217]
[1616799446.0884912, 1616799448.800095]
[1616799446.3590446, 1616799449.1262517]
[1616799446.15471, 1616799448.8448935]
[1616799446.2145662, 1616799448.9017363]
[1616799446.2828119, 1616799449.0128236]
[1616799446.2555726, 1616799448.999843]
[1616799446.511825, 1616799449.1893497]
[1616799446.4666367, 1616799449.2384195]
[1616799446.5672033, 1616799449.300663]
[1616799446.6297083, 1616799449.330745]
[1616799446.6321814, 1616799449.4309466]
[1616799446.4421978, 1616799449.1710503]
[1616799446.538705, 1616799449.2481935]
[1616799446.8452032, 1616799449.5973547]
[1616799446.8721907, 1616799449.5631313]
[1616799446.4005234, 1616799449.174204]
[1616799446.7229338, 1616799449.4909897]
[1616799446.8956766, 1616799449.655559]
[1616799446.8618178, 1616799449.6157222]
[1616799447.039988, 1616799449.8025916]
[1616799446.8541765, 1616799449.5823026]
[1616799446.9238188, 1616799449.638181]
[1616799446.8148267, 1616799449.5568202]
[1616799446.8336282, 1616799449.593626]
[1616799447.184659, 1616799449.8875756]
[1616799447.1355796, 1616799449.8112302]
[1616799447.1874883, 1616799449.8338268]
[1616799447.1623387, 1616799449.8889859]
[1616799447.3075542, 1616799450.0300357]
[1616799447.30863, 1616799449.981328]
[1616799447.4396179, 1616799450.215795]
[1616799447.5031223, 1616799450.1899502]
[1616799447.5118518, 1616799450.224128]
[1616799447.8104022, 1616799450.5236702]
[1616799447.7553897, 1616799450.472284]
[1616799447.8508928, 1616799450.6131377]
[1616799447.4877255, 1616799450.148399]
[1616799447.842696, 1616799450.59354]
[1616799447.8574076, 1616799450.548313]
[1616799447.8755383, 1616799450.576813]
[1616799447.7715106, 1616799450.4710562]
[1616799447.8770676, 1616799450.5939348]
[1616799447.9086344, 1616799450.6442242]
[1616799447.8870275, 1616799450.6341438]
[1616799447.8017235, 1616799450.5465398]
[1616799448.120882, 1616799450.7897255]
[1616799447.98754, 1616799450.6987305]
[1616799447.9061112, 1616799450.648794]
[1616799448.1827376, 1616799450.9402504]
[1616799448.1958728, 1616799450.8797555]
[1616799448.147822, 1616799450.8922915]
[1616799448.2995083, 1616799451.044336]
[1616799448.2417774, 1616799450.8879507]
[1616799448.1877022, 1616799450.9196198]
[1616799448.4744818, 1616799451.2155569]
[1616799448.3924136, 1616799451.0732503]
[1616799448.463788, 1616799451.1901739]
[1616799448.5984464, 1616799451.3545506]
[1616799448.7528248, 1616799451.4689386]
[1616799448.6707942, 1616799451.4286778]
[1616799448.8037229, 1616799451.4914584]
[1616799448.7762246, 1616799451.5821383]
[1616799448.8043413, 1616799451.47815]
[1616799448.8983655, 1616799451.5736237]
[1616799449.0435643, 1616799451.761676]
[1616799449.0073166, 1616799451.7496402]
[1616799449.1968763, 1616799451.8567755]
[1616799448.9875684, 1616799451.6726632]
[1616799449.2541656, 1616799451.9687304]
[1616799449.1903841, 1616799451.9734583]
[1616799449.4526339, 1616799452.2208514]
[1616799449.4065495, 1616799452.1289575]
[1616799449.2430995, 1616799452.016564]
[1616799449.47499, 1616799452.2236137]
[1616799449.227844, 1616799451.9350533]
[1616799449.3971994, 1616799452.097461]
[1616799449.525857, 1616799452.300661]
[1616799449.4423037, 1616799452.2083926]
[1616799449.7092433, 1616799452.4245014]
[1616799449.9317837, 1616799452.6491175]
[1616799449.827315, 1616799452.6145384]
[1616799449.4351878, 1616799452.2049909]
[1616799449.7440407, 1616799452.508562]
[1616799449.6740606, 1616799452.427025]
[1616799449.7865427, 1616799452.545659]
[1616799449.9274635, 1616799452.640665]
[1616799449.9370928, 1616799452.5470152]
[1616799449.8196115, 1616799452.5823421]
[1616799450.0814264, 1616799452.805307]
[1616799449.9962885, 1616799452.6817255]
[1616799450.0135832, 1616799452.7375288]
[1616799449.8204894, 1616799452.4870987]
[1616799450.0855281, 1616799452.7822254]
[1616799450.152058, 1616799452.8941112]
[1616799450.5075305, 1616799453.2077472]
[1616799450.426753, 1616799453.1331773]
[1616799450.204513, 1616799452.88939]
[1616799450.412601, 1616799453.1687121]
[1616799450.3060193, 1616799453.0098565]
[1616799450.497746, 1616799453.2162695]
[1616799450.435028, 1616799453.1544526]
[1616799450.534352, 1616799453.2370462]
[1616799450.4235866, 1616799453.0726116]
[1616799450.7465122, 1616799453.462959]
[1616799450.7180028, 1616799453.4193778]
[1616799450.8612883, 1616799453.5238142]
[1616799451.0227253, 1616799453.730623]
[1616799450.9201188, 1616799453.653941]
[1616799451.122939, 1616799453.8038707]
[1616799451.0989926, 1616799453.7931538]
[1616799451.1127765, 1616799453.8552175]
[1616799451.232012, 1616799453.9583085]
[1616799451.1658607, 1616799453.864608]
[1616799450.9568167, 1616799453.7250624]
[1616799451.2227237, 1616799453.9785938]
[1616799451.2485554, 1616799454.0159385]
[1616799451.037281, 1616799453.6873908]
[1616799451.339763, 1616799454.049075]
[1616799451.383415, 1616799454.1404579]
[1616799451.1563785, 1616799453.8655384]
[1616799451.4438043, 1616799454.2038157]
[1616799451.5601714, 1616799454.2535038]
[1616799451.7198374, 1616799454.4227273]
[1616799451.766717, 1616799454.4897075]
[1616799451.8198552, 1616799454.5095484]
[1616799451.7804704, 1616799454.5184956]
[1616799451.7934053, 1616799454.4604452]
[1616799451.8723063, 1616799454.5450878]
[1616799451.8911474, 1616799454.5959678]
[1616799451.7813556, 1616799454.543801]
[1616799452.2186491, 1616799454.9902022]
[1616799452.1450114, 1616799454.8740735]
[1616799452.1095834, 1616799454.8194938]
[1616799452.0364861, 1616799454.8570974]
[1616799452.254723, 1616799454.9826891]
[1616799452.2794929, 1616799455.050673]
[1616799452.3563695, 1616799455.1225543]
[1616799452.4516172, 1616799455.213049]
[1616799452.593932, 1616799455.3513477]
[1616799452.4200716, 1616799455.1961253]
[1616799452.499285, 1616799455.1536677]
[1616799452.3735218, 1616799455.1338897]
[1616799452.529234, 1616799455.2862036]
[1616799452.6297953, 1616799455.400995]
[1616799452.7207372, 1616799455.4397578]
[1616799452.5797133, 1616799455.2043269]
[1616799452.8679428, 1616799455.5898895]
[1616799452.9061031, 1616799455.648502]
[1616799452.9777393, 1616799455.7147405]
[1616799452.921364, 1616799455.6137083]
[1616799453.0039086, 1616799455.7519534]
[1616799452.878199, 1616799455.5729647]
[1616799453.0874207, 1616799455.7693584]
[1616799452.9583406, 1616799455.6785867]
[1616799453.3945312, 1616799456.0986419]
[1616799453.2100427, 1616799455.9686456]
[1616799453.4897292, 1616799456.1937766]
[1616799453.2908652, 1616799456.0021033]
[1616799453.3700356, 1616799456.0758889]
[1616799453.4750729, 1616799456.2171562]
[1616799453.6791797, 1616799456.4111981]
[1616799453.3968468, 1616799456.1081908]
[1616799453.5737207, 1616799456.2296832]
[1616799453.4272776, 1616799456.1285172]
[1616799453.6319153, 1616799456.3422906]
[1616799453.757798, 1616799456.52579]
[1616799453.750619, 1616799456.4586256]
[1616799453.7681036, 1616799456.430713]
[1616799453.97321, 1616799456.71818]
[1616799454.1742473, 1616799456.9487588]
[1616799453.8911567, 1616799456.593767]
[1616799453.9630022, 1616799456.717632]
[1616799453.9443283, 1616799456.6943817]
[1616799453.8310883, 1616799456.5081985]
[1616799454.030107, 1616799456.7912092]
[1616799453.9279625, 1616799456.6391659]
[1616799454.2376428, 1616799457.0100534]
[1616799454.2963681, 1616799457.0510914]
[1616799454.1832154, 1616799456.9005263]
[1616799454.325047, 1616799457.036522]
[1616799454.265296, 1616799456.9654722]
[1616799454.3169796, 1616799457.0708728]
[1616799454.3712301, 1616799457.0893722]
[1616799454.6238155, 1616799457.3463764]
[1616799454.5670867, 1616799457.267992]
[1616799454.7959967, 1616799457.4732804]
[1616799454.7252836, 1616799457.4675963]
[1616799454.8700418, 1616799457.6355786]
[1616799454.8509085, 1616799457.5688345]
[1616799454.7179947, 1616799457.4666007]
[1616799454.9899082, 1616799457.714108]
[1616799454.9004388, 1616799457.633638]
[1616799455.012933, 1616799457.782966]
[1616799455.1114902, 1616799457.8886805]
[1616799455.1965876, 1616799457.9297454]
[1616799455.1705086, 1616799457.8205903]
[1616799455.1336482, 1616799457.8944342]
[1616799455.17706, 1616799457.9417953]
[1616799455.2103796, 1616799457.8316696]
[1616799455.362583, 1616799458.1130834]
[1616799455.405808, 1616799458.1568718]
[1616799455.5040693, 1616799458.1746824]
[1616799455.4968338, 1616799458.249843]
[1616799455.4962862, 1616799458.2834706]
[1616799455.442109, 1616799458.204626]
[1616799455.656936, 1616799458.394734]
[1616799455.4869218, 1616799458.1848886]
[1616799455.5081134, 1616799458.1959424]
[1616799455.9075568, 1616799458.6322458]
[1616799455.8416362, 1616799458.5294216]
[1616799455.8436892, 1616799458.5777247]
[1616799455.7703855, 1616799458.4892828]
[1616799455.9185832, 1616799458.612313]
[1616799456.1229398, 1616799458.8424325]
[1616799456.076706, 1616799458.8608468]
[1616799456.1056564, 1616799458.8375492]
[1616799456.0327682, 1616799458.7629514]
[1616799456.1382322, 1616799458.8287349]
[1616799456.240535, 1616799458.895706]
[1616799456.0873067, 1616799458.797827]
[1616799456.206929, 1616799458.926539]
[1616799456.2919834, 1616799459.0187404]
[1616799456.3927333, 1616799459.1091626]
[1616799456.508699, 1616799459.1658466]
[1616799456.6964524, 1616799459.4149728]
[1616799456.345924, 1616799459.077023]
[1616799456.7943864, 1616799459.4633436]
[1616799456.4895978, 1616799459.201813]
[1616799456.5156033, 1616799459.1895964]
[1616799456.8077304, 1616799459.5771532]
[1616799456.755977, 1616799459.4928253]
[1616799457.027158, 1616799459.7992358]
[1616799456.924081, 1616799459.6452723]
[1616799457.0324578, 1616799459.7283425]
[1616799457.0772517, 1616799459.8281493]
[1616799457.182472, 1616799459.8881016]
[1616799457.1799872, 1616799459.957727]
[1616799457.1582797, 1616799459.8681095]
[1616799457.4581528, 1616799460.2006104]
[1616799457.3928716, 1616799460.096864]
[1616799457.4248228, 1616799460.1216767]
[1616799457.4316497, 1616799460.1743653]
[1616799457.526247, 1616799460.205758]
[1616799457.578195, 1616799460.2902179]
[1616799457.6939192, 1616799460.432102]
[1616799457.6372318, 1616799460.3911664]
[1616799457.7590842, 1616799460.5165992]
[1616799457.81423, 1616799460.5853887]
[1616799457.7584565, 1616799460.4724286]
[1616799457.7744043, 1616799460.4943485]
[1616799457.6788325, 1616799460.4451318]
[1616799457.858361, 1616799460.4809754]
[1616799457.8916397, 1616799460.5654175]
[1616799457.924335, 1616799460.7156641]
[1616799458.234353, 1616799461.0023391]
[1616799458.2707384, 1616799461.0372021]
[1616799458.039334, 1616799460.751605]
[1616799457.9746637, 1616799460.7774684]
[1616799458.3514113, 1616799461.0627027]
[1616799458.4156713, 1616799461.155251]
[1616799458.382561, 1616799461.1318715]
[1616799458.4593368, 1616799461.217417]
[1616799458.1933744, 1616799460.8928745]
[1616799458.3105001, 1616799461.0971563]
[1616799458.4944162, 1616799461.2263417]
[1616799458.3733537, 1616799461.0446355]
[1616799458.5393717, 1616799461.23523]
[1616799458.6271284, 1616799461.3358092]
[1616799458.6886842, 1616799461.3996294]
[1616799458.839571, 1616799461.5352128]
[1616799458.725085, 1616799461.4823267]
[1616799458.9624577, 1616799461.6890957]
[1616799458.6634796, 1616799461.3819747]
[1616799459.0106764, 1616799461.7225153]
[1616799459.042332, 1616799461.7636354]
[1616799459.0043046, 1616799461.7764843]
[1616799458.984417, 1616799461.6331594]
[1616799459.221948, 1616799461.933109]
[1616799459.0778086, 1616799461.7892587]
[1616799459.0632777, 1616799461.7570434]
[1616799459.3137121, 1616799462.0299916]
[1616799459.456726, 1616799462.204193]
[1616799459.305657, 1616799461.9357016]
[1616799459.2345414, 1616799461.8995118]
[1616799459.4464197, 1616799462.1698527]
[1616799459.4879577, 1616799462.14366]
[1616799459.7668226, 1616799462.5394547]
[1616799459.6792488, 1616799462.4343586]
[1616799459.57165, 1616799462.2993429]
[1616799459.7072377, 1616799462.435763]
[1616799459.6539562, 1616799462.361702]
[1616799459.7336757, 1616799462.4241984]
[1616799459.865472, 1616799462.6426227]
[1616799459.9715803, 1616799462.7179341]
[1616799459.7712991, 1616799462.5259106]
[1616799459.854561, 1616799462.6168702]
[1616799460.063891, 1616799462.7759385]
[1616799460.1182876, 1616799462.8317447]
[1616799460.1915445, 1616799462.9332197]
[1616799460.040484, 1616799462.7673538]
[1616799460.2270982, 1616799462.970137]
[1616799460.2184849, 1616799462.9122105]
[1616799460.1339352, 1616799462.8452852]
[1616799460.3514805, 1616799463.0648496]
[1616799460.482598, 1616799463.2052398]
[1616799460.4252279, 1616799463.161998]
[1616799460.2361531, 1616799462.9238114]
[1616799460.3184502, 1616799463.0625832]
[1616799460.3032734, 1616799463.0165894]
[1616799460.2720985, 1616799462.9905033]
[1616799460.5746872, 1616799463.3214371]
[1616799460.9711576, 1616799463.7593973]
[1616799460.7524323, 1616799463.4769843]
[1616799460.7360077, 1616799463.5245788]
[1616799460.72251, 1616799463.5147378]
[1616799460.5707307, 1616799463.2335634]
[1616799460.8982987, 1616799463.5909696]
[1616799461.0285318, 1616799463.77209]
[1616799460.910475, 1616799463.5424094]
[1616799460.8638117, 1616799463.6279523]
[1616799461.0291007, 1616799463.825264]
[1616799460.8756406, 1616799463.5882316]
[1616799461.1959255, 1616799463.928783]
[1616799461.335942, 1616799464.093338]
[1616799461.2938542, 1616799463.9888573]
[1616799461.1456938, 1616799463.8907456]
[1616799461.3371036, 1616799464.0688736]
[1616799461.519077, 1616799464.2160335]
[1616799461.5930517, 1616799464.299304]
[1616799461.5130522, 1616799464.269442]
[1616799461.5748487, 1616799464.2958148]
[1616799461.558919, 1616799464.2547112]
[1616799461.5956144, 1616799464.396913]
[1616799461.7455919, 1616799464.4667392]
[1616799461.834459, 1616799464.542728]
[1616799461.7306173, 1616799464.4540634]
[1616799461.9113736, 1616799464.5919275]
[1616799461.9083967, 1616799464.5925403]
[1616799461.8228338, 1616799464.5518909]
[1616799461.8179936, 1616799464.590497]
[1616799461.7954514, 1616799464.5069532]
[1616799462.0233872, 1616799464.6831796]
[1616799461.8927774, 1616799464.5936284]
[1616799461.8886964, 1616799464.5352676]
[1616799462.226751, 1616799464.94548]
[1616799462.4014618, 1616799465.1150873]
[1616799462.091085, 1616799464.796617]
[1616799462.3875394, 1616799465.1528563]
[1616799462.4501398, 1616799465.1711986]
[1616799462.6291883, 1616799465.3858037]
[1616799462.40806, 1616799465.15745]
[1616799462.310706, 1616799465.0350974]
[1616799462.2942302, 1616799464.9977546]
[1616799462.3426116, 1616799465.007514]
[1616799462.595918, 1616799465.3755856]
[1616799462.8395698, 1616799465.5725942]
[1616799462.7377374, 1616799465.4998903]
[1616799463.0283337, 1616799465.7410605]
[1616799462.9435844, 1616799465.691316]
[1616799462.7736151, 1616799465.489189]
[1616799462.9732826, 1616799465.6659331]
[1616799462.912068, 1616799465.607259]
[1616799462.9193099, 1616799465.6201594]
[1616799463.0102277, 1616799465.7382321]
[1616799463.0161564, 1616799465.7616389]
[1616799463.1022887, 1616799465.7848194]
[1616799463.128702, 1616799465.872537]
[1616799463.349262, 1616799466.099768]
[1616799463.552739, 1616799466.16821]
[1616799463.3193464, 1616799466.0463305]
[1616799463.313857, 1616799465.9813118]
[1616799463.5977619, 1616799466.2957625]
[1616799463.459559, 1616799466.2000937]
[1616799463.6395612, 1616799466.3544953]
[1616799463.6377122, 1616799466.4164355]
[1616799463.6769905, 1616799466.463722]
[1616799463.7627468, 1616799466.4717565]
[1616799463.7340312, 1616799466.4527113]
[1616799463.553781, 1616799466.3260472]
[1616799463.7909684, 1616799466.5305784]
[1616799463.9266987, 1616799466.6770582]
[1616799463.837552, 1616799466.626839]
[1616799463.971429, 1616799466.695256]
[1616799463.9839954, 1616799466.7499282]
[1616799464.0991147, 1616799466.865298]
[1616799464.077667, 1616799466.82088]
[1616799464.1957972, 1616799466.9498518]
[1616799464.247742, 1616799466.991026]
[1616799464.1129897, 1616799466.8094513]
[1616799464.2450724, 1616799466.9523606]
[1616799464.2875931, 1616799467.0572531]
[1616799464.4341047, 1616799467.135551]
[1616799464.539892, 1616799467.190457]
[1616799464.5013216, 1616799467.2157245]
[1616799464.6981688, 1616799467.3761423]
[1616799464.6267302, 1616799467.3125825]
[1616799464.8209417, 1616799467.562335]
[1616799464.6740425, 1616799467.3762114]
[1616799464.6507413, 1616799467.411039]
[1616799464.6414309, 1616799467.320918]
[1616799464.406941, 1616799467.1790428]
[1616799464.6662571, 1616799467.3885303]
[1616799464.602768, 1616799467.293115]
[1616799464.7369964, 1616799467.4519782]
[1616799465.0322495, 1616799467.7136827]
[1616799464.9976315, 1616799467.7310443]
[1616799464.8785543, 1616799467.6221669]
[1616799465.1515017, 1616799467.8671155]
[1616799465.053175, 1616799467.7831213]
[1616799465.3700926, 1616799468.1284933]
[1616799465.3769338, 1616799468.089136]
[1616799465.4643254, 1616799468.190061]
[1616799465.45315, 1616799468.2344437]
[1616799465.3041475, 1616799468.0466487]
[1616799465.524922, 1616799468.2980065]
[1616799465.4309473, 1616799468.1851497]
[1616799465.0942113, 1616799467.8092813]
[1616799465.1434155, 1616799467.8412766]
[1616799465.6478016, 1616799468.3513858]
[1616799465.5303423, 1616799468.2512789]
[1616799465.5706384, 1616799468.3305397]
[1616799465.8455856, 1616799468.5895472]
[1616799465.762216, 1616799468.4819362]
[1616799465.8442378, 1616799468.541552]
[1616799465.8682966, 1616799468.6020238]
[1616799465.901982, 1616799468.6515658]
[1616799465.9066837, 1616799468.6511195]
[1616799465.9712038, 1616799468.679542]
[1616799466.1867144, 1616799468.8338223]
[1616799466.0994883, 1616799468.7951975]
[1616799466.0817714, 1616799468.807359]
[1616799466.272862, 1616799469.0306287]
[1616799466.2696326, 1616799469.012033]
[1616799466.3578596, 1616799469.0452116]
[1616799466.3571427, 1616799469.1332405]
[1616799466.5249782, 1616799469.2888863]
[1616799466.5274858, 1616799469.2473133]
[1616799466.760324, 1616799469.5413713]
[1616799466.6164508, 1616799469.3625224]
[1616799466.4851694, 1616799469.197588]
[1616799466.7546527, 1616799469.4907098]
[1616799466.697714, 1616799469.4483254]
[1616799466.7652762, 1616799469.5321894]
[1616799466.779578, 1616799469.589926]
[1616799467.0473344, 1616799469.8187294]
[1616799466.892498, 1616799469.6573288]
[1616799466.982249, 1616799469.6932747]
[1616799467.0180595, 1616799469.7719078]
[1616799466.8437295, 1616799469.577634]
[1616799467.0535574, 1616799469.7512753]
[1616799467.1610522, 1616799469.8620164]
[1616799467.3548706, 1616799469.9819384]
[1616799467.312169, 1616799470.011924]
[1616799467.425512, 1616799470.2169032]
[1616799467.3397243, 1616799470.0489078]
[1616799467.6693974, 1616799470.3907542]
[1616799467.3285222, 1616799470.014141]
[1616799467.3495429, 1616799470.0902681]
[1616799467.4273334, 1616799470.1310318]
[1616799467.4074492, 1616799470.1251788]
[1616799467.5764265, 1616799470.2874556]
[1616799467.6817877, 1616799470.434596]
[1616799467.522337, 1616799470.2329292]
[1616799467.6694417, 1616799470.3419487]
[1616799467.8225396, 1616799470.5516033]
[1616799467.8180177, 1616799470.5331192]
[1616799467.9229312, 1616799470.6984744]
[1616799467.9043798, 1616799470.6048322]
[1616799467.853951, 1616799470.570495]
[1616799468.038031, 1616799470.7305644]
[1616799467.9024358, 1616799470.6313283]
[1616799468.0192053, 1616799470.756726]
[1616799467.8780475, 1616799470.639692]
[1616799468.2754102, 1616799470.993005]
[1616799468.2238054, 1616799470.9599645]
[1616799468.3835342, 1616799471.1451375]
[1616799468.366548, 1616799471.0742059]
[1616799468.4775643, 1616799471.194123]
[1616799468.4627256, 1616799471.1932802]
[1616799468.3231423, 1616799471.081412]
[1616799468.376648, 1616799471.1626608]
[1616799468.1640103, 1616799470.9186122]
[1616799468.4485345, 1616799471.462877]
[1616799468.3541496, 1616799471.098947]
[1616799468.5636039, 1616799471.257017]
[1616799468.8805373, 1616799471.5317526]
[1616799468.892203, 1616799471.613598]
[1616799468.7606099, 1616799471.4638994]
[1616799468.6811898, 1616799471.4265969]
[1616799468.7896461, 1616799471.5426822]
[1616799468.9580312, 1616799471.635406]
[1616799469.0019913, 1616799471.764097]
[1616799469.0013454, 1616799471.709986]
[1616799469.009505, 1616799471.6948967]
[1616799469.066047, 1616799471.832166]
[1616799468.9863663, 1616799471.7351706]
[1616799469.0488, 1616799471.7331882]
[1616799469.194124, 1616799471.9337592]
[1616799469.2283323, 1616799471.9427881]
[1616799469.1383271, 1616799471.9113295]
[1616799469.2900317, 1616799472.0043817]
[1616799469.5578954, 1616799472.3231232]
[1616799469.382611, 1616799472.1193812]
[1616799469.825995, 1616799472.5794272]
[1616799469.4950342, 1616799472.2430232]
[1616799469.6586437, 1616799472.392286]
[1616799469.646797, 1616799472.372678]
[1616799469.647322, 1616799472.4095612]
[1616799469.7845588, 1616799472.5382442]
[1616799469.5984354, 1616799472.365765]
[1616799469.79985, 1616799472.4938352]
[1616799469.885951, 1616799472.5943718]
[1616799470.0160046, 1616799472.647045]
[1616799469.847353, 1616799472.5599103]
[1616799470.0654485, 1616799472.7598798]
[1616799469.926442, 1616799472.7016196]
[1616799470.190549, 1616799472.9264956]
[1616799470.2114198, 1616799472.9607098]
[1616799470.037027, 1616799472.7274344]
[1616799470.3110378, 1616799473.0404465]
[1616799470.179181, 1616799472.8802261]
[1616799470.404428, 1616799473.1141586]
[1616799470.463334, 1616799473.2427711]
[1616799470.5224671, 1616799473.2953944]
[1616799470.4393704, 1616799473.1556494]
[1616799470.5701842, 1616799473.2790754]
[1616799470.5101469, 1616799473.209583]
[1616799470.4629455, 1616799473.2432265]
[1616799470.4371839, 1616799473.1180618]
[1616799470.7291603, 1616799473.4931304]
[1616799470.5638642, 1616799473.315685]
[1616799470.6233573, 1616799473.320171]
[1616799470.7557576, 1616799473.4436805]
[1616799471.0296056, 1616799473.742337]
[1616799471.0645247, 1616799473.7921882]
[1616799471.0051296, 1616799473.7271564]
[1616799471.2392051, 1616799473.9574776]
[1616799471.1983933, 1616799473.9785275]
[1616799471.0472782, 1616799473.7712622]
[1616799471.2202787, 1616799473.9426847]
[1616799471.3118012, 1616799473.989202]
[1616799471.043003, 1616799473.8021283]
[1616799471.3301651, 1616799474.104167]
[1616799471.1345625, 1616799473.8852015]
[1616799471.5022142, 1616799474.210504]
[1616799471.378405, 1616799474.1310747]
[1616799471.6218264, 1616799474.357873]
[1616799471.5241823, 1616799474.244348]
[1616799471.34865, 1616799474.1124372]
[1616799471.3667343, 1616799474.0685325]
[1616799471.6541471, 1616799474.340943]
[1616799471.8217006, 1616799474.5714567]
[1616799471.6881385, 1616799474.453447]
[1616799471.8781433, 1616799474.6103559]
[1616799472.0136817, 1616799474.7392564]
[1616799471.70424, 1616799474.3896852]
[1616799471.8979506, 1616799474.5780985]
[1616799471.85362, 1616799474.6253257]
[1616799471.9184058, 1616799474.6865485]
[1616799472.1235337, 1616799474.8382254]
[1616799472.2503803, 1616799475.009671]
[1616799472.1463432, 1616799474.8840399]
[1616799472.5454876, 1616799475.2939768]
[1616799472.383805, 1616799475.1038876]
[1616799472.4720175, 1616799475.2233407]
[1616799472.3747797, 1616799475.1630185]
[1616799472.5647492, 1616799475.2695477]
[1616799472.4108174, 1616799475.1937208]
[1616799472.440869, 1616799475.2208383]
[1616799472.544817, 1616799475.2333534]
[1616799472.6379948, 1616799475.3383393]
[1616799472.597888, 1616799475.3558683]
[1616799472.6796143, 1616799475.345346]
[1616799472.4678838, 1616799475.2378478]
[1616799472.6589184, 1616799475.2923133]
[1616799472.7662847, 1616799475.4777522]
[1616799472.8655949, 1616799475.5663655]
[1616799472.6792955, 1616799475.382877]
[1616799472.9838905, 1616799475.6900802]
[1616799473.0818248, 1616799475.8033066]
[1616799473.041865, 1616799475.7931166]
[1616799473.1049166, 1616799475.812948]
[1616799473.0807414, 1616799475.8580446]
[1616799473.038528, 1616799475.7403626]
[1616799473.3548405, 1616799476.044931]
[1616799473.1265185, 1616799475.8140552]
[1616799473.5526235, 1616799476.3163443]
[1616799472.9746346, 1616799475.7223773]
[1616799473.476769, 1616799476.2212675]
[1616799473.3731341, 1616799476.1585202]
[1616799473.5068316, 1616799476.269317]
[1616799473.4678283, 1616799476.1596534]
[1616799473.693588, 1616799476.4157944]
[1616799473.364199, 1616799476.1439893]
[1616799473.6845942, 1616799476.410743]
[1616799473.6284122, 1616799476.3184693]
[1616799473.5591247, 1616799476.324099]
[1616799473.7303867, 1616799476.462471]
[1616799473.6810176, 1616799476.378487]
[1616799473.698644, 1616799476.426034]
[1616799473.8254569, 1616799476.5841727]
[1616799473.9579663, 1616799476.690163]
[1616799474.0340028, 1616799476.7156816]
[1616799474.0686088, 1616799476.7831473]
[1616799474.052499, 1616799476.82146]
[1616799474.2861814, 1616799477.0390944]
[1616799474.194499, 1616799476.938852]
[1616799474.2643437, 1616799476.987916]
[1616799474.3347316, 1616799477.1110547]
[1616799474.2159276, 1616799476.93084]
[1616799474.446901, 1616799477.1322498]
[1616799474.3542743, 1616799477.0431166]
[1616799474.3674624, 1616799477.0895987]
[1616799474.8060734, 1616799477.4992483]
[1616799474.705589, 1616799477.4814265]
[1616799474.6652918, 1616799477.4229305]
[1616799474.6743343, 1616799477.4104228]
[1616799474.7743134, 1616799477.4951606]
[1616799474.5552142, 1616799477.364743]
[1616799474.7187688, 1616799477.4079223]
[1616799474.800886, 1616799477.5472932]
[1616799474.8593516, 1616799477.5683181]
[1616799474.9538388, 1616799477.6727517]
[1616799474.8627164, 1616799477.6275327]
[1616799474.9647453, 1616799477.6888297]
[1616799474.9355602, 1616799477.672176]
[1616799475.1321626, 1616799477.860733]
[1616799475.3217041, 1616799478.0648444]
[1616799475.3225856, 1616799477.9554882]
[1616799475.3631048, 1616799478.1266448]
[1616799475.0508647, 1616799477.8053493]
[1616799475.217133, 1616799477.977799]
[1616799475.2168517, 1616799477.9495206]
[1616799475.4087152, 1616799478.059211]
[1616799475.4892635, 1616799478.1753182]
[1616799475.4029775, 1616799478.1141078]
[1616799475.6642048, 1616799478.4371464]
[1616799475.5953019, 1616799478.2686749]
[1616799475.6702247, 1616799478.4869754]
[1616799475.647253, 1616799478.3390086]
[1616799475.6896973, 1616799478.3826683]
[1616799475.549237, 1616799478.3108764]
[1616799475.50656, 1616799478.2029264]
[1616799475.5278153, 1616799478.225408]
[1616799476.0175388, 1616799478.7338047]
[1616799475.9764245, 1616799478.712041]
[1616799475.9270637, 1616799478.5982635]
[1616799475.9057236, 1616799478.66732]
[1616799476.1648688, 1616799478.8564606]
[1616799476.0422003, 1616799478.795729]
[1616799476.1824985, 1616799478.9485784]
[1616799476.1570842, 1616799478.8739414]
[1616799476.3944538, 1616799479.1065888]
[1616799476.330351, 1616799479.0935004]
[1616799476.2640605, 1616799478.9666789]
[1616799476.469434, 1616799479.2289221]
[1616799476.778182, 1616799479.4889233]
[1616799476.7233481, 1616799479.399216]
[1616799476.7419033, 1616799479.4748201]
[1616799476.6070218, 1616799479.3681037]
[1616799477.140352, 1616799479.8225448]
[1616799476.9143178, 1616799479.6874053]
[1616799476.9688013, 1616799479.7009532]
[1616799476.9962506, 1616799479.724946]
[1616799477.069994, 1616799479.7476742]
[1616799476.6282375, 1616799479.3670478]
[1616799477.4303122, 1616799480.1820168]
[1616799477.025998, 1616799479.741139]
[1616799477.1356268, 1616799479.8948786]
[1616799477.31777, 1616799480.0646026]
[1616799477.4881704, 1616799480.2543378]
[1616799477.330251, 1616799480.0681229]
[1616799477.3350165, 1616799480.0469227]
[1616799477.4818306, 1616799480.2122774]
[1616799477.2543745, 1616799479.9738247]
[1616799477.5746984, 1616799480.2909012]
[1616799477.5480113, 1616799480.2671847]
[1616799477.7688642, 1616799480.490674]
[1616799477.7028077, 1616799480.411531]
[1616799477.5151153, 1616799480.2230172]
[1616799477.626876, 1616799480.3735023]
[1616799477.8479927, 1616799480.6211658]
[1616799478.032003, 1616799480.6810052]
[1616799478.0577912, 1616799480.8044286]
[1616799477.8836977, 1616799480.6115634]
[1616799478.0292568, 1616799480.7939897]
[1616799478.1307867, 1616799480.828759]
[1616799478.3574536, 1616799481.0497859]
[1616799478.3228204, 1616799481.08276]
[1616799478.0971377, 1616799480.8449593]
[1616799478.3399527, 1616799481.0498595]
[1616799478.4161508, 1616799481.2204726]
[1616799478.4034336, 1616799481.1128275]
[1616799478.3111646, 1616799481.0112607]
[1616799478.1994352, 1616799480.8869154]
[1616799478.306828, 1616799480.9680116]
[1616799478.4825504, 1616799481.229232]
[1616799478.7054398, 1616799481.3511958]
[1616799478.765764, 1616799481.4780354]
[1616799478.5640879, 1616799481.2074785]
[1616799478.5097098, 1616799481.277635]
[1616799478.897378, 1616799481.6378524]
[1616799478.9265075, 1616799481.6197724]
[1616799478.8212972, 1616799481.5927289]
[1616799478.691173, 1616799481.4363148]
[1616799479.0177283, 1616799481.7143135]
[1616799478.9497232, 1616799481.653688]
[1616799479.1826458, 1616799481.9744987]
[1616799479.1358974, 1616799481.8221717]
[1616799479.362761, 1616799482.118951]
[1616799479.3272548, 1616799482.0600526]
[1616799479.2853003, 1616799482.0635111]
[1616799479.4328983, 1616799482.0908344]
[1616799479.4345632, 1616799482.1974924]
[1616799479.5378938, 1616799482.2449214]
[1616799479.5888236, 1616799482.3176084]
[1616799479.7497451, 1616799482.4778082]
[1616799479.2412257, 1616799481.9961984]
[1616799479.8099606, 1616799482.4769168]
[1616799479.9045098, 1616799482.6773493]
[1616799479.895536, 1616799482.6059895]
[1616799479.8720706, 1616799482.5551627]
[1616799479.9195716, 1616799482.6985416]
[1616799480.0056424, 1616799482.777076]
[1616799480.0725987, 1616799482.8213413]
[1616799479.9959915, 1616799482.7640839]
[1616799480.0585513, 1616799482.7725275]
[1616799480.1564574, 1616799482.8973236]
[1616799480.2039075, 1616799482.9605505]
[1616799480.3930066, 1616799483.1436586]
[1616799480.3570783, 1616799483.0825706]
[1616799480.4122317, 1616799483.1540563]
[1616799480.4325829, 1616799483.1319494]
[1616799480.4133022, 1616799483.2030818]
[1616799480.5350769, 1616799483.2571115]
[1616799480.1151412, 1616799482.8290274]
[1616799480.4865258, 1616799483.1820953]
[1616799480.7415693, 1616799483.3781035]
[1616799480.6775749, 1616799483.4499507]
[1616799480.8629272, 1616799483.6074102]
[1616799480.8555174, 1616799483.5978596]
[1616799480.900974, 1616799483.6017134]
[1616799480.8347852, 1616799483.5380304]
[1616799480.882289, 1616799483.7898664]
[1616799481.0582762, 1616799483.7630355]
[1616799481.1071322, 1616799483.812638]
[1616799481.1020749, 1616799483.8743005]
[1616799481.2938151, 1616799484.0547698]
[1616799481.2627556, 1616799484.0031307]
[1616799481.1446433, 1616799483.8490102]
[1616799481.5804098, 1616799484.2907796]
[1616799481.5338447, 1616799484.186517]
[1616799481.488993, 1616799484.2345817]
[1616799481.7749202, 1616799484.4839995]
[1616799481.3858488, 1616799484.072933]
[1616799481.5198548, 1616799484.3036792]
[1616799481.4845097, 1616799484.1948104]
[1616799481.628693, 1616799484.3293982]
[1616799481.7596142, 1616799484.4502323]
[1616799481.601917, 1616799484.3688743]
[1616799482.0249503, 1616799484.7388463]
[1616799482.1462977, 1616799484.9007897]
[1616799481.8330357, 1616799484.540918]
[1616799481.8203337, 1616799484.5426064]
[1616799482.007811, 1616799484.768161]
[1616799481.9709983, 1616799484.7003772]
[1616799481.9433594, 1616799484.6336505]
[1616799482.375918, 1616799485.1148264]
[1616799482.0118175, 1616799484.7795634]
[1616799482.2551262, 1616799484.9742706]
[1616799482.1809552, 1616799484.8685637]
[1616799482.0622826, 1616799484.736394]
[1616799482.2556164, 1616799485.0133681]
[1616799482.2573159, 1616799485.043664]
[1616799482.5821345, 1616799485.2599735]
[1616799482.4549036, 1616799485.1532247]
[1616799482.2994606, 1616799485.046477]
[1616799482.4414983, 1616799485.1897545]
[1616799482.6068783, 1616799485.387232]
[1616799482.6863353, 1616799485.4455812]
[1616799482.5077345, 1616799485.1894758]
[1616799482.6085703, 1616799485.3780925]
[1616799482.8690038, 1616799485.6275873]
[1616799482.4994721, 1616799485.2229638]
[1616799483.039524, 1616799485.8113976]
[1616799482.7739244, 1616799485.5128968]
[1616799483.1294034, 1616799485.845769]
[1616799482.8531241, 1616799485.5693746]
[1616799483.11123, 1616799485.847561]
[1616799483.1267126, 1616799485.8913908]
[1616799483.107959, 1616799485.8217428]
[1616799483.150866, 1616799485.8943427]
[1616799483.141961, 1616799485.8446617]
[1616799483.207576, 1616799485.9275775]
[1616799483.2033155, 1616799485.8960834]
[1616799483.3040519, 1616799486.0382085]
[1616799483.24325, 1616799486.027619]
[1616799483.427686, 1616799486.111019]
[1616799483.4253383, 1616799486.047651]
[1616799483.3141313, 1616799486.0371547]
[1616799483.525511, 1616799486.3899012]
[1616799483.7659225, 1616799486.4633458]
[1616799483.8329508, 1616799486.5565073]
[1616799483.8759744, 1616799486.5679843]
[1616799483.5969481, 1616799486.2604585]
[1616799483.5762644, 1616799486.313702]
[1616799483.6351116, 1616799486.3825176]
[1616799483.7433896, 1616799486.4778674]
[1616799483.9021397, 1616799486.6811242]
[1616799483.691055, 1616799486.3875725]
[1616799484.144966, 1616799486.916754]
[1616799484.135389, 1616799486.822453]
[1616799484.150304, 1616799486.9114208]
[1616799484.2997956, 1616799487.0104969]
[1616799484.4744391, 1616799487.2242222]
[1616799484.4661121, 1616799487.170793]
[1616799484.372214, 1616799487.0651248]
[1616799484.3107023, 1616799487.0668163]
[1616799484.5244968, 1616799487.2388046]
[1616799484.4506562, 1616799487.1984825]
[1616799484.8647504, 1616799487.6097744]
[1616799484.4789379, 1616799487.1103094]
[1616799484.6877851, 1616799487.3794415]
[1616799484.4453924, 1616799487.2004025]
[1616799484.6112115, 1616799487.3311672]
[1616799484.5471034, 1616799487.2618892]
[1616799484.7262883, 1616799487.445259]
[1616799484.891561, 1616799487.59294]
[1616799484.80474, 1616799487.5670567]
[1616799484.9987476, 1616799487.7291284]
[1616799485.0435538, 1616799487.8148296]
[1616799485.1374815, 1616799487.9089277]
[1616799485.066988, 1616799487.8134315]
[1616799485.0063639, 1616799487.7619836]
[1616799485.354466, 1616799488.0545857]
[1616799485.2405338, 1616799487.9552507]
[1616799485.1586287, 1616799487.8574512]
[1616799485.3403714, 1616799488.029155]
[1616799485.6019416, 1616799488.350704]
[1616799485.3633487, 1616799488.1785085]
[1616799485.5985892, 1616799488.3902678]
[1616799485.4901989, 1616799488.2767045]
[1616799485.6695554, 1616799488.3971632]
[1616799485.345818, 1616799488.0934052]
[1616799485.547324, 1616799488.383513]
[1616799485.7217174, 1616799488.4172997]
[1616799485.5523152, 1616799488.3173046]
[1616799485.7251942, 1616799488.5145307]
[1616799485.9203238, 1616799488.624938]
[1616799486.0403602, 1616799488.7891257]
[1616799485.6508725, 1616799488.4008663]
[1616799485.948859, 1616799488.696714]
[1616799485.8233817, 1616799488.5844977]
[1616799486.0392377, 1616799488.807772]
[1616799486.1436968, 1616799488.8481123]
[1616799485.896504, 1616799488.6551073]
[1616799485.8566208, 1616799488.5823066]
[1616799486.2191846, 1616799488.964738]
[1616799486.3699894, 1616799489.0777104]
[1616799486.388372, 1616799489.1287487]
[1616799486.438491, 1616799489.2176008]
[1616799486.514866, 1616799489.2601705]
[1616799486.2629032, 1616799488.9742346]
[1616799486.5742772, 1616799489.280797]
[1616799486.6873996, 1616799489.4711874]
[1616799486.6233256, 1616799489.3188736]
[1616799486.6461535, 1616799489.3628645]
[1616799486.7854033, 1616799489.545794]
[1616799486.6612532, 1616799489.3613617]
[1616799486.7422469, 1616799489.4375527]
[1616799486.8213224, 1616799489.539435]
[1616799487.137531, 1616799489.8937728]
[1616799486.9995391, 1616799489.7165778]
[1616799486.8980927, 1616799489.6048937]
[1616799486.8397434, 1616799489.5177145]
[1616799487.1719499, 1616799489.894298]
[1616799486.9215965, 1616799489.6600008]
[1616799487.1341705, 1616799489.7590497]
[1616799487.1569252, 1616799489.8491228]
[1616799486.9710445, 1616799489.7419245]
[1616799487.329743, 1616799490.0239108]
[1616799487.225037, 1616799489.97013]
[1616799487.184816, 1616799489.9069474]
[1616799487.3566704, 1616799490.070586]
[1616799487.3492043, 1616799490.0706265]
[1616799487.322545, 1616799490.0641873]
[1616799487.6095786, 1616799490.3068328]
[1616799487.615672, 1616799490.367277]
[1616799487.6253471, 1616799490.398457]
[1616799487.7809062, 1616799490.5484085]
[1616799487.6993663, 1616799490.4192464]
[1616799487.4401011, 1616799490.1083858]
[1616799487.9022727, 1616799490.6117723]
[1616799487.708323, 1616799490.457303]
[1616799487.8429708, 1616799490.598535]
[1616799487.8943918, 1616799490.6448038]
[1616799487.8002737, 1616799490.5137277]
[1616799487.9707656, 1616799490.6973655]
[1616799488.032265, 1616799490.7629223]
[1616799487.862828, 1616799490.57133]
[1616799488.1521454, 1616799490.8449383]
[1616799488.3341627, 1616799491.1015985]
[1616799488.1341455, 1616799490.8779662]
[1616799488.3578138, 1616799491.2339115]
[1616799488.2976518, 1616799491.0542595]
[1616799488.4470274, 1616799491.191395]
[1616799488.4230516, 1616799491.116367]
[1616799488.4963324, 1616799491.2319174]
[1616799488.5128393, 1616799491.2355564]
[1616799488.5103252, 1616799491.1752777]
[1616799488.4664135, 1616799491.1990287]
[1616799488.6451938, 1616799491.349436]
[1616799488.3802102, 1616799491.1546037]
[1616799488.5047584, 1616799491.242989]
[1616799488.8524413, 1616799491.622894]
[1616799488.8046556, 1616799491.5624335]
[1616799488.7851286, 1616799491.5600305]
[1616799488.7452269, 1616799491.4665554]
[1616799488.8771083, 1616799491.5725114]
[1616799488.959981, 1616799491.7229037]
[1616799489.0022519, 1616799491.6420999]
[1616799488.8168826, 1616799491.5919662]
[1616799488.992895, 1616799491.7124858]
[1616799488.9128356, 1616799491.6586442]
[1616799489.046201, 1616799491.7642393]
[1616799489.075317, 1616799491.7858443]
[1616799489.020334, 1616799491.7434106]
[1616799489.1868873, 1616799491.9211156]
[1616799489.3003125, 1616799492.001983]
[1616799489.3120914, 1616799492.0654137]
[1616799489.25516, 1616799492.0094633]
[1616799489.3460386, 1616799492.0392296]
[1616799489.386751, 1616799492.0802379]
[1616799489.1933923, 1616799491.9028451]
[1616799489.4390793, 1616799492.1561544]
[1616799489.3992658, 1616799492.0910058]
[1616799489.4968696, 1616799492.2727447]
[1616799489.5856614, 1616799492.31745]
[1616799489.632748, 1616799492.3414395]
[1616799489.6864688, 1616799492.4157457]
[1616799489.635852, 1616799492.3441188]
[1616799489.745211, 1616799492.4332874]
[1616799489.732625, 1616799492.4448705]
[1616799489.7522733, 1616799492.508425]
[1616799489.755336, 1616799492.4740596]
[1616799489.938341, 1616799492.6453996]
[1616799489.7133267, 1616799492.39092]
[1616799490.0199804, 1616799492.7196045]
[1616799490.0899062, 1616799492.7972941]
[1616799489.836597, 1616799492.4520693]
[1616799489.9756188, 1616799492.682003]
[1616799489.9804616, 1616799492.7532322]
[1616799490.0058296, 1616799492.7615685]
[1616799490.0701141, 1616799492.807462]
[1616799490.049649, 1616799492.7422612]
[1616799490.053618, 1616799492.7404482]
[1616799490.3072505, 1616799492.9902792]
[1616799490.0987616, 1616799492.8259084]
[1616799490.1894362, 1616799492.89551]
[1616799490.2645724, 1616799493.0013306]
[1616799490.494587, 1616799493.2427819]
[1616799490.234639, 1616799493.029249]
[1616799490.1678288, 1616799492.8546612]
[1616799490.4130747, 1616799493.1707814]
[1616799490.5207188, 1616799493.242746]
[1616799490.4554272, 1616799493.1955757]
[1616799490.3805299, 1616799493.132939]
[1616799490.597595, 1616799493.3252697]
[1616799490.6870642, 1616799493.4319594]
[1616799490.5441697, 1616799493.1994653]
[1616799490.5831127, 1616799493.2825837]
[1616799490.5836618, 1616799493.3400998]
[1616799490.6428974, 1616799493.4555862]
[1616799490.6064577, 1616799493.3691251]
[1616799490.6508813, 1616799493.4017825]
[1616799490.9100764, 1616799493.6843429]
[1616799490.7232754, 1616799493.459099]
[1616799490.7195141, 1616799493.4486146]
[1616799490.9018962, 1616799493.6624203]
[1616799490.8487077, 1616799493.5972316]
[1616799490.8400095, 1616799493.5632818]
[1616799490.8562481, 1616799493.6143959]
[1616799490.9710736, 1616799493.7320764]
[1616799491.0055566, 1616799493.7447424]
[1616799490.8512607, 1616799493.5553381]
[1616799490.9435601, 1616799493.6400287]
[1616799490.8649614, 1616799493.6203701]
[1616799491.0717123, 1616799493.838612]
[1616799491.0418866, 1616799493.771684]
[1616799490.999062, 1616799493.7245314]
[1616799491.042477, 1616799493.803053]
[1616799491.20443, 1616799493.8878016]
[1616799491.1047919, 1616799493.8055024]
[1616799491.1382837, 1616799493.8407147]
[1616799491.2659452, 1616799494.101648]
[1616799491.196738, 1616799493.9440892]
[1616799491.1772199, 1616799493.9562013]
[1616799491.3880403, 1616799494.1116488]
[1616799491.272868, 1616799494.0275753]
[1616799491.3589315, 1616799494.0626292]
[1616799491.5395, 1616799494.2815223]
[1616799491.252162, 1616799493.9658017]
[1616799491.4117146, 1616799494.1765454]
[1616799491.527978, 1616799494.2596343]
[1616799491.5858898, 1616799494.2806766]
[1616799491.4665334, 1616799494.2386923]
[1616799491.3176284, 1616799494.0199313]
[1616799491.4267662, 1616799494.1134925]
[1616799491.4807708, 1616799494.2241802]
[1616799491.500988, 1616799494.2752285]
[1616799491.5175428, 1616799494.2839615]
[1616799491.388236, 1616799494.1955204]
[1616799491.4658837, 1616799494.1759129]
[1616799491.5312536, 1616799494.2344093]
[1616799491.456405, 1616799494.1397355]
[1616799491.6569614, 1616799494.282018]
[1616799491.708595, 1616799494.4586127]
[1616799491.7170544, 1616799494.4331799]
[1616799491.5458837, 1616799494.3136406]
[1616799491.6875527, 1616799494.4299924]
[1616799491.9053357, 1616799494.670858]
[1616799491.5531528, 1616799494.2708032]
[1616799491.881846, 1616799494.6106584]
[1616799491.6615942, 1616799494.4188612]
[1616799491.712783, 1616799494.365747]
[1616799491.6907551, 1616799494.4661808]
[1616799491.9118402, 1616799494.657615]
[1616799491.8764722, 1616799494.600869]
[1616799491.7093992, 1616799494.4842322]
[1616799491.7391186, 1616799494.5004027]
[1616799492.0655122, 1616799494.7856967]
[1616799491.9334564, 1616799494.685425]
[1616799491.9777849, 1616799494.6978166]
[1616799491.8343022, 1616799494.5190713]
[1616799491.8656647, 1616799494.7047732]
[1616799491.9218402, 1616799494.7966866]
[1616799491.8811686, 1616799494.5833626]
[1616799491.9600086, 1616799494.6866808]
[1616799491.7923355, 1616799494.5259187]
[1616799492.0243459, 1616799494.7977192]
[1616799492.0446098, 1616799494.7472885]
[1616799492.1475356, 1616799494.9050019]
[1616799491.9088073, 1616799494.5910366]
[1616799492.1230662, 1616799494.814805]
[1616799491.9906468, 1616799494.727168]
[1616799492.184353, 1616799494.9243336]
[1616799491.9207218, 1616799494.6555324]
[1616799492.081243, 1616799494.8351624]
[1616799491.9077928, 1616799494.612699]
[1616799491.9172714, 1616799494.5872927]
[1616799492.0580378, 1616799494.7445395]
[1616799492.253296, 1616799494.9963198]
[1616799491.9148335, 1616799494.6724577]
[1616799492.187587, 1616799494.8487983]
[1616799492.213386, 1616799494.9565952]
[1616799492.2921412, 1616799495.0419352]
[1616799492.2506626, 1616799494.9706514]
[1616799492.0823557, 1616799494.8038468]
[1616799492.3269143, 1616799495.0590138]
[1616799492.191455, 1616799494.9163032]
[1616799492.303245, 1616799495.0419378]
[1616799492.1843615, 1616799494.903297]
[1616799492.1496935, 1616799494.8568943]
[1616799492.3370821, 1616799495.0310187]
[1616799492.125762, 1616799494.8754683]
[1616799492.1160944, 1616799494.797338]
[1616799492.2812297, 1616799495.0519216]
[1616799492.356603, 1616799495.0689707]
[1616799492.3406801, 1616799495.092597]
[1616799492.2324538, 1616799494.9417658]
[1616799492.2397368, 1616799494.9840474]
[1616799492.3615365, 1616799495.0217087]
[1616799492.3341968, 1616799495.1052792]
[1616799492.4024038, 1616799495.0957892]
[1616799492.4113853, 1616799495.1520422]
[1616799492.4082916, 1616799495.1364646]
[1616799492.3518987, 1616799495.040289]
[1616799492.4136717, 1616799495.167343]
[1616799492.39218, 1616799495.0980654]
[1616799492.297476, 1616799495.0177195]
[1616799492.4083436, 1616799495.143824]
[1616799492.3070927, 1616799495.0383427]
[1616799492.3197815, 1616799495.030599]
[1616799492.2615623, 1616799494.958067]
[1616799492.398304, 1616799495.0786357]
[1616799492.4312932, 1616799495.1696649]
[1616799492.3450756, 1616799495.0981374]
[1616799492.4309268, 1616799495.148236]
[1616799492.4294016, 1616799495.1670966]
[1616799492.2358801, 1616799494.9608638]
[1616799492.4598293, 1616799495.080081]
[1616799492.3534706, 1616799495.0682156]
[1616799492.3632624, 1616799495.0776174]
[1616799492.4542677, 1616799495.1196203]
[1616799492.3787067, 1616799495.1059196]
[1616799492.4669898, 1616799495.193496]
[1616799492.452713, 1616799495.1663673]
[1616799492.395662, 1616799495.1114266]
[1616799492.3759222, 1616799495.0876744]
[1616799492.3907979, 1616799495.1589644]
[1616799492.4204726, 1616799495.11215]
[1616799492.3597074, 1616799495.111778]
[1616799492.4747403, 1616799495.1915085]
[1616799492.4657393, 1616799495.2113037]
