[1616691426.511345, 1616691429.2378418]
[1616691426.3038433, 1616691429.022162]
[1616691426.5877116, 1616691429.2892215]
[1616691425.9795492, 1616691428.706641]
[1616691426.2593925, 1616691428.9748352]
[1616691426.10092, 1616691428.855773]
[1616691425.9780548, 1616691428.782134]
[1616691425.9189014, 1616691428.6775248]
[1616691426.3281083, 1616691429.0420532]
[1616691426.400899, 1616691429.107829]
[1616691426.7358675, 1616691429.4128196]
[1616691426.711634, 1616691429.420782]
[1616691426.4415226, 1616691429.194699]
[1616691426.4507616, 1616691429.1555784]
[1616691426.6882749, 1616691429.432024]
[1616691426.2494178, 1616691428.9721029]
[1616691426.3919678, 1616691429.1354213]
[1616691426.3778408, 1616691429.0730329]
[1616691426.452649, 1616691429.167761]
[1616691426.4647179, 1616691429.177677]
[1616691426.7724564, 1616691429.5436575]
[1616691426.7472093, 1616691429.4589667]
[1616691426.7150693, 1616691429.4220738]
[1616691427.1394122, 1616691429.839421]
[1616691427.1635478, 1616691429.8632588]
[1616691427.1483078, 1616691429.8791373]
[1616691427.0759084, 1616691429.7668061]
[1616691427.1657248, 1616691429.9365702]
[1616691427.248018, 1616691430.0446765]
[1616691427.2607553, 1616691430.0241263]
[1616691427.6489365, 1616691430.3413932]
[1616691427.5732787, 1616691430.2686877]
[1616691427.512672, 1616691430.191571]
[1616691427.2824855, 1616691430.0280774]
[1616691427.5917754, 1616691430.3314736]
[1616691427.7444696, 1616691430.4267635]
[1616691427.9328768, 1616691430.6775496]
[1616691427.702553, 1616691430.4216208]
[1616691427.9836833, 1616691430.7138557]
[1616691427.6519635, 1616691430.3535767]
[1616691428.181214, 1616691430.9249904]
[1616691428.2178824, 1616691430.882584]
[1616691428.3557436, 1616691431.102633]
[1616691428.247965, 1616691430.9530065]
[1616691428.7679737, 1616691431.4680169]
[1616691428.1545627, 1616691430.8575273]
[1616691428.725849, 1616691431.49253]
[1616691428.837225, 1616691431.6121833]
[1616691428.7354422, 1616691431.5825183]
[1616691428.9052482, 1616691431.6524339]
[1616691428.9496908, 1616691431.6234553]
[1616691429.2748747, 1616691431.9768589]
[1616691429.4437468, 1616691432.1293256]
[1616691429.376122, 1616691432.1200857]
[1616691429.3283496, 1616691432.0372171]
[1616691429.5415041, 1616691432.2550886]
[1616691429.4393828, 1616691432.178052]
[1616691429.5509806, 1616691432.2774467]
[1616691429.7802174, 1616691432.5111287]
[1616691429.7309809, 1616691432.482765]
[1616691430.0457523, 1616691432.7895138]
[1616691429.9438565, 1616691432.715594]
[1616691430.1841, 1616691432.9435604]
[1616691430.0460238, 1616691432.8092754]
[1616691430.3170345, 1616691433.0237966]
[1616691430.447512, 1616691433.1242409]
[1616691430.5327394, 1616691433.2209873]
[1616691430.4737098, 1616691433.1861706]
[1616691430.3152993, 1616691433.0383189]
[1616691430.5677218, 1616691433.3822336]
[1616691430.6604643, 1616691433.383953]
[1616691430.8098598, 1616691433.5046709]
[1616691430.8620942, 1616691433.5955207]
[1616691430.8860538, 1616691433.5934377]
[1616691430.801265, 1616691433.5095327]
[1616691430.904658, 1616691433.6028478]
[1616691431.22598, 1616691433.9760642]
[1616691430.7888865, 1616691433.6146772]
[1616691430.491388, 1616691433.1993592]
[1616691431.0532286, 1616691433.7632084]
[1616691431.2641194, 1616691433.969177]
[1616691431.243836, 1616691433.9748573]
[1616691431.4144335, 1616691434.130042]
[1616691431.2623367, 1616691433.9226553]
[1616691431.4632027, 1616691434.1709092]
[1616691431.4396644, 1616691434.139873]
[1616691431.4724996, 1616691434.1790712]
[1616691431.9037359, 1616691434.5937798]
[1616691431.5273721, 1616691434.2599387]
[1616691431.6223931, 1616691434.3834722]
[1616691432.0365942, 1616691434.751538]
[1616691431.9282267, 1616691434.6855514]
[1616691431.7407467, 1616691434.5040762]
[1616691431.9846735, 1616691434.6958518]
[1616691431.9346428, 1616691434.6345396]
[1616691432.025504, 1616691434.7459407]
[1616691432.1765788, 1616691434.8870764]
[1616691432.1468601, 1616691434.8956401]
[1616691432.175408, 1616691434.8946066]
[1616691432.3989625, 1616691435.1059844]
[1616691432.3165903, 1616691435.0494423]
[1616691432.142326, 1616691434.8318741]
[1616691432.4707317, 1616691435.20691]
[1616691432.4746625, 1616691435.206717]
[1616691432.7807312, 1616691435.6189928]
[1616691432.737527, 1616691435.5154305]
[1616691432.9757795, 1616691435.7299078]
[1616691433.0843637, 1616691435.7987158]
[1616691432.761191, 1616691435.4574134]
[1616691433.0002317, 1616691435.7203975]
[1616691433.146681, 1616691435.8360856]
[1616691433.2471502, 1616691435.9345722]
[1616691433.2540302, 1616691435.9640038]
[1616691433.2105646, 1616691435.9234035]
[1616691433.3753722, 1616691436.0575]
[1616691433.4651675, 1616691436.2183242]
[1616691433.591595, 1616691436.3486147]
[1616691433.6830168, 1616691436.3261924]
[1616691433.6322544, 1616691436.3680673]
[1616691433.772411, 1616691436.498027]
[1616691433.7636373, 1616691436.4761033]
[1616691433.7843082, 1616691436.5036767]
[1616691434.0966752, 1616691436.7510555]
[1616691434.0005922, 1616691436.75565]
[1616691434.0126183, 1616691436.736629]
[1616691434.2650027, 1616691436.9710991]
[1616691434.001793, 1616691436.7451968]
[1616691434.365771, 1616691437.1173916]
[1616691434.4374292, 1616691437.1523046]
[1616691434.4130237, 1616691437.1575892]
[1616691434.4741938, 1616691437.1857636]
[1616691434.393077, 1616691437.1809924]
[1616691434.7524729, 1616691437.4463851]
[1616691434.6295455, 1616691437.3127775]
[1616691434.7562156, 1616691437.5161538]
[1616691434.9283373, 1616691437.6411898]
[1616691434.7767508, 1616691437.5121772]
[1616691434.7556386, 1616691437.458765]
[1616691434.912899, 1616691437.727796]
[1616691435.0592027, 1616691437.7845259]
[1616691435.1702056, 1616691437.8810716]
[1616691435.1799314, 1616691437.8866415]
[1616691435.4699988, 1616691438.156407]
[1616691435.160699, 1616691437.8690166]
[1616691435.458567, 1616691438.1879394]
[1616691435.4978962, 1616691438.2646732]
[1616691435.5477746, 1616691438.2495575]
[1616691435.5344124, 1616691438.2966313]
[1616691435.8310487, 1616691438.5642266]
[1616691436.0271423, 1616691438.9180946]
[1616691435.886556, 1616691438.562049]
[1616691435.9950395, 1616691438.7127798]
[1616691436.0212877, 1616691438.7499788]
[1616691435.9702158, 1616691438.6769803]
[1616691435.9113271, 1616691438.6694007]
[1616691436.2399335, 1616691438.9885502]
[1616691436.203922, 1616691438.9637973]
[1616691435.9817014, 1616691438.6706185]
[1616691436.1113138, 1616691438.7928514]
[1616691436.2067904, 1616691438.9179792]
[1616691436.337202, 1616691439.272956]
[1616691436.5024483, 1616691439.2209294]
[1616691436.5591338, 1616691439.2691102]
[1616691436.6206174, 1616691439.4327106]
[1616691436.6870978, 1616691439.3960724]
[1616691436.9076235, 1616691439.6568017]
[1616691436.8332672, 1616691439.4911602]
[1616691436.542081, 1616691439.2446957]
[1616691436.9815133, 1616691439.7288573]
[1616691436.9018204, 1616691439.5967453]
[1616691437.0032358, 1616691439.7248964]
[1616691436.9818609, 1616691439.6902623]
[1616691436.8285966, 1616691439.564603]
[1616691437.0428023, 1616691439.7602437]
[1616691436.936595, 1616691439.5783384]
[1616691437.2036188, 1616691439.9082534]
[1616691437.1626356, 1616691439.8982887]
[1616691437.2218752, 1616691440.118762]
[1616691437.1477132, 1616691439.8787165]
[1616691437.244097, 1616691439.94876]
[1616691437.3886197, 1616691440.1132703]
[1616691437.0721047, 1616691439.7693987]
[1616691437.4533617, 1616691440.1814432]
[1616691437.4502134, 1616691440.1515586]
[1616691437.3220668, 1616691440.0153246]
[1616691437.6734095, 1616691440.3891828]
[1616691437.67771, 1616691440.3878376]
[1616691437.843119, 1616691440.636776]
[1616691437.6261015, 1616691440.3401573]
[1616691437.5463753, 1616691440.3127227]
[1616691437.6075256, 1616691440.321808]
[1616691437.8007324, 1616691440.5253375]
[1616691437.9411793, 1616691440.6175508]
[1616691437.8696394, 1616691440.5760357]
[1616691437.7333128, 1616691440.4494352]
[1616691438.1065578, 1616691440.8147192]
[1616691438.1475909, 1616691440.8708098]
[1616691438.231653, 1616691440.926159]
[1616691438.2419436, 1616691440.9769893]
[1616691438.225234, 1616691441.0064456]
[1616691438.1050844, 1616691440.8185055]
[1616691438.4007814, 1616691441.1648738]
[1616691438.283235, 1616691441.0213077]
[1616691438.527908, 1616691441.25046]
[1616691438.583808, 1616691441.2754242]
[1616691438.4666698, 1616691441.1692193]
[1616691438.6399324, 1616691441.3579404]
[1616691438.645398, 1616691441.3817403]
[1616691438.6541445, 1616691441.3685088]
[1616691438.6064594, 1616691441.2856705]
[1616691438.6643028, 1616691441.3902266]
[1616691438.8239274, 1616691441.5435314]
[1616691439.0103083, 1616691441.7283285]
[1616691439.0579367, 1616691441.809724]
[1616691439.160376, 1616691441.8516417]
[1616691439.0841691, 1616691441.8896556]
[1616691439.1157763, 1616691441.8474038]
[1616691439.061852, 1616691441.7477603]
[1616691439.1365383, 1616691441.8748]
[1616691439.202928, 1616691441.9575624]
[1616691439.1689923, 1616691441.954902]
[1616691439.2500963, 1616691441.951364]
[1616691439.1409318, 1616691441.8333323]
[1616691439.5698168, 1616691442.3092287]
[1616691439.4017906, 1616691442.1164985]
[1616691439.2848032, 1616691442.1150453]
[1616691439.522885, 1616691442.1748414]
[1616691439.7034163, 1616691442.4099393]
[1616691439.4679298, 1616691442.2315974]
[1616691439.567817, 1616691442.2742116]
[1616691439.5790508, 1616691442.2805042]
[1616691439.7246451, 1616691442.4445522]
[1616691439.8665955, 1616691442.5917385]
[1616691439.953432, 1616691442.675382]
[1616691440.0126526, 1616691442.733577]
[1616691439.880149, 1616691442.625344]
[1616691439.7891495, 1616691442.5011628]
[1616691439.9178677, 1616691442.6168125]
[1616691440.2783186, 1616691442.9586062]
[1616691440.2602124, 1616691442.9851348]
[1616691440.2027948, 1616691442.8936825]
[1616691440.1935935, 1616691442.914263]
[1616691440.3617346, 1616691443.0823412]
[1616691440.449093, 1616691443.1646903]
[1616691440.4543037, 1616691443.2039986]
[1616691440.2574456, 1616691443.0214548]
[1616691440.4985187, 1616691443.2375033]
[1616691440.6513999, 1616691443.443527]
[1616691440.497717, 1616691443.220823]
[1616691440.7866578, 1616691443.5361848]
[1616691440.7183466, 1616691443.400103]
[1616691440.55761, 1616691443.2773592]
[1616691440.7685053, 1616691443.4530144]
[1616691440.8875132, 1616691443.6842394]
[1616691440.9316702, 1616691443.6202703]
[1616691441.009771, 1616691443.7782645]
[1616691440.896565, 1616691443.675748]
[1616691440.9946618, 1616691443.7346804]
[1616691440.952671, 1616691443.6606412]
[1616691441.171696, 1616691443.9769008]
[1616691441.207673, 1616691443.9027147]
[1616691441.3631375, 1616691444.087469]
[1616691441.3792524, 1616691444.0935025]
[1616691441.353442, 1616691444.0439398]
[1616691441.3625352, 1616691444.0795257]
[1616691441.2884943, 1616691443.9773378]
[1616691441.506703, 1616691444.272392]
[1616691441.4776616, 1616691444.203798]
[1616691441.6908054, 1616691444.4114306]
[1616691441.574414, 1616691444.258303]
[1616691441.5936854, 1616691444.315995]
[1616691441.6265492, 1616691444.3611069]
[1616691441.8590727, 1616691444.5393014]
[1616691441.8594885, 1616691444.5720625]
[1616691441.988116, 1616691444.7673802]
[1616691441.8692632, 1616691444.5881236]
[1616691442.0240004, 1616691444.9763162]
[1616691442.0095096, 1616691444.7119703]
[1616691442.065703, 1616691444.8190446]
[1616691442.1578445, 1616691444.88292]
[1616691442.3253086, 1616691445.055637]
[1616691441.9852207, 1616691444.733184]
[1616691442.0635843, 1616691444.7907233]
[1616691442.2411485, 1616691444.98003]
[1616691442.1013305, 1616691444.8049443]
[1616691442.241694, 1616691445.1052327]
[1616691442.3858757, 1616691445.1233208]
[1616691442.1910021, 1616691444.8603945]
[1616691442.3751945, 1616691445.0857697]
[1616691442.6509454, 1616691445.3958838]
[1616691442.3724887, 1616691445.072337]
[1616691442.4364007, 1616691445.1439152]
[1616691442.5458603, 1616691445.2421834]
[1616691442.856331, 1616691445.5826027]
[1616691442.9649112, 1616691445.636363]
[1616691442.914408, 1616691445.6186762]
[1616691442.8474345, 1616691445.5671744]
[1616691442.6298795, 1616691445.3376563]
[1616691443.0083947, 1616691445.65488]
[1616691442.705826, 1616691445.4173977]
[1616691442.782344, 1616691445.4746988]
[1616691442.9519558, 1616691445.6957042]
[1616691442.978951, 1616691445.67679]
[1616691442.9964244, 1616691445.719574]
[1616691443.122762, 1616691445.8631434]
[1616691443.3065073, 1616691446.0389855]
[1616691443.2298353, 1616691445.935981]
[1616691443.3294091, 1616691446.0819004]
[1616691443.4774287, 1616691446.1762185]
[1616691443.5963693, 1616691446.320002]
[1616691443.486106, 1616691446.228506]
[1616691443.4961262, 1616691446.1764464]
[1616691443.3073099, 1616691446.053587]
[1616691443.5227952, 1616691446.244219]
[1616691443.5659513, 1616691446.2903082]
[1616691443.7023149, 1616691446.4164786]
[1616691443.749196, 1616691446.4903429]
[1616691443.912567, 1616691446.6221216]
[1616691444.0299501, 1616691446.799164]
[1616691443.7515721, 1616691446.4627235]
[1616691444.0068421, 1616691446.7928445]
[1616691443.9868116, 1616691446.6863732]
[1616691444.0378501, 1616691446.7454677]
[1616691444.0949657, 1616691446.8528306]
[1616691444.223565, 1616691446.9798996]
[1616691444.3812494, 1616691447.0494363]
[1616691444.167455, 1616691446.9019048]
[1616691444.3410752, 1616691447.0855167]
[1616691444.37024, 1616691447.0980382]
[1616691444.2765708, 1616691446.9651577]
[1616691444.3058338, 1616691447.0378194]
[1616691444.3365638, 1616691447.0638363]
[1616691444.658121, 1616691447.36286]
[1616691444.6543021, 1616691447.3587315]
[1616691444.7057433, 1616691447.4000995]
[1616691444.8928359, 1616691447.6234343]
[1616691444.7017844, 1616691447.4218805]
[1616691444.7227042, 1616691447.4288676]
[1616691444.6943035, 1616691447.408291]
[1616691444.8863223, 1616691447.5481265]
[1616691444.5480645, 1616691447.229787]
[1616691444.8285258, 1616691447.5804641]
[1616691444.8629293, 1616691447.5692296]
[1616691445.207743, 1616691447.9805827]
[1616691444.8452127, 1616691447.5469525]
[1616691444.9844356, 1616691447.7435584]
[1616691445.1911697, 1616691447.927008]
[1616691445.15785, 1616691447.8688278]
[1616691445.3100104, 1616691448.0322356]
[1616691445.237769, 1616691447.9457374]
[1616691445.290619, 1616691447.9948132]
[1616691445.4348297, 1616691448.2012985]
[1616691445.3921344, 1616691448.1018312]
[1616691445.4029422, 1616691448.1474197]
[1616691445.5412169, 1616691448.2471688]
[1616691445.5206716, 1616691448.2580078]
[1616691445.67128, 1616691448.3387454]
[1616691445.3993313, 1616691448.1796865]
[1616691445.5619338, 1616691448.3373165]
[1616691445.7129755, 1616691448.4390914]
[1616691445.7589743, 1616691448.4876878]
[1616691445.5826955, 1616691448.3016624]
[1616691445.8123052, 1616691448.5134354]
[1616691445.8887403, 1616691448.6164613]
[1616691445.925774, 1616691448.6335988]
[1616691446.0635927, 1616691448.842914]
[1616691446.005179, 1616691448.7218027]
[1616691446.1372657, 1616691448.8627565]
[1616691446.127672, 1616691448.8438485]
[1616691446.2737389, 1616691448.983436]
[1616691446.0077832, 1616691448.7021334]
[1616691446.119612, 1616691448.8703268]
[1616691446.2780664, 1616691448.9525387]
[1616691446.2574987, 1616691449.0139003]
[1616691446.3787339, 1616691449.1489992]
[1616691446.415141, 1616691449.194358]
[1616691446.76384, 1616691449.4706776]
[1616691446.5903249, 1616691449.3006196]
[1616691446.5873735, 1616691449.3553894]
[1616691446.7365315, 1616691449.4512303]
[1616691446.8427334, 1616691449.534509]
[1616691446.6522207, 1616691449.3638475]
[1616691446.7375348, 1616691449.4473321]
[1616691446.7889273, 1616691449.4792728]
[1616691447.1351626, 1616691449.8615043]
[1616691446.9188285, 1616691449.6701868]
[1616691446.8727407, 1616691449.6249647]
[1616691447.002019, 1616691449.7318554]
[1616691447.348144, 1616691450.0720825]
[1616691447.4327576, 1616691450.1213548]
[1616691447.4133754, 1616691450.1282175]
[1616691447.4595768, 1616691450.1611388]
[1616691447.3337104, 1616691450.0170624]
[1616691447.3596187, 1616691450.0330355]
[1616691447.3468204, 1616691450.0742698]
[1616691447.6066098, 1616691450.4100022]
[1616691447.6430223, 1616691450.3865848]
[1616691447.6474442, 1616691450.3741474]
[1616691447.6545336, 1616691450.3145902]
[1616691447.5357559, 1616691450.234927]
[1616691447.8864152, 1616691450.6272607]
[1616691447.9248369, 1616691450.678388]
[1616691447.7507765, 1616691450.4958384]
[1616691447.7610798, 1616691450.457546]
[1616691447.8161743, 1616691450.5401454]
[1616691447.9003143, 1616691450.6303184]
[1616691448.133841, 1616691450.8385954]
[1616691448.0869775, 1616691450.7852755]
[1616691448.229839, 1616691450.9862695]
[1616691448.4536695, 1616691451.1738508]
[1616691448.1127672, 1616691450.8134139]
[1616691448.2022257, 1616691450.935568]
[1616691448.294056, 1616691450.9994183]
[1616691448.4553995, 1616691451.216065]
[1616691448.306333, 1616691451.0103986]
[1616691448.2095425, 1616691450.9760585]
[1616691448.3983128, 1616691451.043656]
[1616691448.64528, 1616691451.3296273]
[1616691448.600545, 1616691451.310016]
[1616691448.7193995, 1616691451.4295478]
[1616691448.7840712, 1616691451.5034883]
[1616691448.7088537, 1616691451.3995283]
[1616691448.856837, 1616691451.584299]
[1616691448.9055173, 1616691451.6652536]
[1616691448.7320817, 1616691451.4431028]
[1616691448.763733, 1616691451.4887948]
[1616691448.8365724, 1616691451.6330776]
[1616691449.0200384, 1616691451.737375]
[1616691449.1834419, 1616691451.9613585]
[1616691449.250124, 1616691451.9407372]
[1616691449.240734, 1616691451.9736362]
[1616691449.257232, 1616691451.9602828]
[1616691449.1851764, 1616691451.9726071]
[1616691449.5102928, 1616691452.232569]
[1616691449.362752, 1616691452.1020262]
[1616691449.3134372, 1616691452.0205781]
[1616691449.4208956, 1616691452.1225646]
[1616691449.5421581, 1616691452.2387373]
[1616691449.4712148, 1616691452.1612113]
[1616691449.564681, 1616691452.274927]
[1616691449.681173, 1616691452.4229064]
[1616691449.6778986, 1616691452.4112575]
[1616691449.5406907, 1616691452.269766]
[1616691449.715947, 1616691452.5229492]
[1616691449.7363746, 1616691452.4758782]
[1616691449.9023426, 1616691452.6314104]
[1616691449.9334292, 1616691452.6582057]
[1616691449.9837353, 1616691452.737285]
[1616691450.0409548, 1616691452.7205002]
[1616691450.092372, 1616691452.8123505]
[1616691449.9948964, 1616691452.7079546]
[1616691450.0903382, 1616691452.822428]
[1616691450.228725, 1616691452.9302824]
[1616691450.199324, 1616691452.9104693]
[1616691450.2728677, 1616691453.0007334]
[1616691450.327844, 1616691452.9944215]
[1616691450.3514693, 1616691453.0735338]
[1616691450.4255292, 1616691453.1700637]
[1616691450.6208892, 1616691453.3068624]
[1616691450.508805, 1616691453.2600405]
[1616691450.6298525, 1616691453.4055421]
[1616691450.6098201, 1616691453.343109]
[1616691450.5360415, 1616691453.2437077]
[1616691450.5660188, 1616691453.3019702]
[1616691450.6000788, 1616691453.3313248]
[1616691450.6998134, 1616691453.4546878]
[1616691450.848668, 1616691453.5960894]
[1616691450.8445332, 1616691453.5656412]
[1616691451.0152307, 1616691453.740239]
[1616691451.0997353, 1616691453.8393807]
[1616691451.021117, 1616691453.7296815]
[1616691451.1691964, 1616691453.8774555]
[1616691451.1177115, 1616691453.847438]
[1616691451.0434291, 1616691453.7725782]
[1616691451.1907344, 1616691453.9233956]
[1616691451.0697563, 1616691453.7233112]
[1616691451.5294201, 1616691454.250677]
[1616691451.4568965, 1616691454.1709027]
[1616691451.419208, 1616691454.170009]
[1616691451.4091501, 1616691454.0927224]
[1616691451.3813612, 1616691454.0722468]
[1616691451.4840612, 1616691454.1905339]
[1616691451.5210302, 1616691454.23106]
[1616691451.6255255, 1616691454.4106252]
[1616691451.7613738, 1616691454.4979033]
[1616691451.571011, 1616691454.3673563]
[1616691452.058407, 1616691454.8041005]
[1616691452.0196054, 1616691454.7659655]
[1616691451.9732678, 1616691454.7080598]
[1616691452.014909, 1616691454.7695982]
[1616691452.032224, 1616691454.7585094]
[1616691451.9359522, 1616691454.701609]
[1616691452.1278071, 1616691454.8319309]
[1616691452.3471937, 1616691455.0256736]
[1616691452.3278022, 1616691455.0438662]
[1616691452.2768428, 1616691454.987187]
[1616691452.2170773, 1616691454.9206176]
[1616691452.2809293, 1616691455.0134528]
[1616691452.4033332, 1616691455.0909927]
[1616691452.3890877, 1616691455.141419]
[1616691452.4765577, 1616691455.2167501]
[1616691452.4829519, 1616691455.2040622]
[1616691452.6135547, 1616691455.3579364]
[1616691452.7175286, 1616691455.3989296]
[1616691452.6616354, 1616691455.379439]
[1616691452.7627172, 1616691455.4851754]
[1616691452.6250532, 1616691455.424308]
[1616691452.739501, 1616691455.4095669]
[1616691452.960962, 1616691455.6636124]
[1616691452.8311946, 1616691455.5448077]
[1616691453.0213737, 1616691455.7050881]
[1616691453.149833, 1616691455.872375]
[1616691453.0099125, 1616691455.7290084]
[1616691453.1489723, 1616691455.8732307]
[1616691453.0469596, 1616691455.7768369]
[1616691453.2194622, 1616691456.015124]
[1616691453.2701774, 1616691456.0333033]
[1616691453.2431152, 1616691456.02677]
[1616691453.1401365, 1616691455.8349724]
[1616691453.3935704, 1616691456.1372511]
[1616691453.3965857, 1616691456.1387265]
[1616691453.295556, 1616691455.9901447]
[1616691453.4694595, 1616691456.3308024]
[1616691453.5954964, 1616691456.3045678]
[1616691453.5175083, 1616691456.2879782]
[1616691453.6350188, 1616691456.3715332]
[1616691453.646563, 1616691456.3285084]
[1616691453.870181, 1616691456.6515887]
[1616691453.8137481, 1616691456.4599547]
[1616691454.0393999, 1616691456.7732635]
[1616691453.7851105, 1616691456.5130022]
[1616691453.77329, 1616691456.4843752]
[1616691453.7578113, 1616691456.460841]
[1616691453.9775975, 1616691456.7110643]
[1616691454.0174139, 1616691456.7500372]
[1616691453.9123075, 1616691456.6301837]
[1616691454.094359, 1616691456.7750084]
[1616691454.464103, 1616691457.2105827]
[1616691454.4104793, 1616691457.1545787]
[1616691454.3101192, 1616691457.0304725]
[1616691454.3865628, 1616691457.1501675]
[1616691454.4101841, 1616691457.1442218]
[1616691454.4692304, 1616691457.1562512]
[1616691454.335342, 1616691457.0488176]
[1616691454.3422296, 1616691457.055187]
[1616691454.5848024, 1616691457.2827086]
[1616691454.5633366, 1616691457.315831]
[1616691454.5721116, 1616691457.2941353]
[1616691454.642435, 1616691457.3943334]
[1616691454.7381213, 1616691457.4913168]
[1616691454.7075381, 1616691457.4060378]
[1616691454.7307959, 1616691457.5070498]
[1616691454.8618162, 1616691457.5586278]
[1616691454.8973079, 1616691457.632417]
[1616691454.8681726, 1616691457.5843935]
[1616691454.7660887, 1616691457.4785833]
[1616691455.064919, 1616691457.773288]
[1616691455.104201, 1616691457.7920163]
[1616691455.2045274, 1616691457.9252675]
[1616691455.2881477, 1616691458.01038]
[1616691455.2974024, 1616691458.0020127]
[1616691455.4287937, 1616691458.1441386]
[1616691455.2495723, 1616691457.9935129]
[1616691455.1630507, 1616691457.9204633]
[1616691455.3735871, 1616691458.060794]
[1616691455.2968686, 1616691458.0188875]
[1616691455.4251795, 1616691458.1225932]
[1616691455.5270948, 1616691458.2389798]
[1616691455.527078, 1616691458.2521825]
[1616691455.633664, 1616691458.3564305]
[1616691455.5629718, 1616691458.2844129]
[1616691455.758857, 1616691458.5029752]
[1616691455.8300714, 1616691458.536233]
[1616691455.8404841, 1616691458.534738]
[1616691455.7716959, 1616691458.4346645]
[1616691456.0806124, 1616691458.9168563]
[1616691455.8778327, 1616691458.5949934]
[1616691455.8912725, 1616691458.6097996]
[1616691456.0147882, 1616691458.7143633]
[1616691456.1791568, 1616691458.937057]
[1616691456.275941, 1616691459.0266788]
[1616691456.1543057, 1616691458.872693]
[1616691456.273096, 1616691459.0123453]
[1616691456.1432343, 1616691458.8527286]
[1616691456.2525287, 1616691458.9448483]
[1616691456.4315245, 1616691459.2051153]
[1616691456.6095216, 1616691459.264752]
[1616691456.5314908, 1616691459.262869]
[1616691456.203141, 1616691458.9547226]
[1616691456.5168123, 1616691459.2296805]
[1616691456.4295769, 1616691459.1969182]
[1616691456.6607788, 1616691459.389034]
[1616691456.6706793, 1616691459.3689837]
[1616691456.6327808, 1616691459.3216588]
[1616691456.6008158, 1616691459.3237462]
[1616691456.733625, 1616691459.4647312]
[1616691456.7592287, 1616691459.5105252]
[1616691456.9353468, 1616691459.645358]
[1616691456.8312247, 1616691459.524048]
[1616691457.1171298, 1616691459.8385623]
[1616691456.9381208, 1616691459.7176313]
[1616691457.0608332, 1616691459.7834237]
[1616691456.8363643, 1616691459.576644]
[1616691457.164226, 1616691459.8560436]
[1616691457.2078676, 1616691459.9090493]
[1616691457.2778518, 1616691460.0106382]
[1616691457.29862, 1616691460.0036583]
[1616691457.5822306, 1616691460.2788868]
[1616691457.1339052, 1616691459.8529766]
[1616691457.111162, 1616691459.8383408]
[1616691457.5305467, 1616691460.2761312]
[1616691457.3102412, 1616691460.0414388]
[1616691457.725149, 1616691460.5055318]
[1616691457.7264428, 1616691460.4412918]
[1616691457.738237, 1616691460.4487588]
[1616691457.7583907, 1616691460.44877]
[1616691457.7381368, 1616691460.5031326]
[1616691457.9881964, 1616691460.730822]
[1616691457.9845166, 1616691460.6713357]
[1616691458.0236945, 1616691460.7496567]
[1616691458.0041895, 1616691460.7419348]
[1616691458.0053258, 1616691460.7373443]
[1616691457.8565862, 1616691460.5431032]
[1616691458.1510425, 1616691460.823616]
[1616691458.2211232, 1616691460.9012802]
[1616691458.1201649, 1616691460.805348]
[1616691458.3939252, 1616691461.123914]
[1616691458.5103974, 1616691461.207127]
[1616691458.4316733, 1616691461.1815884]
[1616691458.334764, 1616691461.0632372]
[1616691458.485647, 1616691461.2660418]
[1616691458.6001298, 1616691461.3152854]
[1616691458.4797733, 1616691461.1408477]
[1616691458.7413208, 1616691461.4268374]
[1616691458.7058153, 1616691461.4381135]
[1616691458.7461386, 1616691461.4701972]
[1616691458.6044157, 1616691461.317158]
[1616691458.7391627, 1616691461.433891]
[1616691459.0419986, 1616691461.7914433]
[1616691459.0295157, 1616691461.797454]
[1616691458.9558382, 1616691461.6523979]
[1616691459.07478, 1616691461.8120494]
[1616691459.0010302, 1616691461.749208]
[1616691459.0801246, 1616691461.8529367]
[1616691459.1278498, 1616691461.866414]
[1616691459.2081723, 1616691461.915061]
[1616691459.208394, 1616691461.9151504]
[1616691459.4034631, 1616691462.1477835]
[1616691459.352229, 1616691462.0636334]
[1616691459.4082956, 1616691462.1165335]
[1616691459.7132788, 1616691462.35374]
[1616691459.5637202, 1616691462.296715]
[1616691459.5465248, 1616691462.2383456]
[1616691459.555594, 1616691462.2835083]
[1616691459.7952974, 1616691462.5178106]
[1616691459.6668715, 1616691462.374529]
[1616691460.0126245, 1616691462.7185493]
[1616691459.893338, 1616691462.607212]
[1616691459.634173, 1616691462.384321]
[1616691459.8145623, 1616691462.5372403]
[1616691459.8775432, 1616691462.5695972]
[1616691459.8944387, 1616691462.6049454]
[1616691459.759256, 1616691462.5268881]
[1616691459.694731, 1616691462.3752825]
[1616691460.237393, 1616691462.9440024]
[1616691460.1200128, 1616691462.8577354]
[1616691460.2825987, 1616691463.049877]
[1616691460.2022862, 1616691462.9243476]
[1616691460.1279218, 1616691462.8398602]
[1616691460.3423095, 1616691463.0627704]
[1616691460.0787349, 1616691462.7877622]
[1616691460.5099428, 1616691463.276524]
[1616691460.5642514, 1616691463.263811]
[1616691460.4851646, 1616691463.1859462]
[1616691460.5775082, 1616691463.2881067]
[1616691460.6672971, 1616691463.472716]
[1616691460.662355, 1616691463.374644]
[1616691460.5397441, 1616691463.293189]
[1616691460.8204741, 1616691463.50621]
[1616691460.9744117, 1616691463.7063653]
[1616691460.9753659, 1616691463.689604]
[1616691460.867705, 1616691463.5403388]
[1616691460.9591372, 1616691463.752312]
[1616691461.0331535, 1616691463.7184715]
[1616691461.1217146, 1616691463.826966]
[1616691460.9962354, 1616691463.7597837]
[1616691461.0957587, 1616691463.8299842]
[1616691460.914067, 1616691463.5803626]
[1616691461.3540745, 1616691464.0780425]
[1616691461.2601576, 1616691463.9593048]
[1616691461.385377, 1616691464.0623674]
[1616691461.350202, 1616691464.062997]
[1616691461.480649, 1616691464.204313]
[1616691461.373197, 1616691464.1175554]
[1616691461.5090477, 1616691464.2183385]
[1616691461.4584737, 1616691464.1789477]
[1616691461.6314712, 1616691464.5309315]
[1616691461.614317, 1616691464.3072555]
[1616691461.3017921, 1616691464.0439389]
[1616691461.7298276, 1616691464.4588807]
[1616691461.715994, 1616691464.475333]
[1616691461.8206193, 1616691464.5868814]
[1616691461.9372654, 1616691464.6641881]
[1616691461.786732, 1616691464.5508063]
[1616691461.926743, 1616691464.6304624]
[1616691461.708433, 1616691464.410848]
[1616691462.0635242, 1616691464.8877869]
[1616691461.9230874, 1616691464.6720207]
[1616691462.2653143, 1616691464.972577]
[1616691462.0107138, 1616691464.7850423]
[1616691462.2704244, 1616691464.9923015]
[1616691462.195737, 1616691464.9388309]
[1616691462.3996322, 1616691465.1624875]
[1616691462.2541006, 1616691464.9563508]
[1616691462.2965617, 1616691465.0357823]
[1616691462.4440129, 1616691465.154856]
[1616691462.4003026, 1616691465.086168]
[1616691462.4192858, 1616691465.1401727]
[1616691462.4250052, 1616691465.0886555]
[1616691462.796166, 1616691465.5151577]
[1616691462.6448345, 1616691465.363617]
[1616691462.7328334, 1616691465.4419112]
[1616691462.7830398, 1616691465.5515313]
[1616691462.941131, 1616691465.6632383]
[1616691463.0115108, 1616691465.7185667]
[1616691462.7171435, 1616691465.4037023]
[1616691462.8032181, 1616691465.5834208]
[1616691462.653909, 1616691465.368456]
[1616691462.950249, 1616691465.6673267]
[1616691462.8905783, 1616691465.6321201]
[1616691463.0961974, 1616691465.820037]
[1616691462.961724, 1616691465.6737382]
[1616691463.0800433, 1616691465.7795904]
[1616691463.3192222, 1616691466.0636477]
[1616691463.488711, 1616691466.270589]
[1616691463.2285957, 1616691465.954013]
[1616691463.506357, 1616691466.279794]
[1616691463.7110019, 1616691466.4339762]
[1616691463.4590526, 1616691466.1780064]
[1616691463.6110795, 1616691466.2786329]
[1616691463.5837994, 1616691466.281811]
[1616691463.4916332, 1616691466.1983182]
[1616691463.7246425, 1616691466.4403884]
[1616691463.7036295, 1616691466.450399]
[1616691464.0028286, 1616691466.720523]
[1616691463.7597275, 1616691466.472129]
[1616691463.7688775, 1616691466.5346413]
[1616691463.8092756, 1616691466.5482228]
[1616691464.1304705, 1616691466.8579924]
[1616691463.938825, 1616691466.663091]
[1616691464.0503824, 1616691466.7732952]
[1616691463.9455414, 1616691466.6516714]
[1616691464.1595592, 1616691466.8883924]
[1616691464.0860035, 1616691466.7912722]
[1616691464.1808217, 1616691466.8385239]
[1616691464.2513034, 1616691466.9751158]
[1616691464.4563258, 1616691467.179492]
[1616691464.3909564, 1616691467.1057541]
[1616691464.2408526, 1616691466.9411635]
[1616691464.4409423, 1616691467.1433146]
[1616691464.5397198, 1616691467.2653544]
[1616691464.7010007, 1616691467.4186897]
[1616691464.8784668, 1616691467.6452441]
[1616691464.7476907, 1616691467.5066829]
[1616691464.6511745, 1616691467.3689277]
[1616691465.0534844, 1616691467.8202248]
[1616691464.5948775, 1616691467.357542]
[1616691464.7283657, 1616691467.4703481]
[1616691465.054431, 1616691467.7585328]
[1616691465.0772913, 1616691467.8200536]
[1616691464.9302042, 1616691467.7741058]
[1616691465.0671015, 1616691467.7466261]
[1616691465.1057937, 1616691467.7748497]
[1616691465.0556211, 1616691467.7910705]
[1616691465.1841385, 1616691467.9542208]
[1616691465.2894146, 1616691467.977996]
[1616691465.1908379, 1616691467.9237568]
[1616691465.2192752, 1616691467.9293187]
[1616691465.5755174, 1616691468.2965834]
[1616691465.382802, 1616691468.1014302]
[1616691465.7789304, 1616691468.5009682]
[1616691465.6922307, 1616691468.4022257]
[1616691465.5574408, 1616691468.26852]
[1616691465.500284, 1616691468.2122483]
[1616691465.498722, 1616691468.2049952]
[1616691465.5650961, 1616691468.3259838]
[1616691465.7058454, 1616691468.4155047]
[1616691465.8682265, 1616691468.60355]
[1616691465.781477, 1616691468.5146313]
[1616691465.9400284, 1616691468.69377]
[1616691465.920731, 1616691468.6950538]
[1616691465.9540062, 1616691468.6652305]
[1616691466.0641363, 1616691468.7403748]
[1616691465.919634, 1616691468.6585085]
[1616691465.8885374, 1616691468.5905313]
[1616691466.015084, 1616691468.7104232]
[1616691466.0892494, 1616691468.8353944]
[1616691466.2930868, 1616691469.0645082]
[1616691466.4194443, 1616691469.126571]
[1616691466.1574037, 1616691468.9493752]
[1616691466.3169818, 1616691469.0688412]
[1616691466.3109827, 1616691468.9849615]
[1616691466.5003562, 1616691469.22086]
[1616691466.2900698, 1616691469.002826]
[1616691466.5322094, 1616691469.2144015]
[1616691466.6203527, 1616691469.3577929]
[1616691466.6591668, 1616691469.397245]
[1616691466.4932928, 1616691469.2139137]
[1616691466.7045996, 1616691469.4367385]
[1616691466.5869324, 1616691469.326318]
[1616691466.7513342, 1616691469.5307972]
[1616691466.8340857, 1616691469.563498]
[1616691466.8893936, 1616691469.6577177]
[1616691466.8205888, 1616691469.5251682]
[1616691466.8437889, 1616691469.533511]
[1616691467.0880258, 1616691469.7843595]
[1616691467.097358, 1616691469.8102884]
[1616691467.1801164, 1616691469.9242008]
[1616691467.1287131, 1616691469.819899]
[1616691467.2248328, 1616691469.991701]
[1616691467.1653254, 1616691469.8913708]
[1616691467.1020477, 1616691469.7893913]
[1616691467.0753293, 1616691469.7963395]
[1616691467.27211, 1616691469.9975517]
[1616691467.396001, 1616691470.1023126]
[1616691467.4314508, 1616691470.1806715]
[1616691467.2826364, 1616691470.002799]
[1616691467.3927786, 1616691470.1534922]
[1616691467.1867368, 1616691469.9156375]
[1616691467.389341, 1616691470.1055207]
[1616691467.479881, 1616691470.19964]
[1616691467.393521, 1616691470.1550808]
[1616691467.6542969, 1616691470.4349766]
[1616691467.4053297, 1616691470.111451]
[1616691467.7445269, 1616691470.4513547]
[1616691467.725167, 1616691470.5098803]
[1616691467.7905378, 1616691470.590286]
[1616691467.8929758, 1616691470.5705235]
[1616691467.8200054, 1616691470.4824753]
[1616691467.863792, 1616691470.6044724]
[1616691467.808314, 1616691470.5261989]
[1616691467.8714626, 1616691470.7925484]
[1616691467.8960364, 1616691470.6227102]
[1616691468.0387719, 1616691470.7566185]
[1616691467.9974837, 1616691470.6734824]
[1616691467.738061, 1616691470.4316247]
[1616691468.0282795, 1616691470.8074815]
[1616691467.8503635, 1616691470.603105]
[1616691468.1228993, 1616691470.8335783]
[1616691468.1992342, 1616691470.952154]
[1616691468.215703, 1616691470.9125838]
[1616691468.1058505, 1616691470.8308141]
[1616691468.180136, 1616691470.9200873]
[1616691468.1805637, 1616691470.974363]
[1616691468.1704712, 1616691470.894806]
[1616691468.2931619, 1616691471.0035145]
[1616691468.4378095, 1616691471.1508331]
[1616691468.2867768, 1616691471.018192]
[1616691468.4889781, 1616691471.2112453]
[1616691468.393665, 1616691471.1314142]
[1616691468.3808265, 1616691471.1129136]
[1616691468.5328734, 1616691471.2400794]
[1616691468.4496913, 1616691471.1815693]
[1616691468.5461512, 1616691471.2767992]
[1616691468.707737, 1616691471.490565]
[1616691468.4992986, 1616691471.2113566]
[1616691468.6790383, 1616691471.3920107]
[1616691468.7093036, 1616691471.4566655]
[1616691468.7712631, 1616691471.5024238]
[1616691468.8188736, 1616691471.5683436]
[1616691468.8143597, 1616691471.5386128]
[1616691468.7617924, 1616691471.4355288]
[1616691468.7804658, 1616691471.505052]
[1616691468.8783872, 1616691471.6048095]
[1616691468.7370777, 1616691471.4385417]
[1616691468.8308048, 1616691471.6100626]
[1616691469.0396867, 1616691471.7306404]
[1616691469.1307538, 1616691471.9443297]
[1616691468.916676, 1616691471.6311758]
[1616691468.8741467, 1616691471.7318242]
[1616691469.0032794, 1616691471.6704779]
[1616691469.1439176, 1616691471.8575282]
[1616691468.9414926, 1616691471.6648993]
[1616691469.1176248, 1616691471.9303782]
[1616691468.9756324, 1616691471.7399535]
[1616691469.190946, 1616691471.9164212]
[1616691469.1255093, 1616691472.0161471]
[1616691469.1739872, 1616691471.9160225]
[1616691469.2216842, 1616691471.9056642]
[1616691469.3380258, 1616691472.0760143]
[1616691469.2844825, 1616691471.9851162]
[1616691469.3029783, 1616691472.0276673]
[1616691469.3796144, 1616691472.0960586]
[1616691469.4028025, 1616691472.1126375]
[1616691469.3693373, 1616691472.2380145]
[1616691469.3564155, 1616691472.113693]
[1616691469.43459, 1616691472.1365216]
[1616691469.485329, 1616691472.2352498]
[1616691469.5309048, 1616691472.2725046]
[1616691469.554422, 1616691472.2351053]
[1616691469.530736, 1616691472.253288]
[1616691469.4488792, 1616691472.175786]
[1616691469.5014596, 1616691472.234368]
[1616691469.5160844, 1616691472.477401]
[1616691469.5760908, 1616691472.295098]
[1616691469.5215645, 1616691472.2698543]
[1616691469.4511244, 1616691472.233454]
[1616691469.5355694, 1616691472.2657444]
[1616691469.4733238, 1616691472.2076068]
[1616691469.651494, 1616691472.3827825]
[1616691469.6523812, 1616691472.3710804]
[1616691469.6569893, 1616691472.432906]
[1616691469.656468, 1616691472.386452]
[1616691469.6798818, 1616691472.4063323]
[1616691469.608393, 1616691472.3381758]
[1616691469.7098248, 1616691472.4305503]
[1616691469.8494997, 1616691472.650291]
[1616691469.6397903, 1616691472.345895]
[1616691469.537384, 1616691472.256414]
[1616691469.8347995, 1616691472.5643222]
[1616691469.9004738, 1616691472.6018662]
[1616691469.78929, 1616691472.485065]
[1616691469.8282595, 1616691472.5187263]
[1616691469.9075096, 1616691472.6671386]
[1616691469.8439493, 1616691472.5878015]
[1616691469.9495325, 1616691472.6869626]
[1616691469.8596096, 1616691472.562598]
[1616691469.8747108, 1616691472.691236]
[1616691469.964478, 1616691472.7083328]
[1616691469.8658922, 1616691472.6179314]
[1616691470.04763, 1616691473.0458734]
[1616691469.9792182, 1616691472.6894248]
[1616691469.9054303, 1616691472.6617372]
[1616691470.017149, 1616691472.7603407]
[1616691469.9689794, 1616691472.752767]
[1616691469.869114, 1616691472.6216152]
[1616691470.080008, 1616691472.8109796]
[1616691470.1434593, 1616691472.8606331]
[1616691470.0512738, 1616691472.768623]
[1616691470.1554618, 1616691472.9774985]
[1616691470.0231009, 1616691472.7959888]
[1616691470.1255245, 1616691472.8350272]
[1616691470.145336, 1616691472.8289955]
[1616691469.9499514, 1616691472.6745994]
[1616691470.1571743, 1616691473.03006]
[1616691470.319353, 1616691473.0713449]
[1616691470.324345, 1616691473.087453]
[1616691470.2659423, 1616691472.9755015]
[1616691470.3287408, 1616691473.0465431]
[1616691470.341688, 1616691473.0765817]
[1616691470.3475835, 1616691473.099462]
[1616691470.4047763, 1616691473.2401683]
[1616691470.3087814, 1616691473.0378864]
[1616691470.448475, 1616691473.2011993]
[1616691470.2135534, 1616691472.9596994]
[1616691470.4076982, 1616691473.276116]
[1616691470.0420818, 1616691472.824892]
[1616691470.3419783, 1616691473.0643246]
[1616691470.1722023, 1616691472.9735909]
[1616691470.3499565, 1616691473.0691168]
[1616691470.2199428, 1616691472.9318492]
[1616691470.260139, 1616691472.9675274]
[1616691470.375878, 1616691473.1741965]
[1616691470.4204302, 1616691473.1494858]
[1616691470.3422966, 1616691473.1328535]
[1616691470.2345676, 1616691473.0452478]
[1616691470.426691, 1616691473.1522503]
[1616691470.3045616, 1616691473.0059075]
[1616691470.2566402, 1616691472.9794853]
[1616691470.2700493, 1616691472.9785852]
[1616691470.34574, 1616691473.055251]
[1616691470.4710333, 1616691473.2573268]
[1616691470.4357727, 1616691473.1875563]
[1616691470.4644086, 1616691473.167892]
[1616691470.4869308, 1616691473.1956995]
[1616691470.4752574, 1616691473.2220547]
[1616691470.352196, 1616691473.2996075]
[1616691470.370754, 1616691473.0865571]
[1616691470.4486892, 1616691473.22409]
[1616691470.2353115, 1616691472.9566212]
[1616691470.47454, 1616691473.2058895]
[1616691470.4402263, 1616691473.1280801]
[1616691470.4779704, 1616691473.1766078]
[1616691470.4992592, 1616691473.2441676]
[1616691470.4456933, 1616691473.1755407]
[1616691470.436243, 1616691473.1509063]
[1616691470.439475, 1616691473.26152]
[1616691470.4680567, 1616691473.1698713]
[1616691470.5019195, 1616691473.2433677]
[1616691470.467132, 1616691473.2306218]
[1616691470.1111865, 1616691472.8590848]
[1616691470.4956584, 1616691473.271913]
[1616691470.5200279, 1616691473.2830226]
[1616691470.475455, 1616691473.1854134]
[1616691470.171334, 1616691472.8981333]
[1616691470.4995797, 1616691473.1980934]
[1616691470.5047789, 1616691473.2365763]
[1616691470.4927378, 1616691473.1503134]
[1616691470.433016, 1616691473.1389055]
[1616691470.500896, 1616691473.2493844]
