[1621543035.9126112, 1621543043.1247163]
[1621543035.8697836, 1621543043.0260577]
[1621543036.1625667, 1621543043.518257]
[1621543035.8014188, 1621543043.0300164]
[1621543036.3336673, 1621543043.4737375]
[1621543036.283791, 1621543043.5334206]
[1621543036.786612, 1621543044.1761363]
[1621543036.954121, 1621543044.1871102]
[1621543036.300816, 1621543043.8171976]
[1621543035.7370584, 1621543042.9623637]
[1621543036.6732128, 1621543044.0230682]
[1621543036.129294, 1621543043.2282462]
[1621543036.008064, 1621543043.4976087]
[1621543036.6817389, 1621543043.9451914]
[1621543036.4842224, 1621543043.5403907]
[1621543036.7375479, 1621543043.7582521]
[1621543037.0590446, 1621543044.3994384]
[1621543036.631855, 1621543043.960609]
[1621543036.5044472, 1621543043.7624705]
[1621543035.743592, 1621543043.1271968]
[1621543036.592743, 1621543044.2255006]
[1621543036.580676, 1621543045.0874617]
[1621543037.2917316, 1621543044.4575796]
[1621543037.5002956, 1621543044.4691584]
[1621543036.8937182, 1621543043.7652497]
[1621543038.3506703, 1621543045.6160166]
[1621543037.2855525, 1621543044.6486998]
[1621543037.5263703, 1621543044.5759463]
[1621543036.7741525, 1621543044.01752]
[1621543037.270532, 1621543044.3410597]
[1621543037.732072, 1621543044.731701]
[1621543036.8102534, 1621543044.0444236]
[1621543037.9109755, 1621543045.3542054]
[1621543038.0798638, 1621543045.2978523]
[1621543038.138051, 1621543045.5529315]
[1621543038.131749, 1621543045.4072914]
[1621543038.08041, 1621543044.9519947]
[1621543038.0643187, 1621543045.2779975]
[1621543038.00539, 1621543045.2038178]
[1621543038.1200392, 1621543045.363867]
[1621543037.5816545, 1621543044.8119917]
[1621543037.7039225, 1621543045.0314898]
[1621543037.6820896, 1621543044.9360142]
[1621543038.0312605, 1621543045.2897058]
[1621543037.230456, 1621543044.5013502]
[1621543038.7157302, 1621543046.8148484]
[1621543038.7691572, 1621543046.1917508]
[1621543038.2868168, 1621543045.564305]
[1621543038.1352108, 1621543046.0565054]
[1621543038.2333424, 1621543045.6022902]
[1621543038.2227678, 1621543045.4640067]
[1621543038.4528217, 1621543045.762634]
[1621543039.1313994, 1621543046.6147945]
[1621543038.4727373, 1621543046.1345084]
[1621543037.9898157, 1621543044.9102142]
[1621543039.1247096, 1621543046.5257254]
[1621543039.1927483, 1621543047.009946]
[1621543038.5076466, 1621543045.4665506]
[1621543038.4188838, 1621543045.6412172]
[1621543039.1294916, 1621543046.41436]
[1621543038.9905925, 1621543046.4738634]
[1621543038.3944263, 1621543045.5682397]
[1621543038.9019926, 1621543046.24344]
[1621543038.9992115, 1621543046.4146285]
[1621543038.6264756, 1621543045.894142]
[1621543038.8599303, 1621543046.3813655]
[1621543038.975096, 1621543046.2636657]
[1621543039.1369843, 1621543046.425525]
[1621543039.051977, 1621543046.087835]
[1621543038.9691854, 1621543046.238802]
[1621543039.0479913, 1621543046.2433946]
[1621543038.9187682, 1621543046.2563388]
[1621543039.745096, 1621543046.9930832]
[1621543039.1339793, 1621543046.1335297]
[1621543039.0162458, 1621543046.1248918]
[1621543039.880161, 1621543047.203785]
[1621543039.81516, 1621543046.7697902]
[1621543039.0646896, 1621543046.3306494]
[1621543039.3516247, 1621543046.683554]
[1621543039.9454257, 1621543047.1988971]
[1621543039.7256722, 1621543047.4013515]
[1621543039.5503423, 1621543046.9973023]
[1621543039.5856144, 1621543046.9353023]
[1621543040.0567122, 1621543047.2333322]
[1621543040.0657578, 1621543047.5084019]
[1621543040.048298, 1621543047.2024877]
[1621543040.282185, 1621543047.9664714]
[1621543040.1710625, 1621543047.5736291]
[1621543039.5883002, 1621543046.580988]
[1621543039.765104, 1621543046.7499456]
[1621543040.235873, 1621543047.651958]
[1621543040.3818262, 1621543047.556254]
[1621543040.1722088, 1621543047.3128586]
[1621543040.3820808, 1621543048.643083]
[1621543040.5694156, 1621543047.975886]
[1621543040.7274594, 1621543050.1725688]
[1621543040.2793849, 1621543047.5713663]
[1621543040.5844948, 1621543047.6525466]
[1621543039.5290406, 1621543046.664781]
[1621543040.350619, 1621543047.5830455]
[1621543040.2855117, 1621543048.50543]
[1621543040.4796839, 1621543047.8958423]
[1621543040.3831322, 1621543047.632368]
[1621543040.6321595, 1621543047.809989]
[1621543040.4582324, 1621543047.705532]
[1621543040.7407827, 1621543047.9357626]
[1621543040.6899838, 1621543047.8253891]
[1621543040.425372, 1621543047.6602073]
[1621543040.0601578, 1621543047.1830428]
[1621543040.41806, 1621543047.569935]
[1621543040.7589953, 1621543048.451137]
[1621543041.201619, 1621543048.631674]
[1621543040.450777, 1621543047.4062803]
[1621543041.7818003, 1621543049.1363974]
[1621543040.8495293, 1621543048.0608828]
[1621543041.3294141, 1621543049.2640595]
[1621543041.4795604, 1621543048.927412]
[1621543041.3954566, 1621543048.5290158]
[1621543041.5884714, 1621543048.7515965]
[1621543041.3999324, 1621543048.5766978]
[1621543040.9935944, 1621543048.047325]
[1621543042.557111, 1621543049.4072819]
[1621543041.6178954, 1621543049.0163918]
[1621543041.4424992, 1621543048.7654645]
[1621543040.7613087, 1621543048.163161]
[1621543042.2566078, 1621543049.5437171]
[1621543041.8795505, 1621543049.1601644]
[1621543041.6950557, 1621543049.213217]
[1621543041.4953911, 1621543048.884825]
[1621543041.893252, 1621543049.274469]
[1621543041.4961195, 1621543048.6180868]
[1621543041.568672, 1621543048.7804427]
[1621543041.4956021, 1621543048.765269]
[1621543041.6315837, 1621543049.0800636]
[1621543042.572523, 1621543049.7606168]
[1621543042.4955184, 1621543049.8331704]
[1621543042.929071, 1621543050.0853345]
[1621543042.38386, 1621543049.6873872]
[1621543042.4671934, 1621543049.6140263]
[1621543042.5392504, 1621543049.875383]
[1621543043.247054, 1621543050.336337]
[1621543042.3303156, 1621543049.6111705]
[1621543042.7002885, 1621543050.1924891]
[1621543042.6433265, 1621543049.8249521]
[1621543043.2712955, 1621543050.6451583]
[1621543042.6396275, 1621543049.5236247]
[1621543042.7398815, 1621543049.9388227]
[1621543042.7840097, 1621543049.9842868]
[1621543041.554819, 1621543048.954787]
[1621543042.8047352, 1621543050.159152]
[1621543042.6543422, 1621543049.8582885]
[1621543042.133045, 1621543049.267368]
[1621543041.8205314, 1621543049.1444576]
[1621543041.8974555, 1621543049.3534594]
[1621543042.135519, 1621543049.2376544]
[1621543042.9175856, 1621543050.5898178]
[1621543042.8329058, 1621543050.0205903]
[1621543042.9827633, 1621543050.2167058]
[1621543042.4963043, 1621543049.5253723]
[1621543043.1800122, 1621543050.592616]
[1621543043.121975, 1621543050.5050752]
[1621543043.0409236, 1621543050.3279233]
[1621543043.0006871, 1621543050.8486543]
[1621543043.9181643, 1621543051.4418156]
[1621543043.3017566, 1621543050.450488]
[1621543043.691024, 1621543051.2671108]
[1621543042.8703454, 1621543050.1875973]
[1621543043.2254725, 1621543050.5529695]
[1621543042.321639, 1621543049.5939074]
[1621543043.269298, 1621543050.9264822]
[1621543043.4346364, 1621543050.5768166]
[1621543042.917151, 1621543050.0674634]
[1621543043.0941532, 1621543050.3563848]
[1621543043.1901028, 1621543050.5048635]
[1621543043.9789317, 1621543052.2118623]
[1621543043.994052, 1621543051.2102094]
[1621543044.8678868, 1621543052.3195674]
[1621543045.0059621, 1621543051.883207]
[1621543044.8975594, 1621543052.5574484]
[1621543043.4239194, 1621543050.7793949]
[1621543044.026132, 1621543051.3252168]
[1621543043.9431326, 1621543051.1950552]
[1621543043.9859707, 1621543051.025204]
[1621543044.8608255, 1621543052.2387006]
[1621543044.1801972, 1621543051.1674554]
[1621543043.7890837, 1621543050.7689767]
[1621543044.1752613, 1621543051.5278761]
[1621543043.621659, 1621543051.35278]
[1621543044.0450044, 1621543051.2927182]
[1621543045.1613972, 1621543052.4442637]
[1621543043.5989966, 1621543050.661848]
[1621543044.207463, 1621543051.4268475]
[1621543044.475807, 1621543051.4985845]
[1621543044.2774606, 1621543051.8386505]
[1621543044.3498056, 1621543051.4813359]
[1621543044.0978434, 1621543051.542089]
[1621543044.409652, 1621543051.7515152]
[1621543042.8072112, 1621543050.6583214]
[1621543043.9791343, 1621543051.6299715]
[1621543044.8679495, 1621543052.2100973]
[1621543044.5478444, 1621543051.7163455]
[1621543044.607075, 1621543051.5156398]
[1621543044.5149708, 1621543051.797432]
[1621543045.0374346, 1621543052.2508695]
[1621543044.3894136, 1621543051.2914565]
[1621543044.8776093, 1621543052.165665]
[1621543044.7729208, 1621543051.7244904]
[1621543044.6198912, 1621543051.8515189]
[1621543044.468285, 1621543051.425619]
[1621543045.018184, 1621543052.1907227]
[1621543045.1087124, 1621543053.4838285]
[1621543045.2831173, 1621543052.604863]
[1621543045.3332074, 1621543052.5356927]
[1621543045.1108227, 1621543052.3215482]
[1621543044.783687, 1621543051.712599]
[1621543045.7551742, 1621543052.9699352]
[1621543045.5658314, 1621543052.9780402]
[1621543044.779571, 1621543052.1051536]
[1621543045.574681, 1621543052.9250395]
[1621543045.0442336, 1621543052.3297966]
[1621543045.3673446, 1621543052.8163292]
[1621543045.2188776, 1621543052.240247]
[1621543045.0222828, 1621543052.0984323]
[1621543045.4962564, 1621543052.4429224]
[1621543045.820397, 1621543053.037164]
[1621543045.1635983, 1621543052.4848566]
[1621543044.9068666, 1621543052.346663]
[1621543045.7654681, 1621543052.8249822]
[1621543045.715872, 1621543053.0093842]
[1621543045.8202662, 1621543053.007461]
[1621543045.8697174, 1621543053.2370226]
[1621543045.6529617, 1621543052.8104093]
[1621543045.6303294, 1621543052.8451538]
[1621543045.5290806, 1621543053.4182599]
[1621543045.7268345, 1621543052.9572728]
[1621543045.7740977, 1621543053.0518095]
[1621543045.6780105, 1621543053.445007]
[1621543046.0300846, 1621543053.1641288]
[1621543045.635449, 1621543052.9782848]
[1621543045.5798218, 1621543053.03006]
[1621543046.1271148, 1621543053.8514662]
[1621543045.0405052, 1621543051.9150507]
[1621543046.03015, 1621543053.2001004]
[1621543046.0068285, 1621543053.065484]
[1621543046.018562, 1621543052.9559915]
[1621543046.0138588, 1621543053.2909126]
[1621543045.8310113, 1621543053.162643]
[1621543046.0955155, 1621543053.1412115]
[1621543045.821908, 1621543053.1460187]
[1621543046.0763702, 1621543053.610438]
[1621543046.040737, 1621543054.0408428]
[1621543046.0941298, 1621543053.3803797]
[1621543046.1093612, 1621543053.3762276]
[1621543045.867234, 1621543053.246699]
[1621543045.9378088, 1621543053.3221169]
[1621543046.4292758, 1621543053.6869392]
[1621543045.8253853, 1621543052.5598528]
[1621543046.3387852, 1621543053.6029787]
[1621543046.0545087, 1621543052.8982337]
[1621543045.9337034, 1621543053.2181575]
[1621543046.5717804, 1621543054.0077128]
[1621543046.290944, 1621543053.5591793]
[1621543046.4862297, 1621543053.4566197]
[1621543046.4322736, 1621543053.6951659]
[1621543046.2316787, 1621543053.3786962]
[1621543046.3117707, 1621543053.7773314]
[1621543046.4787405, 1621543053.9818094]
[1621543046.157912, 1621543053.8241978]
[1621543046.3101254, 1621543053.5313058]
[1621543046.6372116, 1621543053.9835]
[1621543046.3174036, 1621543053.656979]
[1621543046.3600733, 1621543053.5762653]
[1621543046.21243, 1621543053.8097682]
[1621543046.2419455, 1621543053.4969645]
[1621543046.271509, 1621543053.5582922]
[1621543046.1865108, 1621543053.26257]
[1621543046.1158955, 1621543053.6222491]
[1621543046.3775811, 1621543053.5370376]
[1621543046.3314726, 1621543053.9100225]
[1621543046.327008, 1621543053.8062727]
[1621543046.5071414, 1621543053.8603172]
[1621543046.3782928, 1621543053.424301]
[1621543046.4548702, 1621543053.5583909]
[1621543046.5249808, 1621543053.7107682]
[1621543046.451943, 1621543053.7398765]
[1621543046.2367923, 1621543053.3731093]
[1621543046.6784225, 1621543053.8420286]
[1621543046.3320634, 1621543053.4311962]
[1621543046.446792, 1621543053.7782722]
[1621543046.9343886, 1621543054.3379726]
[1621543046.6699226, 1621543054.0764608]
[1621543046.6825984, 1621543054.0328963]
[1621543046.6186428, 1621543053.8594854]
[1621543046.5996277, 1621543053.8187509]
[1621543046.9622595, 1621543054.2824543]
[1621543046.7746713, 1621543053.7374797]
[1621543046.587401, 1621543053.6240592]
[1621543046.5326293, 1621543053.5250776]
[1621543046.616453, 1621543053.8740802]
[1621543046.9543352, 1621543054.402965]
[1621543046.5978081, 1621543053.5968976]
[1621543046.3196888, 1621543054.0382404]
[1621543046.4281628, 1621543053.6261537]
[1621543046.7023475, 1621543053.845908]
[1621543046.6080432, 1621543054.0680103]
[1621543046.7029333, 1621543053.990233]
[1621543046.5114071, 1621543053.8040457]
[1621543046.584949, 1621543053.8431523]
[1621543046.6641924, 1621543053.6561995]
[1621543046.701501, 1621543053.9207947]
[1621543046.9412618, 1621543054.1788063]
[1621543046.9609108, 1621543054.458857]
[1621543046.5501554, 1621543053.5710979]
[1621543046.6738794, 1621543054.338418]
[1621543046.6226404, 1621543054.0311882]
[1621543046.9842446, 1621543054.3396223]
[1621543046.7003615, 1621543054.0967908]
[1621543046.6942163, 1621543054.0109324]
[1621543047.0185308, 1621543054.5462065]
[1621543047.0496123, 1621543054.145061]
[1621543046.9635131, 1621543054.2768567]
[1621543046.8204103, 1621543055.4408398]
[1621543047.244667, 1621543054.600848]
[1621543046.712539, 1621543053.6131554]
[1621543046.9837449, 1621543054.4102206]
[1621543046.5582612, 1621543053.5427957]
[1621543046.7536604, 1621543053.9530728]
[1621543047.0627506, 1621543053.6764894]
[1621543047.0871143, 1621543054.1898549]
[1621543046.5772598, 1621543053.6762855]
[1621543046.9812262, 1621543054.381578]
[1621543046.945121, 1621543054.323339]
[1621543047.0385444, 1621543053.9296057]
