[1621542928.9271755, 1621542930.0779116]
[1621542929.2357275, 1621542930.3689964]
[1621542928.7358806, 1621542929.8669932]
[1621542928.8997328, 1621542930.0429018]
[1621542928.4561598, 1621542929.6342542]
[1621542928.3901784, 1621542929.5845437]
[1621542929.436736, 1621542930.574653]
[1621542928.4312792, 1621542929.5868447]
[1621542928.8637986, 1621542929.9798434]
[1621542929.082491, 1621542930.2042327]
[1621542928.8300056, 1621542929.9963605]
[1621542928.493892, 1621542929.6716077]
[1621542929.231792, 1621542930.412862]
[1621542928.8783462, 1621542930.0406833]
[1621542928.988767, 1621542930.1375391]
[1621542929.1657841, 1621542930.310438]
[1621542928.788662, 1621542929.9944663]
[1621542929.406437, 1621542930.5672944]
[1621542929.5656354, 1621542930.6653357]
[1621542928.8617046, 1621542929.9930167]
[1621542929.601793, 1621542930.7327535]
[1621542929.4624276, 1621542930.6021996]
[1621542929.5915756, 1621542930.7238677]
[1621542929.6295266, 1621542930.7769406]
[1621542930.0207253, 1621542931.2004476]
[1621542929.9565923, 1621542931.1003847]
[1621542929.878654, 1621542931.008615]
[1621542930.2892687, 1621542931.4625285]
[1621542930.075217, 1621542931.2326167]
[1621542930.1461477, 1621542931.2821517]
[1621542929.5976167, 1621542930.757699]
[1621542930.4564667, 1621542931.5979471]
[1621542929.961581, 1621542931.1253314]
[1621542930.2066417, 1621542931.340273]
[1621542930.1241236, 1621542931.2889297]
[1621542930.2040663, 1621542931.3475077]
[1621542930.0040872, 1621542931.1456435]
[1621542930.3078854, 1621542931.457767]
[1621542930.287981, 1621542931.416049]
[1621542930.3001666, 1621542931.4199524]
[1621542930.7211034, 1621542931.8190792]
[1621542930.364833, 1621542931.5075023]
[1621542930.522971, 1621542931.6556273]
[1621542930.0202968, 1621542931.1535552]
[1621542931.261773, 1621542932.3975246]
[1621542929.5821352, 1621542930.732286]
[1621542930.7308433, 1621542931.8642898]
[1621542931.064509, 1621542932.2038312]
[1621542931.3704772, 1621542932.5241282]
[1621542931.5076413, 1621542932.6285136]
[1621542930.4023108, 1621542931.5701125]
[1621542930.9731452, 1621542932.1164606]
[1621542930.8028076, 1621542931.9375696]
[1621542931.7237332, 1621542932.8426862]
[1621542931.8543725, 1621542933.0052006]
[1621542931.5552826, 1621542932.6976225]
[1621542931.591846, 1621542932.7267406]
[1621542931.6346803, 1621542932.9507623]
[1621542931.5670917, 1621542932.6988573]
[1621542931.4632585, 1621542932.61197]
[1621542931.8531551, 1621542932.9539492]
[1621542931.4894874, 1621542932.6192584]
[1621542931.3740332, 1621542932.4978752]
[1621542931.1130617, 1621542932.2887628]
[1621542932.3205335, 1621542933.45742]
[1621542931.92549, 1621542933.0942318]
[1621542931.9140437, 1621542933.0460947]
[1621542932.1144369, 1621542933.2615645]
[1621542932.0436814, 1621542933.1755738]
[1621542931.7996402, 1621542932.939379]
[1621542931.4830294, 1621542932.6209233]
[1621542931.377331, 1621542932.5303493]
[1621542931.7701473, 1621542932.9077804]
[1621542932.3598757, 1621542933.46292]
[1621542932.36264, 1621542933.518518]
[1621542932.1483843, 1621542933.3032837]
[1621542932.4537504, 1621542933.6044528]
[1621542932.026127, 1621542933.1651204]
[1621542932.5653524, 1621542933.7672555]
[1621542932.6850243, 1621542933.8011227]
[1621542932.3366864, 1621542933.4879348]
[1621542932.3050177, 1621542933.4582896]
[1621542932.3300552, 1621542933.4768088]
[1621542932.7451804, 1621542933.8985019]
[1621542932.7135746, 1621542933.8634362]
[1621542932.9314842, 1621542934.0717978]
[1621542932.3469849, 1621542933.474413]
[1621542932.6332157, 1621542933.763083]
[1621542932.3978565, 1621542933.50428]
[1621542933.1121075, 1621542934.2800817]
[1621542932.7369177, 1621542933.872842]
[1621542932.240923, 1621542933.3735788]
[1621542933.183745, 1621542934.310176]
[1621542932.81704, 1621542933.9469016]
[1621542933.3457747, 1621542934.4957082]
[1621542933.5183616, 1621542934.6121945]
[1621542933.1962276, 1621542934.342087]
[1621542933.7754207, 1621542934.928444]
[1621542933.3866293, 1621542934.519662]
[1621542933.2225325, 1621542934.3591075]
[1621542934.0329802, 1621542935.155114]
[1621542933.366883, 1621542934.512802]
[1621542933.8959084, 1621542935.0536249]
[1621542933.5646248, 1621542934.7410972]
[1621542933.0427814, 1621542934.2253237]
[1621542933.4299338, 1621542934.5284927]
[1621542933.8103797, 1621542934.9230037]
[1621542933.5188262, 1621542934.6893363]
[1621542933.7767434, 1621542934.9111135]
[1621542934.4362354, 1621542935.5791965]
[1621542933.829275, 1621542934.9615903]
[1621542933.7945454, 1621542934.9630346]
[1621542933.8529344, 1621542935.0018835]
[1621542934.0403194, 1621542935.1804764]
[1621542934.2493718, 1621542935.4020376]
[1621542934.110847, 1621542935.2423356]
[1621542934.1116307, 1621542935.2695506]
[1621542934.1843321, 1621542935.2635994]
[1621542934.5536425, 1621542935.6551306]
[1621542934.8123693, 1621542935.9635465]
[1621542934.422541, 1621542935.5526056]
[1621542934.5765715, 1621542935.7228408]
[1621542934.6815755, 1621542935.8210785]
[1621542935.1731608, 1621542936.2890139]
[1621542934.697427, 1621542935.8576784]
[1621542934.5675547, 1621542935.698638]
[1621542934.6535137, 1621542935.7631152]
[1621542934.7288032, 1621542935.8910398]
[1621542934.8156297, 1621542935.9519722]
[1621542934.7090964, 1621542935.8394475]
[1621542935.0872939, 1621542936.2313552]
[1621542934.9441178, 1621542936.1184468]
[1621542934.8093784, 1621542935.9621074]
[1621542935.0052946, 1621542936.1288726]
[1621542935.429165, 1621542936.5746095]
[1621542935.065072, 1621542936.1925123]
[1621542935.861796, 1621542937.0023656]
[1621542935.6254728, 1621542936.760997]
[1621542935.0748198, 1621542936.2162025]
[1621542935.2221608, 1621542936.3675916]
[1621542936.0052905, 1621542937.1576362]
[1621542935.285497, 1621542936.4304025]
[1621542935.8942926, 1621542937.0572596]
[1621542935.8919919, 1621542937.0499015]
[1621542936.167828, 1621542937.3160515]
[1621542935.600279, 1621542936.7392702]
[1621542936.0765064, 1621542937.2443736]
[1621542936.0464797, 1621542937.2234812]
[1621542936.1350625, 1621542937.2540505]
[1621542936.217657, 1621542937.3495321]
[1621542936.1276712, 1621542937.2771716]
[1621542936.2980058, 1621542937.4211197]
[1621542936.3584, 1621542937.490131]
[1621542936.2424827, 1621542937.3911493]
[1621542936.2590487, 1621542937.4315004]
[1621542936.790324, 1621542937.935114]
[1621542936.6940892, 1621542937.8482952]
[1621542936.1578362, 1621542937.2576258]
[1621542936.3619425, 1621542937.4755163]
[1621542936.9857163, 1621542938.1120656]
[1621542935.969141, 1621542937.137954]
[1621542936.6235936, 1621542937.773232]
[1621542937.2850325, 1621542938.4600756]
[1621542937.1157463, 1621542938.2611303]
[1621542937.145223, 1621542938.2999773]
[1621542936.9868162, 1621542938.112562]
[1621542936.8067808, 1621542937.9525156]
[1621542937.0612447, 1621542938.234145]
[1621542937.092506, 1621542938.2195308]
[1621542937.387721, 1621542938.5341413]
[1621542936.7938833, 1621542937.927954]
[1621542936.9433765, 1621542938.0290294]
[1621542937.5347874, 1621542938.6689951]
[1621542936.9763138, 1621542938.1079807]
[1621542938.036511, 1621542939.1269448]
[1621542937.0664577, 1621542938.2091842]
[1621542937.9625304, 1621542939.1161482]
[1621542937.8218355, 1621542938.9725873]
[1621542937.7621553, 1621542938.8798501]
[1621542937.2347894, 1621542938.3739874]
[1621542937.5744593, 1621542938.6702504]
[1621542937.7839177, 1621542938.9420693]
[1621542937.7919548, 1621542938.9333076]
[1621542937.3739173, 1621542938.5329158]
[1621542937.7465417, 1621542938.9075847]
[1621542938.198262, 1621542939.324719]
[1621542938.0847955, 1621542939.249946]
[1621542937.7963278, 1621542938.966887]
[1621542937.8065042, 1621542938.9389708]
[1621542938.141772, 1621542939.2845054]
[1621542938.2233088, 1621542939.3664668]
[1621542938.1147342, 1621542939.2484152]
[1621542938.2043302, 1621542939.350927]
[1621542938.3805513, 1621542939.5264938]
[1621542938.3957486, 1621542939.526045]
[1621542938.630437, 1621542939.7648466]
[1621542938.0915837, 1621542939.221839]
[1621542938.4402997, 1621542939.5879092]
[1621542938.3777788, 1621542939.5362155]
[1621542938.3891196, 1621542939.5223088]
[1621542937.916933, 1621542939.0613317]
[1621542938.3069727, 1621542939.4681733]
[1621542938.9582608, 1621542940.1123128]
[1621542938.4054906, 1621542939.524389]
[1621542938.3554535, 1621542939.5262554]
[1621542938.5521648, 1621542939.6918976]
[1621542938.644046, 1621542939.7962537]
[1621542938.4422283, 1621542939.591486]
[1621542938.7251022, 1621542939.8609247]
[1621542938.7487092, 1621542939.8617206]
[1621542938.8188846, 1621542939.9575248]
[1621542938.8530633, 1621542939.9527457]
[1621542939.089977, 1621542940.2097962]
[1621542939.1869097, 1621542940.2692585]
[1621542938.6890202, 1621542939.790943]
[1621542938.8895383, 1621542940.0026839]
[1621542938.9119549, 1621542940.0723972]
[1621542939.26101, 1621542940.405475]
[1621542938.892643, 1621542940.021798]
[1621542939.0431428, 1621542940.1960027]
[1621542939.0995357, 1621542940.2290313]
[1621542939.504479, 1621542940.6712973]
[1621542939.067821, 1621542940.2059624]
[1621542939.0618494, 1621542940.1639445]
[1621542939.6004868, 1621542940.7485611]
[1621542939.5510848, 1621542940.8273094]
[1621542939.6103914, 1621542940.8145611]
[1621542939.5807407, 1621542940.7080827]
[1621542939.5762067, 1621542940.7310474]
[1621542939.6506448, 1621542940.7821612]
[1621542939.3759027, 1621542940.5515945]
[1621542939.92511, 1621542941.0618906]
[1621542940.4943202, 1621542941.6389205]
[1621542940.4397564, 1621542941.5830946]
[1621542940.4814324, 1621542941.6461518]
[1621542939.423932, 1621542940.5355198]
[1621542939.776885, 1621542940.9098463]
[1621542939.5964897, 1621542940.7507098]
[1621542939.4076085, 1621542940.5553558]
[1621542940.6843357, 1621542941.8446367]
[1621542939.8612623, 1621542941.0122638]
[1621542939.9013927, 1621542941.019139]
[1621542939.9439695, 1621542941.0482082]
[1621542940.238784, 1621542941.364891]
[1621542940.0105474, 1621542941.1308165]
[1621542940.5690238, 1621542941.725807]
[1621542940.0852294, 1621542941.2219768]
[1621542940.4461758, 1621542941.5230386]
[1621542940.5278518, 1621542941.6260157]
[1621542940.2580905, 1621542941.3817089]
[1621542940.085165, 1621542941.2205834]
[1621542941.0851457, 1621542942.1830196]
[1621542940.6305122, 1621542941.7555401]
[1621542940.5137513, 1621542941.6706429]
[1621542940.696132, 1621542941.8293142]
[1621542940.0632403, 1621542941.1940281]
[1621542940.6852512, 1621542941.832006]
[1621542941.2408824, 1621542942.3727787]
[1621542940.495279, 1621542941.5977726]
[1621542940.8404572, 1621542942.0579083]
[1621542940.8921452, 1621542942.0322187]
[1621542941.3665216, 1621542942.5235412]
[1621542940.6244977, 1621542941.8101707]
[1621542941.1117022, 1621542942.2453542]
[1621542941.4134378, 1621542942.5594382]
[1621542941.8735871, 1621542943.0493748]
[1621542941.5090287, 1621542942.6523087]
[1621542941.6217403, 1621542942.7153811]
[1621542941.4967365, 1621542942.6213646]
[1621542941.043061, 1621542942.175354]
[1621542941.0450916, 1621542942.216183]
[1621542941.444684, 1621542942.604143]
[1621542940.9529562, 1621542942.0777528]
[1621542940.938635, 1621542942.0753272]
[1621542941.1864614, 1621542942.3130891]
[1621542941.0823774, 1621542942.2197692]
[1621542941.8173158, 1621542942.9811366]
[1621542941.290604, 1621542942.4131231]
[1621542941.6544876, 1621542942.7897782]
[1621542941.2541769, 1621542942.3864589]
[1621542941.5048943, 1621542942.6559074]
[1621542941.581131, 1621542942.664967]
[1621542941.74097, 1621542942.9240656]
[1621542941.789721, 1621542942.9031663]
[1621542941.8364568, 1621542942.991643]
[1621542941.622799, 1621542942.768019]
[1621542941.7400405, 1621542942.8891366]
[1621542942.0422678, 1621542943.1793213]
[1621542941.9357715, 1621542943.0675144]
[1621542942.4772563, 1621542943.6069517]
[1621542942.4944394, 1621542943.6487958]
[1621542942.4494445, 1621542943.575575]
[1621542941.4963756, 1621542942.6606925]
[1621542941.9631722, 1621542943.054756]
[1621542942.307534, 1621542943.4533532]
[1621542942.192648, 1621542943.2899663]
[1621542942.7073035, 1621542943.8117096]
[1621542942.222994, 1621542943.373774]
[1621542942.0141807, 1621542943.1447074]
[1621542942.668976, 1621542943.8559263]
[1621542942.5808527, 1621542943.708624]
[1621542942.134159, 1621542943.250229]
[1621542943.0308695, 1621542944.3027172]
[1621542941.7437103, 1621542942.8916037]
[1621542943.2279394, 1621542944.3850563]
[1621542943.1952481, 1621542944.3343198]
[1621542942.7821727, 1621542943.9237523]
[1621542942.9754558, 1621542944.1191206]
[1621542943.2795444, 1621542944.4027207]
[1621542943.1461759, 1621542944.2775388]
[1621542942.5420864, 1621542943.7093449]
[1621542942.7294812, 1621542943.822428]
[1621542943.5600142, 1621542944.7041628]
[1621542943.2238822, 1621542944.3547225]
[1621542942.9166172, 1621542944.0411084]
[1621542943.537005, 1621542944.6907911]
[1621542943.225497, 1621542944.330072]
[1621542943.6710627, 1621542944.814275]
[1621542943.6843395, 1621542944.8233442]
[1621542943.4877563, 1621542944.6323652]
[1621542943.6911879, 1621542944.8364072]
[1621542943.95398, 1621542945.1038218]
[1621542943.736964, 1621542944.860858]
[1621542943.7194545, 1621542944.8684678]
[1621542943.984528, 1621542945.1276777]
[1621542943.8121839, 1621542944.9526236]
[1621542944.1753047, 1621542945.3503506]
[1621542943.9639525, 1621542945.053083]
[1621542943.4400756, 1621542944.5960526]
[1621542943.3463407, 1621542944.4507883]
[1621542943.9617565, 1621542945.0604675]
[1621542943.876562, 1621542945.0280678]
[1621542944.0669918, 1621542945.2032015]
[1621542943.802479, 1621542944.931976]
[1621542944.2180693, 1621542945.3735964]
[1621542943.7426872, 1621542944.8929617]
[1621542943.9967499, 1621542945.1161025]
[1621542944.7030628, 1621542945.8442383]
[1621542944.4848356, 1621542945.6029196]
[1621542944.5554702, 1621542945.724336]
[1621542944.0685785, 1621542945.2111661]
[1621542943.0392241, 1621542944.1812465]
[1621542944.5896688, 1621542945.7515144]
[1621542944.6864698, 1621542945.8192542]
[1621542944.5223722, 1621542945.6460216]
[1621542944.595917, 1621542945.8011672]
[1621542944.2331579, 1621542945.3519118]
[1621542944.8910315, 1621542946.0180051]
[1621542944.8845723, 1621542946.014168]
[1621542944.6061015, 1621542945.7575748]
[1621542944.9537754, 1621542946.0794473]
[1621542945.0139751, 1621542946.1905258]
[1621542944.657447, 1621542945.821909]
[1621542944.3468642, 1621542945.4841392]
[1621542945.1814508, 1621542946.3180406]
[1621542944.9205506, 1621542946.0640926]
[1621542944.773315, 1621542945.901396]
[1621542944.7714355, 1621542945.9213166]
[1621542944.8595955, 1621542946.008578]
[1621542944.589073, 1621542945.6825864]
[1621542945.4369915, 1621542946.5826614]
[1621542943.998064, 1621542945.1291425]
[1621542945.0803049, 1621542946.1860228]
[1621542944.6194928, 1621542945.747065]
[1621542946.0413728, 1621542947.1976054]
[1621542945.2237554, 1621542946.347782]
[1621542945.8785446, 1621542947.023843]
[1621542945.317023, 1621542946.4563887]
[1621542945.7461984, 1621542946.9199755]
[1621542945.823252, 1621542946.9537253]
[1621542944.8819318, 1621542946.0348241]
[1621542945.819976, 1621542946.9730387]
[1621542945.5656998, 1621542946.7611346]
[1621542945.682097, 1621542946.7841787]
[1621542945.9503026, 1621542947.0808444]
[1621542946.333267, 1621542947.4878654]
[1621542946.3531241, 1621542947.4692419]
[1621542945.6760488, 1621542946.7961507]
[1621542946.5408175, 1621542947.6327326]
[1621542946.3926654, 1621542947.6066358]
[1621542946.042938, 1621542947.1740618]
[1621542946.0254307, 1621542947.1511376]
[1621542946.169699, 1621542947.3205938]
[1621542945.9445205, 1621542947.0966735]
[1621542946.1437862, 1621542947.2618883]
[1621542946.253649, 1621542947.3441012]
[1621542946.3937438, 1621542947.5234795]
[1621542946.4503343, 1621542947.5727243]
[1621542945.4997442, 1621542946.6651528]
[1621542945.5853972, 1621542946.7147086]
[1621542946.5413117, 1621542947.6525455]
[1621542946.5498805, 1621542947.6952908]
[1621542946.3937132, 1621542947.5548887]
[1621542945.9886522, 1621542947.1980984]
[1621542945.5362911, 1621542946.657145]
[1621542946.6547933, 1621542947.8009934]
[1621542947.0220137, 1621542948.1503918]
[1621542946.9103734, 1621542947.9874678]
[1621542946.725774, 1621542947.849315]
[1621542946.6847794, 1621542947.8415444]
[1621542946.810097, 1621542947.9414532]
[1621542946.831657, 1621542947.987926]
[1621542947.1094885, 1621542948.2566473]
[1621542947.225471, 1621542948.4408693]
[1621542947.017754, 1621542948.1567478]
[1621542946.2517893, 1621542947.3843772]
[1621542947.1891334, 1621542948.3151882]
[1621542947.2278538, 1621542948.388818]
[1621542946.8294373, 1621542947.9401338]
[1621542947.16712, 1621542948.301364]
[1621542947.102865, 1621542948.2304058]
[1621542947.3241477, 1621542948.4935505]
[1621542946.6876042, 1621542947.805026]
[1621542947.2958217, 1621542948.4610758]
[1621542947.3274486, 1621542948.4602325]
[1621542947.7016516, 1621542948.8659432]
[1621542947.2852902, 1621542948.4098976]
[1621542948.1612012, 1621542949.2899737]
[1621542947.7587543, 1621542948.9009445]
[1621542946.9544854, 1621542948.1146924]
[1621542947.4412997, 1621542948.585768]
[1621542947.7390656, 1621542948.8759532]
[1621542947.9975772, 1621542949.155542]
[1621542948.0010407, 1621542949.098913]
[1621542948.1109166, 1621542949.2509995]
[1621542948.0928965, 1621542949.1871147]
[1621542948.5544767, 1621542949.7102664]
[1621542948.398161, 1621542949.568278]
[1621542948.250726, 1621542949.3923428]
[1621542948.1832507, 1621542949.3291287]
[1621542948.06971, 1621542949.1925898]
[1621542948.4403975, 1621542949.564807]
[1621542948.6384087, 1621542949.7837477]
[1621542948.2761612, 1621542949.4537935]
[1621542946.5218763, 1621542947.6527064]
[1621542948.8533502, 1621542949.9493997]
[1621542948.696091, 1621542949.824857]
[1621542948.1868432, 1621542949.341851]
[1621542948.2229984, 1621542949.380249]
[1621542948.4562407, 1621542949.6272056]
[1621542948.6022596, 1621542949.7384925]
[1621542948.2831979, 1621542949.4132488]
[1621542948.7589667, 1621542949.9024832]
[1621542948.5649488, 1621542949.7171865]
[1621542948.9192464, 1621542950.0660453]
[1621542948.662525, 1621542949.7607949]
[1621542948.3001997, 1621542949.4500258]
[1621542948.5787013, 1621542949.7241461]
[1621542948.9867566, 1621542950.129513]
[1621542948.915453, 1621542950.0302997]
[1621542948.7871134, 1621542949.918691]
[1621542948.7248707, 1621542949.8980708]
[1621542948.9982116, 1621542950.1466098]
[1621542948.6140397, 1621542949.733959]
[1621542948.824773, 1621542949.965299]
[1621542949.2142525, 1621542950.336695]
[1621542949.4078174, 1621542950.5765457]
[1621542949.1937323, 1621542950.3545809]
[1621542949.680851, 1621542950.8290482]
[1621542949.5248141, 1621542950.599038]
[1621542948.949595, 1621542950.0914786]
[1621542949.2879815, 1621542950.4156935]
[1621542948.6736157, 1621542949.8066416]
[1621542949.0079033, 1621542950.1142552]
[1621542949.7329247, 1621542950.8702266]
[1621542949.0201228, 1621542950.1590967]
[1621542949.441007, 1621542950.5733488]
[1621542949.4086642, 1621542950.538816]
[1621542949.6530778, 1621542950.8172665]
[1621542949.669042, 1621542950.8201854]
[1621542949.5331798, 1621542950.6070068]
[1621542949.4035563, 1621542950.5443952]
[1621542949.0368426, 1621542950.1466212]
[1621542949.4335182, 1621542950.550614]
[1621542949.878616, 1621542951.006987]
[1621542949.6851861, 1621542950.8074756]
[1621542949.6870422, 1621542950.7796881]
[1621542949.791478, 1621542950.9106762]
[1621542949.7813897, 1621542950.9559505]
[1621542949.4923215, 1621542950.6351337]
[1621542949.3996668, 1621542950.5209427]
[1621542949.503124, 1621542950.6506186]
[1621542950.400357, 1621542951.5118418]
[1621542949.7656229, 1621542950.8625705]
[1621542950.5568194, 1621542951.6719065]
[1621542950.2909963, 1621542951.4256606]
[1621542950.5612142, 1621542951.7131174]
[1621542949.3346746, 1621542950.4703784]
[1621542950.4740987, 1621542951.6016507]
[1621542950.0936735, 1621542951.211802]
[1621542950.0872767, 1621542951.2170076]
[1621542950.658934, 1621542951.806321]
[1621542950.5430932, 1621542951.6687822]
[1621542950.6149306, 1621542951.69043]
[1621542950.3798227, 1621542951.5436025]
[1621542950.5649598, 1621542951.7210755]
[1621542950.7718816, 1621542951.8584933]
[1621542949.790174, 1621542950.9172308]
[1621542950.8048553, 1621542951.956997]
[1621542949.9870374, 1621542951.083108]
[1621542950.1165802, 1621542951.2617052]
[1621542950.3266044, 1621542951.506737]
[1621542949.982146, 1621542951.1092827]
[1621542951.0751133, 1621542952.2289288]
[1621542950.4002078, 1621542951.523197]
[1621542950.9144104, 1621542952.033855]
[1621542950.8901904, 1621542952.0410721]
[1621542951.124169, 1621542952.2654753]
[1621542950.8128145, 1621542951.9307303]
[1621542950.8219395, 1621542951.9252954]
[1621542950.6727812, 1621542951.8229]
[1621542951.3100736, 1621542952.475728]
[1621542951.3144586, 1621542952.457151]
[1621542950.7868385, 1621542951.8737578]
[1621542951.1905265, 1621542952.3668754]
[1621542951.4261458, 1621542952.5644379]
[1621542951.6951833, 1621542952.823664]
[1621542951.3283405, 1621542952.4542162]
[1621542951.4167204, 1621542952.5736809]
[1621542951.3969119, 1621542952.5219493]
[1621542951.1057403, 1621542952.2343895]
[1621542951.3005223, 1621542952.4383104]
[1621542951.8125591, 1621542952.9456909]
[1621542951.407098, 1621542952.5588322]
[1621542951.5953708, 1621542952.7711759]
[1621542951.628212, 1621542952.75941]
[1621542951.3427885, 1621542952.441942]
[1621542951.7483528, 1621542952.8922913]
[1621542951.6924706, 1621542952.8211768]
[1621542951.7361228, 1621542952.8865645]
[1621542951.7399163, 1621542952.8538353]
[1621542951.705453, 1621542952.786547]
[1621542951.913355, 1621542953.0041661]
[1621542951.715027, 1621542952.8315196]
[1621542951.7902243, 1621542952.9320686]
[1621542951.7973542, 1621542952.9297576]
[1621542951.753778, 1621542952.8979485]
[1621542951.7941673, 1621542952.9031456]
[1621542952.0532925, 1621542953.1804786]
[1621542952.1069906, 1621542953.2718031]
[1621542951.8199575, 1621542952.9656153]
[1621542951.969961, 1621542953.1214652]
[1621542951.733342, 1621542952.8520706]
[1621542952.0468512, 1621542953.1767247]
[1621542952.21025, 1621542953.3660834]
[1621542952.0751522, 1621542953.2091799]
[1621542951.9160824, 1621542952.9911573]
[1621542952.0992022, 1621542953.196068]
[1621542952.5766745, 1621542953.7128177]
[1621542952.7244587, 1621542953.8809335]
[1621542952.8581328, 1621542953.995952]
[1621542952.4532712, 1621542953.5445607]
[1621542952.4642944, 1621542953.6128516]
[1621542952.6050916, 1621542953.730269]
[1621542952.7999573, 1621542953.885453]
[1621542952.725977, 1621542953.870515]
[1621542952.7755706, 1621542953.9617722]
[1621542952.5896332, 1621542953.7265139]
[1621542952.587399, 1621542953.7339864]
[1621542952.6674962, 1621542953.8044736]
[1621542952.956227, 1621542954.090445]
[1621542952.816681, 1621542953.9563828]
[1621542952.9905508, 1621542954.1378043]
[1621542952.8174913, 1621542953.959541]
[1621542953.3145978, 1621542954.461877]
[1621542953.1657898, 1621542954.32922]
[1621542952.7698882, 1621542953.9229949]
[1621542953.3227222, 1621542954.46356]
[1621542953.6059709, 1621542954.7014568]
[1621542953.418351, 1621542954.5510583]
[1621542953.3440151, 1621542954.460137]
[1621542953.3938816, 1621542954.5810628]
[1621542953.1940122, 1621542954.317631]
[1621542953.1653316, 1621542954.2569005]
[1621542953.2283087, 1621542954.3929598]
[1621542953.245548, 1621542954.3448458]
[1621542953.9984899, 1621542955.133216]
[1621542953.3532724, 1621542954.4851768]
[1621542953.9102688, 1621542954.9872768]
[1621542954.1879847, 1621542955.3360267]
[1621542953.6772919, 1621542954.8141935]
[1621542954.0910366, 1621542955.2434764]
[1621542953.9694066, 1621542955.113608]
[1621542953.9851444, 1621542955.130483]
[1621542953.6722093, 1621542954.8008106]
[1621542954.04538, 1621542955.1675267]
[1621542954.3517203, 1621542955.454092]
[1621542954.471683, 1621542955.607519]
[1621542954.4067035, 1621542955.5310173]
[1621542954.2471821, 1621542955.388525]
[1621542954.1979644, 1621542955.3364692]
[1621542953.7825627, 1621542954.9413772]
[1621542953.9925802, 1621542955.1060078]
[1621542954.1345203, 1621542955.2838767]
[1621542954.3444433, 1621542955.5232325]
[1621542954.8504407, 1621542955.9600215]
[1621542954.7965212, 1621542955.948335]
[1621542954.732518, 1621542955.870633]
[1621542954.8169594, 1621542955.9450066]
[1621542954.695681, 1621542955.8234043]
[1621542954.9556599, 1621542956.1115708]
[1621542954.7386103, 1621542955.8856184]
[1621542955.0250676, 1621542956.200525]
[1621542954.7816172, 1621542955.8635855]
[1621542954.4463818, 1621542955.5402935]
[1621542954.6765258, 1621542955.8659532]
[1621542955.0032208, 1621542956.0785763]
[1621542955.04613, 1621542956.1865826]
[1621542954.731557, 1621542955.8248444]
[1621542954.4056532, 1621542955.5457218]
[1621542955.200179, 1621542956.3412547]
[1621542955.1453004, 1621542956.2779918]
[1621542955.2994056, 1621542956.435036]
[1621542955.1983445, 1621542956.338882]
[1621542955.184781, 1621542956.294354]
[1621542956.2250586, 1621542957.3622236]
[1621542955.6820984, 1621542956.8046076]
[1621542955.3453274, 1621542956.4886613]
[1621542955.179457, 1621542956.315325]
[1621542955.30406, 1621542956.4444766]
[1621542955.1657681, 1621542956.3262832]
[1621542955.401654, 1621542956.5408297]
[1621542956.0652127, 1621542957.1747508]
[1621542955.6232927, 1621542956.7782218]
[1621542955.2902884, 1621542956.442388]
[1621542956.1202955, 1621542957.2702549]
[1621542955.7263625, 1621542956.8859994]
[1621542955.4069064, 1621542956.5504696]
[1621542955.1712706, 1621542956.315733]
[1621542955.6120784, 1621542956.704917]
[1621542956.1425273, 1621542957.2108393]
[1621542955.5809982, 1621542956.7118785]
[1621542956.080375, 1621542957.2373037]
[1621542956.202404, 1621542957.3503363]
[1621542956.2340589, 1621542957.3957658]
[1621542956.2484157, 1621542957.3381145]
[1621542956.3301783, 1621542957.4802125]
[1621542956.2683337, 1621542957.3745503]
[1621542956.4381185, 1621542957.5753958]
[1621542956.1520884, 1621542957.3090117]
[1621542955.7349498, 1621542956.83571]
[1621542956.2154872, 1621542957.3479648]
[1621542956.6542685, 1621542957.804273]
[1621542956.5360563, 1621542957.6782472]
[1621542956.6168447, 1621542957.7595382]
[1621542956.342749, 1621542957.4750626]
[1621542956.1650066, 1621542957.309095]
[1621542956.7213452, 1621542957.8818958]
[1621542956.8399992, 1621542957.966872]
[1621542957.1093628, 1621542958.2476175]
[1621542956.634784, 1621542957.7673593]
[1621542957.168931, 1621542958.3144352]
[1621542956.4267814, 1621542957.5764914]
[1621542956.3405082, 1621542957.4904604]
[1621542956.7040737, 1621542957.8385363]
[1621542956.9289, 1621542958.078512]
[1621542956.8507428, 1621542957.954396]
[1621542956.8552854, 1621542958.0020194]
[1621542957.2210999, 1621542958.3039813]
[1621542957.0125635, 1621542958.1033025]
[1621542957.0630054, 1621542958.220738]
[1621542957.024597, 1621542958.1571515]
[1621542957.133323, 1621542958.258888]
[1621542957.3180904, 1621542958.4617686]
[1621542957.1653452, 1621542958.2906656]
[1621542957.6143446, 1621542958.783511]
[1621542957.6844134, 1621542958.875619]
[1621542957.0938969, 1621542958.220232]
[1621542957.4042253, 1621542958.548269]
[1621542957.3805773, 1621542958.4707453]
[1621542958.1691432, 1621542959.3235579]
[1621542957.5357025, 1621542958.6868396]
[1621542957.5619822, 1621542958.7106888]
[1621542957.2933393, 1621542958.4384718]
[1621542958.1259823, 1621542959.253992]
[1621542958.0974653, 1621542959.2451787]
[1621542957.5627916, 1621542958.775387]
[1621542957.781642, 1621542958.9300735]
[1621542957.6705058, 1621542958.8094804]
[1621542957.7633495, 1621542958.8771381]
[1621542957.7137432, 1621542958.8818288]
[1621542957.7056804, 1621542958.8475828]
[1621542958.0960107, 1621542959.2673898]
[1621542958.0985124, 1621542959.2571523]
[1621542958.5841558, 1621542959.7708328]
[1621542957.465155, 1621542958.6035137]
[1621542958.1764421, 1621542959.3131876]
[1621542957.7947822, 1621542958.9519372]
[1621542958.1106555, 1621542959.2022364]
[1621542958.3652985, 1621542959.442801]
[1621542958.1265435, 1621542959.2532833]
[1621542958.4164517, 1621542959.539069]
[1621542957.9718893, 1621542959.0950646]
[1621542958.4368033, 1621542959.5668437]
[1621542957.990819, 1621542959.1195734]
[1621542958.3237264, 1621542959.4494386]
[1621542957.908286, 1621542959.029043]
[1621542958.2178147, 1621542959.3164325]
[1621542958.0603714, 1621542959.2451873]
[1621542958.1398616, 1621542959.247019]
[1621542958.2921767, 1621542959.4184203]
[1621542958.950989, 1621542960.0902376]
[1621542958.9429033, 1621542960.0876403]
[1621542958.8972604, 1621542960.0495799]
[1621542958.9123611, 1621542960.0650446]
[1621542958.914661, 1621542960.0980546]
[1621542959.1031263, 1621542960.227051]
[1621542959.604084, 1621542960.717391]
[1621542959.1043417, 1621542960.2040033]
[1621542958.5234442, 1621542959.621402]
[1621542959.2321959, 1621542960.335946]
[1621542959.104873, 1621542960.2462928]
[1621542959.3901143, 1621542960.5205271]
[1621542959.537288, 1621542960.6105702]
[1621542959.1287284, 1621542960.2558515]
[1621542959.2512236, 1621542960.4075904]
[1621542959.5849497, 1621542960.712594]
[1621542959.523882, 1621542960.6531916]
[1621542959.8733373, 1621542961.014069]
[1621542959.5564651, 1621542960.6943376]
[1621542959.6551504, 1621542960.7574656]
[1621542959.8662918, 1621542960.9773436]
[1621542959.7768147, 1621542960.9648228]
[1621542959.9387486, 1621542961.0715535]
[1621542960.033838, 1621542961.1758513]
[1621542959.9742813, 1621542961.1002412]
[1621542959.8734846, 1621542961.0455472]
[1621542960.6754348, 1621542961.8072813]
[1621542960.3224628, 1621542961.443792]
[1621542959.9957771, 1621542961.152505]
[1621542960.0632253, 1621542961.1996722]
[1621542960.0857692, 1621542961.2533576]
[1621542960.0997872, 1621542961.2497284]
[1621542959.5888743, 1621542960.7106228]
[1621542960.39876, 1621542961.503058]
[1621542960.1188676, 1621542961.2628407]
[1621542959.9916093, 1621542961.1025121]
[1621542960.0319707, 1621542961.168225]
[1621542960.363726, 1621542961.459216]
[1621542960.753827, 1621542961.869361]
[1621542960.1325667, 1621542961.275184]
[1621542960.3223536, 1621542961.4867573]
[1621542960.455998, 1621542961.5987031]
[1621542960.461144, 1621542961.611773]
[1621542960.421188, 1621542961.5647755]
[1621542960.4372938, 1621542961.584444]
[1621542960.5399623, 1621542961.6663265]
[1621542960.254991, 1621542961.3936095]
[1621542960.6174655, 1621542961.693659]
[1621542960.9463007, 1621542962.0661645]
[1621542960.4415963, 1621542961.624577]
[1621542960.8676317, 1621542962.0431206]
[1621542960.9831243, 1621542962.0807285]
[1621542960.1127725, 1621542961.2645433]
[1621542960.9413507, 1621542962.0745387]
[1621542960.991459, 1621542962.1925566]
[1621542961.345229, 1621542962.4937682]
[1621542961.064859, 1621542962.217674]
[1621542961.0485923, 1621542962.1973486]
[1621542960.805172, 1621542961.9162176]
[1621542961.131024, 1621542962.243433]
[1621542961.4326694, 1621542962.5906227]
[1621542961.2686746, 1621542962.4303617]
[1621542961.160472, 1621542962.3041673]
[1621542961.3200922, 1621542962.47279]
[1621542960.9998748, 1621542962.1147418]
[1621542961.2604735, 1621542962.3873382]
[1621542961.2408402, 1621542962.3751457]
[1621542961.2407649, 1621542962.410791]
[1621542961.613134, 1621542962.7605965]
[1621542961.1471741, 1621542962.2867043]
[1621542961.340065, 1621542962.5114746]
[1621542961.484135, 1621542962.5775647]
[1621542961.542257, 1621542962.6515574]
[1621542961.2113893, 1621542962.3534214]
[1621542960.9601772, 1621542962.1133358]
[1621542961.819283, 1621542962.9535701]
[1621542961.664842, 1621542962.8113236]
[1621542962.1443486, 1621542963.2724473]
[1621542962.199796, 1621542963.3949556]
[1621542962.1290636, 1621542963.2809513]
[1621542962.0328696, 1621542963.1697636]
[1621542961.8457577, 1621542962.9563746]
[1621542962.1512723, 1621542963.2692044]
[1621542962.0610278, 1621542963.1940343]
[1621542962.2408109, 1621542963.3749247]
[1621542961.9314966, 1621542963.0240502]
[1621542962.304631, 1621542963.4305968]
[1621542962.3531613, 1621542963.4924605]
[1621542962.2241824, 1621542963.394597]
[1621542962.1074185, 1621542963.203654]
[1621542962.2954164, 1621542963.4358273]
[1621542962.14242, 1621542963.2900963]
[1621542962.5568292, 1621542963.7183163]
[1621542962.2854779, 1621542963.3961186]
[1621542962.329748, 1621542963.479652]
[1621542962.5458903, 1621542963.7002063]
[1621542962.8800426, 1621542963.9771848]
[1621542962.38043, 1621542963.5133967]
[1621542962.570705, 1621542963.7488627]
[1621542962.4064274, 1621542963.5074077]
[1621542962.3074589, 1621542963.4801862]
[1621542962.5674381, 1621542963.717956]
[1621542962.6731956, 1621542963.7763555]
[1621542963.052246, 1621542964.1883554]
[1621542962.8080263, 1621542963.955403]
[1621542962.97805, 1621542964.0619078]
[1621542962.8625433, 1621542964.0123737]
[1621542963.0898707, 1621542964.2459643]
[1621542962.5502064, 1621542963.6885078]
[1621542962.7307806, 1621542963.878939]
[1621542962.9197054, 1621542964.0617287]
[1621542962.986224, 1621542964.1412213]
[1621542963.0669804, 1621542964.198316]
[1621542962.9047968, 1621542964.0434368]
[1621542962.940968, 1621542964.0679436]
[1621542963.117595, 1621542964.2714975]
[1621542963.0311599, 1621542964.130775]
[1621542963.192645, 1621542964.3188095]
[1621542963.000118, 1621542964.1252198]
[1621542962.9376345, 1621542964.0569863]
[1621542963.776378, 1621542964.9145894]
[1621542963.657617, 1621542964.7966936]
[1621542963.9438474, 1621542965.0923514]
[1621542964.3671644, 1621542965.53138]
[1621542964.0494366, 1621542965.1890678]
[1621542963.764094, 1621542964.973237]
[1621542964.1174996, 1621542965.207004]
[1621542964.034981, 1621542965.2098556]
[1621542964.0372713, 1621542965.1318076]
[1621542963.7200553, 1621542964.8680627]
[1621542964.1934414, 1621542965.326294]
[1621542964.0784285, 1621542965.2019753]
[1621542963.8772075, 1621542964.985644]
[1621542964.1800485, 1621542965.2709532]
[1621542964.1837494, 1621542965.3125691]
[1621542964.475537, 1621542965.597388]
[1621542963.8991847, 1621542965.0683265]
[1621542964.5501697, 1621542965.6973317]
[1621542963.9140222, 1621542965.0683866]
[1621542964.3005168, 1621542965.4466376]
[1621542964.5329258, 1621542965.6227536]
[1621542964.6400197, 1621542965.8033757]
[1621542964.4886248, 1621542965.6266975]
[1621542964.6432164, 1621542965.8055522]
[1621542964.367021, 1621542965.493893]
[1621542964.4519303, 1621542965.6008186]
[1621542964.2265365, 1621542965.3560383]
[1621542964.6450965, 1621542965.8014877]
[1621542964.5889077, 1621542965.7147815]
[1621542964.5374396, 1621542965.7061763]
[1621542964.5911415, 1621542965.7239294]
[1621542964.1613562, 1621542965.2911987]
[1621542964.7281587, 1621542965.8533635]
[1621542964.6336014, 1621542965.7453063]
[1621542964.941144, 1621542966.078773]
[1621542964.8299465, 1621542966.0100849]
[1621542964.72067, 1621542965.8537712]
[1621542964.9352798, 1621542966.0871205]
[1621542964.69935, 1621542965.8423615]
[1621542964.8846116, 1621542966.0237992]
[1621542964.5626762, 1621542965.7569354]
[1621542965.483976, 1621542966.572301]
[1621542965.3957448, 1621542966.5459373]
[1621542965.066402, 1621542966.177528]
[1621542965.3755784, 1621542966.508353]
[1621542965.3400493, 1621542966.4732728]
[1621542965.2939816, 1621542966.414905]
[1621542965.5821712, 1621542966.719668]
[1621542965.4322548, 1621542966.5868268]
[1621542965.725198, 1621542966.8413482]
[1621542965.5548627, 1621542966.6694791]
[1621542965.2533996, 1621542966.394888]
[1621542965.5809138, 1621542966.7047727]
[1621542965.123098, 1621542966.229117]
[1621542965.6900105, 1621542966.8327372]
[1621542965.4526796, 1621542966.6176655]
[1621542965.8235824, 1621542966.9651585]
[1621542965.8174777, 1621542966.9707055]
[1621542965.9117422, 1621542967.0441632]
[1621542965.705785, 1621542966.8609664]
[1621542965.5370579, 1621542966.67744]
[1621542965.9442713, 1621542967.0703228]
[1621542965.8148112, 1621542966.9814026]
[1621542965.9475076, 1621542967.0993302]
[1621542966.0801327, 1621542967.2637537]
[1621542966.3280418, 1621542967.463634]
[1621542966.0603256, 1621542967.2002764]
[1621542966.0022352, 1621542967.1082473]
[1621542965.812417, 1621542966.9403389]
[1621542966.2489078, 1621542967.3773932]
[1621542966.3958607, 1621542967.547262]
[1621542966.125147, 1621542967.2492628]
[1621542966.0844467, 1621542967.210042]
[1621542966.2668438, 1621542967.3475718]
[1621542966.0959778, 1621542967.225735]
[1621542966.2671156, 1621542967.418058]
[1621542966.4232984, 1621542967.513767]
[1621542966.2446353, 1621542967.386201]
[1621542966.710159, 1621542967.8581386]
[1621542966.786367, 1621542967.9247868]
[1621542966.9405081, 1621542968.0596082]
[1621542966.4429839, 1621542967.610864]
[1621542966.7444763, 1621542967.8862262]
[1621542966.6953022, 1621542967.8612561]
[1621542966.692393, 1621542967.8316183]
[1621542966.4775758, 1621542967.615779]
[1621542966.9000878, 1621542968.049579]
[1621542967.005802, 1621542968.1906815]
[1621542967.27567, 1621542968.4798152]
[1621542966.6755717, 1621542967.8111138]
[1621542967.1894574, 1621542968.293567]
[1621542967.0715156, 1621542968.2125015]
[1621542967.45389, 1621542968.6145153]
[1621542967.5709975, 1621542968.665723]
[1621542967.607696, 1621542968.6952643]
[1621542967.4943533, 1621542968.6373105]
[1621542967.4820178, 1621542968.6332202]
[1621542967.242782, 1621542968.3773344]
[1621542967.5013282, 1621542968.7243037]
[1621542967.5581276, 1621542968.7008896]
[1621542967.0001304, 1621542968.1536934]
[1621542967.671153, 1621542968.822972]
[1621542967.9740677, 1621542969.2346468]
[1621542967.7500703, 1621542968.871753]
[1621542967.8630939, 1621542968.9890957]
[1621542967.7684183, 1621542968.900381]
[1621542967.7993488, 1621542968.9453955]
[1621542967.8472986, 1621542968.9948332]
[1621542968.0924754, 1621542969.2332287]
[1621542967.9692454, 1621542969.0992582]
[1621542967.65375, 1621542968.7889764]
[1621542968.0328858, 1621542969.1834974]
[1621542968.0797164, 1621542969.2001233]
[1621542967.9692836, 1621542969.1240551]
[1621542968.165914, 1621542969.3116014]
[1621542968.2634242, 1621542969.397516]
[1621542968.3117352, 1621542969.4277728]
[1621542968.0216737, 1621542969.1632192]
[1621542968.4038262, 1621542969.554067]
[1621542968.0881088, 1621542969.237239]
[1621542968.104018, 1621542969.2527645]
[1621542968.4508529, 1621542969.5939445]
[1621542968.188492, 1621542969.3276718]
[1621542968.3017774, 1621542969.4590662]
[1621542968.778215, 1621542969.8897743]
[1621542968.4773343, 1621542969.6270247]
[1621542968.5920708, 1621542969.6886802]
[1621542968.577281, 1621542969.7271001]
[1621542968.4691796, 1621542969.558293]
[1621542968.7151635, 1621542969.8380103]
[1621542968.9913428, 1621542970.1335027]
[1621542969.0394225, 1621542970.1894143]
[1621542969.1093028, 1621542970.2339633]
[1621542968.6195447, 1621542969.7693954]
[1621542968.6740627, 1621542969.7679594]
[1621542968.946432, 1621542970.0750916]
[1621542969.2681453, 1621542970.4205754]
[1621542968.5510693, 1621542969.7120755]
[1621542969.1466658, 1621542970.2743142]
[1621542969.162372, 1621542970.3539994]
[1621542969.136619, 1621542970.2728033]
[1621542969.0707881, 1621542970.1920314]
[1621542969.263616, 1621542970.410074]
[1621542969.1902006, 1621542970.315345]
[1621542969.3650172, 1621542970.4933205]
[1621542969.2762523, 1621542970.4434867]
[1621542969.7301445, 1621542970.8810897]
[1621542969.7308974, 1621542970.8558588]
[1621542969.3782861, 1621542970.5420523]
[1621542969.79082, 1621542970.9182785]
[1621542969.9297528, 1621542971.0665543]
[1621542969.9619312, 1621542971.1125948]
[1621542969.8582587, 1621542970.9846387]
[1621542970.0295982, 1621542971.1629922]
[1621542969.9174483, 1621542971.0155041]
[1621542969.7505121, 1621542970.8507533]
[1621542969.9593723, 1621542971.100276]
[1621542970.0047572, 1621542971.1157444]
[1621542969.9435902, 1621542971.0230951]
[1621542970.074915, 1621542971.212767]
[1621542970.0809736, 1621542971.206766]
[1621542969.7906492, 1621542970.8974683]
[1621542970.4731627, 1621542971.683238]
[1621542969.7823145, 1621542970.9270039]
[1621542970.0361323, 1621542971.1653154]
[1621542970.004971, 1621542971.1122215]
[1621542970.3938746, 1621542971.516725]
[1621542970.6151483, 1621542971.764034]
[1621542970.2285445, 1621542971.352648]
[1621542970.393162, 1621542971.5628512]
[1621542970.444416, 1621542971.5885885]
[1621542970.1851532, 1621542971.3288321]
[1621542970.8384125, 1621542971.9695795]
[1621542970.7131898, 1621542971.8894298]
[1621542970.0719335, 1621542971.2319527]
[1621542970.3890898, 1621542971.5386045]
[1621542970.660664, 1621542971.7895832]
[1621542970.9223232, 1621542972.0789707]
[1621542970.858738, 1621542971.948338]
[1621542970.9444344, 1621542972.101658]
[1621542971.1261399, 1621542972.2342699]
[1621542970.942919, 1621542972.0860207]
[1621542970.841936, 1621542971.9777415]
[1621542971.134523, 1621542972.3001897]
[1621542971.0174701, 1621542972.1524124]
[1621542971.352495, 1621542972.4872053]
[1621542971.3991795, 1621542972.5671039]
[1621542971.222726, 1621542972.3629417]
[1621542971.171162, 1621542972.3045034]
[1621542971.262486, 1621542972.4188945]
[1621542971.1489604, 1621542972.259086]
[1621542971.3507214, 1621542972.495337]
[1621542971.108192, 1621542972.2155867]
[1621542971.1919188, 1621542972.319347]
[1621542971.275764, 1621542972.3993878]
[1621542971.107295, 1621542972.2454076]
[1621542970.9059296, 1621542971.997952]
[1621542971.3815122, 1621542972.512889]
[1621542971.0817099, 1621542972.2204936]
[1621542971.8954265, 1621542973.0360236]
[1621542970.7819095, 1621542971.92136]
[1621542971.0979824, 1621542972.1881475]
[1621542971.456717, 1621542972.5970995]
[1621542971.7632575, 1621542972.9516535]
[1621542971.6443143, 1621542972.797185]
[1621542971.6616564, 1621542972.8426645]
[1621542971.107733, 1621542972.2339625]
[1621542971.4965148, 1621542972.6440365]
[1621542972.2810209, 1621542973.4057968]
[1621542971.847066, 1621542972.9782445]
[1621542971.2978196, 1621542972.4013429]
[1621542972.3122861, 1621542973.4403071]
[1621542972.17102, 1621542973.2939165]
[1621542971.432236, 1621542972.5661275]
[1621542972.0670295, 1621542973.161079]
[1621542972.5029519, 1621542973.6509368]
[1621542972.4731581, 1621542973.6416476]
[1621542972.5116813, 1621542973.6305807]
[1621542972.7503624, 1621542973.891201]
[1621542972.7830067, 1621542973.9216797]
[1621542971.9244115, 1621542973.0516078]
[1621542972.7256477, 1621542973.8467953]
[1621542971.9020572, 1621542973.0556111]
[1621542971.8759894, 1621542973.043553]
[1621542972.38464, 1621542973.5121448]
[1621542972.6759744, 1621542973.8217392]
[1621542972.6695075, 1621542973.8012464]
[1621542972.7432623, 1621542973.8675928]
[1621542972.9761355, 1621542974.2288282]
[1621542972.9974856, 1621542974.1258411]
[1621542972.7333045, 1621542973.8176768]
[1621542972.8412387, 1621542973.952472]
[1621542972.9506178, 1621542974.0974321]
[1621542972.754073, 1621542973.9371274]
[1621542972.08248, 1621542973.2160337]
[1621542972.7127492, 1621542973.8468232]
[1621542972.6734974, 1621542973.8236773]
[1621542973.5007615, 1621542974.6604722]
[1621542973.7865257, 1621542974.9137242]
[1621542973.4693465, 1621542974.5985901]
[1621542973.164618, 1621542974.2535772]
[1621542973.4786656, 1621542974.6244903]
[1621542973.7453988, 1621542974.892418]
[1621542972.8243928, 1621542973.9761448]
[1621542973.2407422, 1621542974.3824835]
[1621542973.6267793, 1621542974.7292442]
[1621542973.0833032, 1621542974.2315614]
[1621542973.5908642, 1621542974.7285273]
[1621542973.3192122, 1621542974.4459095]
[1621542973.5114954, 1621542974.6491377]
[1621542973.6845038, 1621542974.8399072]
[1621542973.3267741, 1621542974.477704]
[1621542973.432052, 1621542974.562544]
[1621542973.6280918, 1621542974.701354]
[1621542973.2706788, 1621542974.3889806]
[1621542974.2743535, 1621542975.3670568]
[1621542973.8076103, 1621542974.9434495]
[1621542974.450571, 1621542975.5771327]
[1621542974.545309, 1621542975.6980157]
[1621542973.7866344, 1621542974.9196594]
[1621542974.3584394, 1621542975.5337565]
[1621542973.7843695, 1621542974.9367244]
[1621542973.9167907, 1621542975.0431771]
[1621542974.201139, 1621542975.3293839]
[1621542974.2762685, 1621542975.437861]
[1621542973.9145713, 1621542975.0277896]
[1621542974.3235562, 1621542975.46836]
[1621542973.960484, 1621542975.0729587]
[1621542973.6597419, 1621542974.8046334]
[1621542974.2993996, 1621542975.415953]
[1621542974.253929, 1621542975.4127245]
[1621542974.4798248, 1621542975.6022851]
[1621542973.8597188, 1621542974.9997065]
[1621542974.439047, 1621542975.576037]
[1621542973.7314472, 1621542974.8793864]
[1621542974.4330237, 1621542975.5533593]
[1621542974.5461738, 1621542975.6968808]
[1621542974.3745518, 1621542975.5120983]
[1621542974.6044955, 1621542975.7571833]
[1621542974.6450047, 1621542975.7899299]
[1621542974.8272407, 1621542975.9617245]
[1621542974.9745102, 1621542976.1217737]
[1621542974.5810215, 1621542975.6911788]
[1621542974.8200607, 1621542975.9834545]
[1621542974.6596615, 1621542975.8192387]
[1621542974.647041, 1621542975.8053951]
[1621542975.09577, 1621542976.2209437]
[1621542974.8323917, 1621542975.9604607]
[1621542974.712835, 1621542975.7856858]
[1621542974.7810888, 1621542975.8758526]
[1621542974.9727526, 1621542976.1144447]
[1621542975.7669494, 1621542976.93333]
[1621542975.0788283, 1621542976.1886008]
[1621542975.1872766, 1621542976.304702]
[1621542975.6963139, 1621542976.8306937]
[1621542976.244316, 1621542977.4042056]
[1621542975.4765074, 1621542976.6194708]
[1621542975.5210288, 1621542976.658328]
[1621542976.5433471, 1621542977.6557186]
[1621542975.9603665, 1621542977.070173]
[1621542975.849132, 1621542976.9832869]
[1621542975.3161054, 1621542976.4480731]
[1621542975.3821535, 1621542976.4730139]
[1621542975.3365095, 1621542976.4789817]
[1621542976.2129862, 1621542977.336303]
[1621542975.7631855, 1621542976.9184842]
[1621542975.9680438, 1621542977.1001725]
[1621542975.6759825, 1621542976.8153498]
[1621542975.6700413, 1621542976.8037767]
[1621542976.300544, 1621542977.4454117]
[1621542976.2956488, 1621542977.3697271]
[1621542976.1551745, 1621542977.3312774]
[1621542976.2044625, 1621542977.3620641]
[1621542976.4553652, 1621542977.6389976]
[1621542976.3529258, 1621542977.474328]
[1621542976.4849045, 1621542977.6119654]
[1621542975.63877, 1621542976.7659452]
[1621542976.5949857, 1621542977.705421]
[1621542976.2501636, 1621542977.4051156]
[1621542976.281052, 1621542977.4683692]
[1621542976.3585515, 1621542977.4985495]
[1621542976.788196, 1621542977.9230754]
[1621542976.9777777, 1621542978.1588848]
[1621542976.2045643, 1621542977.323663]
[1621542977.0476482, 1621542978.1902192]
[1621542976.208957, 1621542977.3489313]
[1621542976.8072743, 1621542977.9631178]
[1621542976.5759623, 1621542977.736411]
[1621542976.9200175, 1621542978.0435386]
[1621542976.5804152, 1621542977.7288175]
[1621542977.066036, 1621542978.2259111]
[1621542977.318159, 1621542978.4436467]
[1621542977.38097, 1621542978.4594307]
[1621542977.225901, 1621542978.3031662]
[1621542977.2405274, 1621542978.3395703]
[1621542976.930155, 1621542978.0904434]
[1621542976.982688, 1621542978.110896]
[1621542976.958381, 1621542978.1061978]
[1621542977.100738, 1621542978.2130466]
[1621542976.6998634, 1621542977.843172]
[1621542976.9584613, 1621542978.0962327]
[1621542976.9929702, 1621542978.1344006]
[1621542976.9772103, 1621542978.1411774]
[1621542977.2563937, 1621542978.4031022]
[1621542977.0128114, 1621542978.132627]
[1621542977.0626485, 1621542978.168482]
[1621542977.445751, 1621542978.583464]
[1621542977.501958, 1621542978.609528]
[1621542977.586668, 1621542978.7142305]
[1621542977.4625144, 1621542978.6125956]
[1621542977.6054037, 1621542978.738017]
[1621542977.5328155, 1621542978.6612055]
[1621542977.7845278, 1621542978.8979936]
[1621542977.6616502, 1621542978.757589]
[1621542977.2234802, 1621542978.3551834]
[1621542977.3144653, 1621542978.4128087]
[1621542977.9578724, 1621542979.0843422]
[1621542977.8734818, 1621542979.004901]
[1621542977.7521563, 1621542978.9113376]
[1621542977.766505, 1621542978.913632]
[1621542977.4776998, 1621542978.614621]
[1621542977.974244, 1621542979.1197348]
[1621542978.14883, 1621542979.2894177]
[1621542978.5631545, 1621542979.6677153]
[1621542978.237459, 1621542979.337243]
[1621542978.770596, 1621542979.8610914]
[1621542978.3988905, 1621542979.4961343]
[1621542978.2383857, 1621542979.369462]
[1621542978.3066835, 1621542979.4565687]
[1621542978.1360238, 1621542979.2627652]
[1621542978.1748295, 1621542979.318764]
[1621542978.2305877, 1621542979.3997936]
[1621542978.3723345, 1621542979.5071177]
[1621542978.6218648, 1621542979.7619572]
[1621542978.1757379, 1621542979.3478644]
[1621542978.4940293, 1621542979.570277]
[1621542978.652038, 1621542979.7587924]
[1621542979.0781753, 1621542980.2547858]
[1621542979.330715, 1621542980.4584036]
[1621542978.690595, 1621542979.8040907]
[1621542978.6422362, 1621542979.8004708]
[1621542978.5948472, 1621542979.71851]
[1621542979.460706, 1621542980.6297634]
[1621542978.5243175, 1621542979.6627846]
[1621542979.1460907, 1621542980.2943404]
[1621542979.1227317, 1621542980.2457714]
[1621542979.0470424, 1621542980.2080557]
[1621542979.0681443, 1621542980.2172356]
[1621542979.3325186, 1621542980.4545212]
[1621542978.880639, 1621542980.039507]
[1621542979.702336, 1621542980.8248315]
[1621542979.9023933, 1621542981.0171382]
[1621542979.4939275, 1621542980.6356483]
[1621542979.523803, 1621542980.6219032]
[1621542979.6405346, 1621542980.71707]
[1621542979.7496843, 1621542980.8719144]
[1621542979.7172966, 1621542980.8424478]
[1621542979.548096, 1621542980.687785]
[1621542979.6922014, 1621542980.794696]
[1621542979.647789, 1621542980.7576332]
[1621542979.4901056, 1621542980.6360679]
[1621542979.512724, 1621542980.6484056]
[1621542980.255902, 1621542981.379964]
[1621542979.7999222, 1621542980.9471877]
[1621542980.113229, 1621542981.2579043]
[1621542979.2672431, 1621542980.4139507]
[1621542980.1165338, 1621542981.254222]
[1621542980.1041777, 1621542981.2478042]
[1621542979.8033402, 1621542980.925855]
[1621542979.9045863, 1621542981.048599]
[1621542979.97924, 1621542981.1178076]
[1621542980.0324569, 1621542981.180752]
[1621542979.8862164, 1621542980.9782832]
[1621542979.9468713, 1621542981.0731413]
[1621542980.4676402, 1621542981.588708]
[1621542980.465625, 1621542981.5970087]
[1621542980.3821874, 1621542981.5693495]
[1621542980.396636, 1621542981.5461648]
[1621542980.402861, 1621542981.537009]
[1621542980.1440816, 1621542981.2890244]
[1621542980.2472544, 1621542981.41984]
[1621542980.1589203, 1621542981.290641]
[1621542980.0092683, 1621542981.1022065]
[1621542980.3901305, 1621542981.5552368]
[1621542980.6825345, 1621542981.8098378]
[1621542980.3936198, 1621542981.554439]
[1621542980.4068573, 1621542981.551092]
[1621542980.4873395, 1621542981.6272275]
[1621542980.2030513, 1621542981.350135]
[1621542980.3700025, 1621542981.5385897]
[1621542981.1019754, 1621542982.2550435]
[1621542980.9012117, 1621542982.0525122]
[1621542980.7909937, 1621542981.8987358]
[1621542981.1163058, 1621542982.2814314]
[1621542980.8521042, 1621542981.981273]
[1621542980.884528, 1621542982.0159853]
[1621542980.646421, 1621542981.7842307]
[1621542981.1498206, 1621542982.2879279]
[1621542981.0888855, 1621542982.2203927]
[1621542980.5235918, 1621542981.6396613]
[1621542981.5832334, 1621542982.7449512]
[1621542980.9469786, 1621542982.0656698]
[1621542981.6680024, 1621542982.7732306]
[1621542981.6757476, 1621542982.7887998]
[1621542981.4987953, 1621542982.6253583]
[1621542981.1093512, 1621542982.2590537]
[1621542981.551548, 1621542982.6991405]
[1621542981.3886323, 1621542982.5081294]
[1621542981.0233934, 1621542982.1494896]
[1621542981.2784834, 1621542982.425518]
[1621542981.7868497, 1621542982.9453423]
[1621542981.9257576, 1621542983.1011982]
[1621542982.0422275, 1621542983.167801]
[1621542981.8841567, 1621542983.0185497]
[1621542982.047997, 1621542983.1996307]
[1621542981.8702874, 1621542983.0128298]
[1621542981.4595723, 1621542982.6034908]
[1621542981.46326, 1621542982.7312038]
[1621542982.284133, 1621542983.3706882]
[1621542982.306887, 1621542983.4470332]
[1621542981.8870897, 1621542983.0186005]
[1621542981.7500014, 1621542982.870345]
[1621542982.162535, 1621542983.2814534]
[1621542982.346061, 1621542983.449304]
[1621542982.4209497, 1621542983.5698886]
[1621542982.4705448, 1621542983.5790997]
[1621542982.4371462, 1621542983.5811677]
[1621542982.5413425, 1621542983.67099]
[1621542982.5150278, 1621542983.6360972]
[1621542981.7844226, 1621542982.9336753]
[1621542982.7785506, 1621542983.9215453]
[1621542982.687115, 1621542983.819356]
[1621542982.628202, 1621542983.756404]
[1621542982.9749424, 1621542984.0963926]
[1621542982.7867398, 1621542983.9498668]
[1621542982.44081, 1621542983.568765]
[1621542982.7862577, 1621542983.8902216]
[1621542982.023554, 1621542983.1560397]
[1621542982.7991982, 1621542983.9191022]
[1621542982.760101, 1621542983.930638]
[1621542982.845817, 1621542983.9830039]
[1621542982.9648473, 1621542984.1030054]
[1621542982.6787531, 1621542983.819654]
[1621542982.9324515, 1621542984.066195]
[1621542982.9763, 1621542984.155845]
[1621542982.660264, 1621542983.794072]
[1621542983.6314151, 1621542984.7527065]
[1621542983.2532759, 1621542984.399068]
[1621542983.6434705, 1621542984.7627316]
[1621542983.1531425, 1621542984.339981]
[1621542983.3767674, 1621542984.470248]
[1621542983.6677384, 1621542984.8156824]
[1621542983.6630144, 1621542984.8339672]
[1621542983.4966764, 1621542984.6336935]
[1621542983.0255306, 1621542984.1595688]
[1621542983.5664, 1621542984.695556]
[1621542983.5691752, 1621542984.706098]
[1621542983.4498394, 1621542984.5778198]
[1621542983.5396872, 1621542984.6913445]
[1621542983.3377569, 1621542984.456719]
[1621542984.0080798, 1621542985.1530004]
[1621542983.8532877, 1621542984.995054]
[1621542983.4330828, 1621542984.5604134]
[1621542983.469475, 1621542984.5683632]
[1621542984.03044, 1621542985.1853015]
[1621542983.841767, 1621542984.985153]
[1621542984.2568278, 1621542985.386734]
[1621542984.271976, 1621542985.3972425]
[1621542983.838897, 1621542984.9782104]
[1621542984.2778442, 1621542985.3923779]
[1621542983.9927197, 1621542985.1430523]
[1621542984.0865479, 1621542985.228592]
[1621542983.848686, 1621542984.9713078]
[1621542984.3342443, 1621542985.454508]
[1621542984.192406, 1621542985.3369405]
[1621542984.2458503, 1621542985.3867424]
[1621542984.0851078, 1621542985.196184]
[1621542984.537108, 1621542985.670073]
[1621542984.3601747, 1621542985.4977183]
[1621542984.7224872, 1621542985.8563957]
[1621542984.6700964, 1621542985.7682707]
[1621542984.4371002, 1621542985.5912795]
[1621542984.689115, 1621542985.8185966]
[1621542984.7065322, 1621542985.8484337]
[1621542984.806268, 1621542985.929099]
[1621542984.617436, 1621542985.727338]
[1621542984.4832819, 1621542985.5590632]
[1621542984.7102385, 1621542985.8599894]
[1621542985.1730187, 1621542986.319884]
[1621542984.7149742, 1621542985.9073365]
[1621542985.0266397, 1621542986.2182014]
[1621542984.6510975, 1621542985.790448]
[1621542984.930326, 1621542986.0758412]
[1621542985.1047993, 1621542986.2416258]
[1621542984.8064518, 1621542985.9130335]
[1621542985.2800307, 1621542986.4144897]
[1621542985.1673303, 1621542986.314372]
[1621542985.3759124, 1621542986.5127914]
[1621542985.3437624, 1621542986.493859]
[1621542985.5373633, 1621542986.633937]
[1621542985.4320822, 1621542986.5576205]
[1621542985.4713082, 1621542986.5749903]
[1621542986.0676556, 1621542987.2116978]
[1621542986.0949855, 1621542987.2475123]
[1621542984.998645, 1621542986.1282527]
[1621542985.9451604, 1621542987.096823]
[1621542986.1190872, 1621542987.2800457]
[1621542986.1333327, 1621542987.2533484]
[1621542986.0538108, 1621542987.175254]
[1621542985.4709349, 1621542986.6278052]
[1621542985.8256557, 1621542986.9507267]
[1621542985.5867908, 1621542986.6795955]
[1621542986.170599, 1621542987.3162925]
[1621542986.0357585, 1621542987.1818748]
[1621542986.3366497, 1621542987.4723158]
[1621542986.1580129, 1621542987.2987876]
[1621542985.6852677, 1621542986.8318405]
[1621542985.855375, 1621542987.0249333]
[1621542985.866448, 1621542987.0015688]
[1621542985.906105, 1621542987.1986246]
[1621542985.8490844, 1621542986.9425313]
[1621542985.6306276, 1621542986.785373]
[1621542986.0279763, 1621542987.1467953]
[1621542986.4647558, 1621542987.6118207]
[1621542986.2907248, 1621542987.461755]
[1621542986.4182658, 1621542987.5457134]
[1621542986.1159787, 1621542987.2451334]
[1621542986.5426393, 1621542987.670882]
[1621542986.1903899, 1621542987.3369355]
[1621542985.8231897, 1621542986.9624503]
[1621542986.5197058, 1621542987.6395967]
[1621542986.829003, 1621542987.9286652]
[1621542986.694855, 1621542987.7732124]
[1621542986.4975383, 1621542987.6661916]
[1621542986.4025223, 1621542987.5716352]
[1621542986.9543686, 1621542988.050242]
[1621542986.9402766, 1621542988.0977724]
[1621542987.042327, 1621542988.227491]
[1621542986.7923117, 1621542987.9371526]
[1621542986.4026313, 1621542987.6550438]
[1621542987.179413, 1621542988.31224]
[1621542987.1342897, 1621542988.2576718]
[1621542987.219198, 1621542988.3585749]
[1621542986.6305723, 1621542987.7385528]
[1621542987.0133283, 1621542988.1415558]
[1621542987.0476136, 1621542988.195417]
[1621542987.6654978, 1621542988.8168073]
[1621542987.2701995, 1621542988.3967137]
[1621542986.6366785, 1621542987.7819118]
[1621542986.9789598, 1621542988.122342]
[1621542987.5049858, 1621542988.6545315]
[1621542987.3965635, 1621542988.5214837]
[1621542987.4341736, 1621542988.5800688]
[1621542987.443315, 1621542988.601615]
[1621542987.2162547, 1621542988.3539715]
[1621542987.5362365, 1621542988.6731093]
[1621542988.2931387, 1621542989.4165523]
[1621542987.193861, 1621542988.3896332]
[1621542987.5986838, 1621542988.7319455]
[1621542987.8644884, 1621542988.9683177]
[1621542987.6339033, 1621542988.7721941]
[1621542987.5973423, 1621542988.7410223]
[1621542988.1188953, 1621542989.2364688]
[1621542988.0862038, 1621542989.1818652]
[1621542988.181872, 1621542989.3096886]
[1621542987.4235976, 1621542988.6244462]
[1621542987.4591978, 1621542988.60509]
[1621542987.8380651, 1621542988.9222345]
[1621542988.1399047, 1621542989.2581031]
[1621542987.9520433, 1621542989.0951946]
[1621542988.439519, 1621542989.611857]
[1621542987.8161604, 1621542988.9361389]
[1621542988.0268729, 1621542989.1273491]
[1621542988.1246927, 1621542989.2547777]
[1621542988.0360236, 1621542989.1698613]
[1621542988.6303365, 1621542989.8265264]
[1621542988.5794308, 1621542989.6810603]
[1621542988.4086952, 1621542989.528616]
[1621542988.0266006, 1621542989.158063]
[1621542988.1397228, 1621542989.2837336]
[1621542988.7760794, 1621542989.9247622]
[1621542988.1157525, 1621542989.2868044]
[1621542988.5103917, 1621542989.6380763]
[1621542988.3345447, 1621542989.4633248]
[1621542988.4455898, 1621542989.5983505]
[1621542988.4465506, 1621542989.5812566]
[1621542988.365854, 1621542989.500759]
[1621542988.5107481, 1621542989.641922]
[1621542989.043954, 1621542990.1822941]
[1621542988.9329438, 1621542990.0129821]
[1621542988.6203864, 1621542989.789906]
[1621542988.5575657, 1621542989.6849236]
[1621542989.238408, 1621542990.3736675]
[1621542989.0113022, 1621542990.1640656]
[1621542989.3592448, 1621542990.5443118]
[1621542988.6000152, 1621542989.7318301]
[1621542988.9601417, 1621542990.0878282]
[1621542989.2029867, 1621542990.3589163]
[1621542989.248113, 1621542990.3666701]
[1621542989.2937365, 1621542990.4193394]
[1621542989.4566853, 1621542990.5842438]
[1621542989.193765, 1621542990.3897612]
[1621542989.1301582, 1621542990.2728274]
[1621542989.3933597, 1621542990.5389054]
[1621542989.1875505, 1621542990.297945]
[1621542988.9852457, 1621542990.1252651]
[1621542989.4973187, 1621542990.6280074]
[1621542989.2082894, 1621542990.3045528]
[1621542989.9220028, 1621542991.3203228]
[1621542989.5051665, 1621542990.6481373]
[1621542989.4114883, 1621542990.532384]
[1621542989.487354, 1621542990.6062815]
[1621542989.8360667, 1621542990.986329]
[1621542989.9062915, 1621542991.030045]
[1621542989.8144557, 1621542990.9403534]
[1621542990.1588378, 1621542991.2803166]
[1621542990.0460396, 1621542991.149113]
[1621542989.8774004, 1621542990.9984577]
[1621542989.6898093, 1621542990.8123443]
[1621542989.8117347, 1621542990.9558864]
[1621542989.7915761, 1621542990.932405]
[1621542990.2165632, 1621542991.3596678]
[1621542990.179779, 1621542991.3634415]
[1621542990.1111434, 1621542991.2410512]
[1621542990.1384833, 1621542991.2460086]
[1621542989.9669456, 1621542991.149731]
[1621542990.5304267, 1621542991.640501]
[1621542990.3429117, 1621542991.447605]
[1621542990.6301517, 1621542991.801706]
[1621542991.1918335, 1621542992.3370934]
[1621542990.2668777, 1621542991.4194636]
[1621542990.1998596, 1621542991.3391993]
[1621542990.0045724, 1621542991.155508]
[1621542990.1452067, 1621542991.28688]
[1621542990.6327064, 1621542991.7610807]
[1621542990.7418044, 1621542991.8939142]
[1621542990.5554976, 1621542991.6917238]
[1621542990.8197713, 1621542991.916887]
[1621542990.2011127, 1621542991.3462713]
[1621542990.9762774, 1621542992.1256058]
[1621542990.997074, 1621542992.1547265]
[1621542991.5323799, 1621542992.7431993]
[1621542991.1049972, 1621542992.2659092]
[1621542991.0538003, 1621542992.1730711]
[1621542990.6980348, 1621542991.8628514]
[1621542990.5859296, 1621542991.7178292]
[1621542991.3886356, 1621542992.543065]
[1621542990.9853454, 1621542992.1284788]
[1621542991.0450883, 1621542992.1715722]
[1621542991.6234343, 1621542992.7884314]
[1621542991.3496776, 1621542992.495035]
[1621542990.8853571, 1621542992.032215]
[1621542990.7974296, 1621542991.899626]
[1621542991.6540763, 1621542992.7762554]
[1621542991.6403105, 1621542992.7582324]
[1621542990.903175, 1621542992.0532575]
[1621542990.8017693, 1621542991.9434812]
[1621542991.6771557, 1621542992.7499347]
[1621542991.528338, 1621542992.6313915]
[1621542991.8100502, 1621542992.967134]
[1621542991.4475136, 1621542992.6104605]
[1621542991.3721101, 1621542992.5118945]
[1621542991.5360653, 1621542992.6641414]
[1621542991.663914, 1621542992.812503]
[1621542991.358639, 1621542992.5188777]
[1621542992.3571887, 1621542993.5027156]
[1621542992.2549715, 1621542993.3867404]
[1621542991.7920783, 1621542992.9328942]
[1621542992.2756608, 1621542993.4014308]
[1621542991.7105722, 1621542992.858586]
[1621542992.217702, 1621542993.3350518]
[1621542991.989318, 1621542993.1392837]
[1621542991.542001, 1621542992.6606393]
[1621542992.1275895, 1621542993.2588522]
[1621542992.0659778, 1621542993.2147384]
[1621542991.7841058, 1621542992.9072049]
[1621542992.0372732, 1621542993.1292427]
[1621542992.253757, 1621542993.3988152]
[1621542992.752801, 1621542993.8891697]
[1621542991.8957753, 1621542993.0272856]
[1621542992.0667121, 1621542993.3570588]
[1621542992.1160922, 1621542993.2362409]
[1621542991.8745072, 1621542993.0117977]
[1621542992.2921124, 1621542993.4332442]
[1621542992.311433, 1621542993.4066174]
[1621542992.48211, 1621542993.6297128]
[1621542992.581295, 1621542993.7267938]
[1621542992.7672114, 1621542993.8753698]
[1621542993.2434719, 1621542994.3607197]
[1621542992.8087764, 1621542993.9351]
[1621542992.890705, 1621542994.01485]
[1621542992.809119, 1621542993.9218552]
[1621542992.5291023, 1621542993.6699686]
[1621542992.9812946, 1621542994.115495]
[1621542992.246572, 1621542993.3733976]
[1621542992.8308125, 1621542993.9805627]
[1621542992.6757133, 1621542993.8043873]
[1621542993.0641336, 1621542994.194981]
[1621542993.3699353, 1621542994.492749]
[1621542993.4120734, 1621542994.505553]
[1621542992.9777718, 1621542994.104845]
[1621542993.1658359, 1621542994.3160543]
[1621542992.6992018, 1621542993.8234081]
[1621542993.4632635, 1621542994.6292784]
[1621542992.9957001, 1621542994.1179192]
[1621542993.4589524, 1621542994.6348636]
[1621542993.402051, 1621542994.5285645]
[1621542993.6078367, 1621542994.732155]
[1621542993.5340123, 1621542994.704321]
[1621542993.7175968, 1621542994.8473063]
[1621542993.7132046, 1621542994.8508663]
[1621542993.0747616, 1621542994.2147574]
[1621542993.4847584, 1621542994.6172702]
[1621542993.6547487, 1621542994.8083787]
[1621542993.5558062, 1621542994.6765294]
[1621542993.921244, 1621542995.0332017]
[1621542993.4622147, 1621542994.5973496]
[1621542993.7975602, 1621542994.9395683]
[1621542994.3897889, 1621542995.5329304]
[1621542994.1561134, 1621542995.2764845]
[1621542994.632905, 1621542995.7624762]
[1621542993.8693786, 1621542995.0106237]
[1621542994.2935028, 1621542995.424241]
[1621542994.4680803, 1621542995.5989194]
[1621542994.366057, 1621542995.4742036]
[1621542994.2076075, 1621542995.3700855]
[1621542994.2642179, 1621542995.4081297]
[1621542994.5976615, 1621542995.7314203]
[1621542994.5598125, 1621542995.6513443]
[1621542994.1949182, 1621542995.328936]
[1621542994.55138, 1621542995.6809034]
[1621542994.3152187, 1621542995.4507217]
[1621542994.4615047, 1621542995.6126974]
[1621542994.8917985, 1621542996.0386953]
[1621542994.759923, 1621542995.893664]
[1621542994.9259863, 1621542996.0444632]
[1621542995.438966, 1621542996.5682023]
[1621542994.7058072, 1621542995.8251219]
[1621542994.625467, 1621542995.7538347]
[1621542995.0680964, 1621542996.180809]
[1621542995.0005012, 1621542996.147614]
[1621542995.04882, 1621542996.192225]
[1621542995.1085815, 1621542996.2249436]
[1621542995.1839964, 1621542996.2818067]
[1621542994.71974, 1621542995.8697863]
[1621542995.222433, 1621542996.3610811]
[1621542994.9989994, 1621542996.1417277]
[1621542994.9508672, 1621542996.1271715]
[1621542995.0041785, 1621542996.146577]
[1621542995.041659, 1621542996.1484923]
[1621542995.5883813, 1621542996.741414]
[1621542995.4447365, 1621542996.5931582]
[1621542995.1458201, 1621542996.2729325]
[1621542995.5281186, 1621542996.655013]
[1621542995.5546458, 1621542996.6962304]
[1621542995.6165326, 1621542996.737237]
[1621542995.5309896, 1621542996.6667676]
[1621542995.468038, 1621542996.597812]
[1621542995.5970666, 1621542996.762869]
[1621542995.6582377, 1621542996.7528722]
[1621542995.6992922, 1621542996.8550212]
[1621542995.8954878, 1621542997.1092803]
[1621542995.559306, 1621542996.6794307]
[1621542996.0001616, 1621542997.1307921]
[1621542995.7319777, 1621542996.9091954]
[1621542996.1220293, 1621542997.2092938]
[1621542996.1103618, 1621542997.244025]
[1621542995.792803, 1621542996.9295526]
[1621542995.5138988, 1621542996.6331084]
[1621542995.9319036, 1621542997.0635862]
[1621542996.074919, 1621542997.1996336]
[1621542995.8007536, 1621542996.9249446]
[1621542996.0502748, 1621542997.2172208]
[1621542996.0193639, 1621542997.1423306]
[1621542996.1842637, 1621542997.338613]
[1621542996.315373, 1621542997.4173846]
[1621542996.738959, 1621542997.8787549]
[1621542996.3988311, 1621542997.5269032]
[1621542996.097013, 1621542997.2450132]
[1621542996.1593683, 1621542997.2550104]
[1621542996.53326, 1621542997.6820066]
[1621542996.2355254, 1621542997.3456542]
[1621542996.2381647, 1621542997.3498993]
[1621542996.71879, 1621542997.8771548]
[1621542996.7367132, 1621542997.8656685]
[1621542996.381338, 1621542997.4941633]
[1621542996.4036853, 1621542997.5107453]
[1621542996.427464, 1621542997.5709927]
[1621542997.0912683, 1621542998.230678]
[1621542996.9659455, 1621542998.09448]
[1621542997.3142183, 1621542998.4672647]
[1621542997.0182507, 1621542998.2293308]
[1621542997.0237815, 1621542998.1635396]
[1621542997.3579779, 1621542998.4782357]
[1621542997.3908503, 1621542998.5604856]
[1621542997.06389, 1621542998.2202222]
[1621542997.4231477, 1621542998.5184941]
[1621542997.510886, 1621542998.5868597]
[1621542997.174625, 1621542998.3198357]
[1621542997.0114243, 1621542998.1365514]
[1621542997.2625866, 1621542998.3625817]
[1621542997.3901842, 1621542998.5251386]
[1621542997.1572351, 1621542998.2863815]
[1621542997.4528987, 1621542998.6014798]
[1621542997.1678305, 1621542998.285694]
[1621542997.5615196, 1621542998.6906047]
[1621542997.484461, 1621542998.6131308]
[1621542997.5812042, 1621542998.730359]
[1621542997.7950237, 1621542998.9491916]
[1621542997.3118818, 1621542998.478811]
[1621542997.5714111, 1621542998.6947713]
[1621542998.516005, 1621542999.6295187]
[1621542997.4710221, 1621542998.6071882]
[1621542998.0377295, 1621542999.166082]
[1621542998.0718298, 1621542999.1869032]
[1621542998.0001736, 1621542999.1436434]
[1621542997.8654776, 1621542999.0155659]
[1621542997.8327932, 1621542998.9261613]
[1621542997.855176, 1621542998.9962714]
[1621542997.9812853, 1621542999.116812]
[1621542997.8488154, 1621542999.0020175]
[1621542998.1167796, 1621542999.2462616]
[1621542998.6412594, 1621542999.7676404]
[1621542998.1675014, 1621542999.2998438]
[1621542998.235547, 1621542999.3906355]
[1621542998.5413327, 1621542999.6751835]
[1621542998.418258, 1621542999.5763764]
[1621542998.6705918, 1621542999.7552578]
[1621542998.7657962, 1621542999.9099681]
[1621542998.3080225, 1621542999.428989]
[1621542998.4112785, 1621542999.5233576]
[1621542998.951029, 1621543000.043611]
[1621542998.841779, 1621542999.9455163]
[1621542998.5532267, 1621542999.6901207]
[1621542998.4860067, 1621542999.6224353]
[1621542998.5001168, 1621542999.639836]
[1621542999.0103035, 1621543000.1452885]
[1621542998.503378, 1621542999.6966088]
[1621542999.0754087, 1621543000.2257195]
[1621542999.2548761, 1621543000.3828058]
[1621542998.9100072, 1621543000.0449798]
[1621542999.1579773, 1621543000.3064642]
[1621542999.2463937, 1621543000.3917336]
[1621542999.3618407, 1621543000.514734]
[1621542999.222391, 1621543000.3394644]
[1621542999.0575087, 1621543000.1868696]
[1621542999.0196838, 1621543000.1471295]
[1621542999.152147, 1621543000.3078685]
[1621542999.319792, 1621543000.4711852]
[1621542999.0891569, 1621543000.2296777]
[1621542999.3052027, 1621543000.4354532]
[1621542999.35616, 1621543000.4797494]
[1621542999.4110014, 1621543000.5630448]
[1621542999.4974825, 1621543000.629038]
[1621542999.2619822, 1621543000.3348215]
[1621542999.6955976, 1621543000.797543]
[1621542999.5148396, 1621543000.6495416]
[1621543000.1002486, 1621543001.2319117]
[1621542999.8494775, 1621543000.960248]
[1621542999.9579442, 1621543001.070905]
[1621542999.719798, 1621543000.8586283]
[1621543000.0802705, 1621543001.1752908]
[1621542999.4364355, 1621543000.5624661]
[1621543000.7112563, 1621543001.889261]
[1621542999.885045, 1621543000.9582329]
[1621543000.570797, 1621543001.7396245]
[1621542999.97843, 1621543001.1241329]
[1621543000.071727, 1621543001.2003324]
[1621543000.087316, 1621543001.2073286]
[1621543000.3223395, 1621543001.4682615]
[1621543000.0225706, 1621543001.1526926]
[1621543000.2630527, 1621543001.4018092]
[1621543000.1513069, 1621543001.2927034]
[1621543000.130663, 1621543001.2276754]
[1621543000.1476042, 1621543001.265924]
[1621543000.123443, 1621543001.256985]
[1621543000.1262367, 1621543001.2755232]
[1621543000.1472785, 1621543001.3106792]
[1621543000.1736088, 1621543001.2971017]
[1621543000.2793713, 1621543001.4273646]
[1621543000.2123296, 1621543001.33841]
[1621543000.4036891, 1621543001.5273879]
[1621543001.0472128, 1621543002.121176]
[1621543000.6802044, 1621543001.8286417]
[1621543000.6757839, 1621543001.8182514]
[1621543000.7911777, 1621543001.9264574]
[1621543000.757968, 1621543001.8987932]
[1621543000.8106322, 1621543001.906139]
[1621543001.0511243, 1621543002.1875813]
[1621543000.8246014, 1621543001.9558887]
[1621543000.6046221, 1621543001.7401493]
[1621543000.519527, 1621543001.6868718]
[1621543000.894088, 1621543001.972918]
[1621543000.8652914, 1621543002.018192]
[1621543000.9782019, 1621543002.10723]
[1621543001.1458836, 1621543002.2915385]
[1621543000.64315, 1621543001.7726598]
[1621543001.3045785, 1621543002.4167027]
[1621543001.200815, 1621543002.2916243]
[1621543001.7797334, 1621543002.9156032]
[1621543001.2533429, 1621543002.378331]
[1621543001.814006, 1621543002.9701033]
[1621543001.328345, 1621543002.4714031]
[1621543001.5191567, 1621543002.6490164]
[1621543002.0466084, 1621543003.1990886]
[1621543001.4480004, 1621543002.5929697]
[1621543001.11082, 1621543002.2350366]
[1621543001.4529397, 1621543002.601145]
[1621543002.2791436, 1621543003.3871465]
[1621543001.7630587, 1621543002.8902879]
[1621543001.597554, 1621543002.722884]
[1621543001.964442, 1621543003.0774844]
[1621543001.6819158, 1621543002.7961774]
[1621543001.4941757, 1621543002.6504302]
[1621543002.351543, 1621543003.506758]
[1621543002.1094573, 1621543003.2370708]
[1621543001.6193123, 1621543002.775563]
[1621543001.849616, 1621543002.9970381]
[1621543001.6618736, 1621543002.824403]
[1621543002.12336, 1621543003.2281983]
[1621543001.9196408, 1621543003.0297132]
[1621543002.070805, 1621543003.1486392]
[1621543002.5677435, 1621543003.718057]
[1621543002.207511, 1621543003.3511806]
[1621543003.12634, 1621543004.246316]
[1621543002.409354, 1621543003.5362005]
[1621543002.1240962, 1621543003.2738233]
[1621543002.8531237, 1621543003.9652057]
[1621543002.7061841, 1621543003.8531568]
[1621543003.2928526, 1621543004.4174125]
[1621543003.092899, 1621543004.199312]
[1621543002.9741156, 1621543004.1054723]
[1621543002.4760973, 1621543003.57084]
[1621543002.5650065, 1621543003.638709]
[1621543002.4960005, 1621543003.6386201]
[1621543002.8424675, 1621543003.9772546]
[1621543002.4650495, 1621543003.5957797]
[1621543003.1981058, 1621543004.34487]
[1621543003.0952113, 1621543004.1922626]
[1621543002.976529, 1621543004.1398368]
[1621543002.8846438, 1621543004.0241587]
[1621543003.110492, 1621543004.2390842]
[1621543003.1063354, 1621543004.2797403]
[1621543003.1890957, 1621543004.3051152]
[1621543003.8097403, 1621543004.9494467]
[1621543003.5971982, 1621543004.6914818]
[1621543003.1955314, 1621543004.3389337]
[1621543003.4515057, 1621543004.5750153]
[1621543003.7663908, 1621543004.8500998]
[1621543003.4771953, 1621543004.6145182]
[1621543003.4344993, 1621543004.5351145]
[1621543003.8877141, 1621543005.0350442]
[1621543003.4408672, 1621543004.5721662]
[1621543003.9972584, 1621543005.1413722]
[1621543003.3580713, 1621543004.5005476]
[1621543004.1872282, 1621543005.3413239]
[1621543003.5334837, 1621543004.6902075]
[1621543003.99831, 1621543005.13634]
[1621543003.798414, 1621543004.9163725]
[1621543003.7262125, 1621543004.8793273]
[1621543004.1143944, 1621543005.2598412]
[1621543004.0681999, 1621543005.207387]
[1621543003.5197415, 1621543004.668531]
[1621543003.8874862, 1621543005.0200174]
[1621543004.365464, 1621543005.5037]
[1621543003.8580484, 1621543005.0329926]
[1621543003.947957, 1621543005.0984912]
[1621543003.7829223, 1621543004.908729]
[1621543003.9387136, 1621543005.0588639]
[1621543003.754859, 1621543004.8938663]
[1621543003.8989487, 1621543004.9982665]
[1621543004.1946936, 1621543005.3452172]
[1621543004.3235662, 1621543005.4040132]
[1621543004.5202851, 1621543005.682429]
[1621543003.977262, 1621543005.091637]
[1621543004.5402606, 1621543005.628421]
[1621543004.422405, 1621543005.5527668]
[1621543004.2640617, 1621543005.3926728]
[1621543004.4849484, 1621543005.5831308]
[1621543004.6542997, 1621543005.8272958]
[1621543004.4661522, 1621543005.591297]
[1621543003.950667, 1621543005.063036]
[1621543004.2557616, 1621543005.404144]
[1621543004.7516344, 1621543005.9068675]
[1621543004.857914, 1621543005.9442036]
[1621543004.6081855, 1621543005.7522624]
[1621543005.324844, 1621543006.4711957]
[1621543004.8811204, 1621543006.0457308]
[1621543004.5140598, 1621543005.654925]
[1621543004.3487542, 1621543005.4766197]
[1621543004.5304365, 1621543005.681239]
[1621543004.402255, 1621543005.544478]
[1621543004.803951, 1621543005.9461613]
[1621543004.955593, 1621543006.0795906]
[1621543005.19836, 1621543006.3700738]
[1621543005.1048563, 1621543006.2645361]
[1621543005.4620917, 1621543006.547857]
[1621543005.6060646, 1621543006.7558885]
[1621543004.7433944, 1621543005.8404539]
[1621543005.0824566, 1621543006.2047215]
[1621543005.6548336, 1621543006.7684066]
[1621543004.8653595, 1621543006.0268316]
[1621543004.852695, 1621543005.9682555]
[1621543004.7778792, 1621543005.9275982]
[1621543005.4836466, 1621543006.614124]
[1621543005.2879283, 1621543006.4203267]
[1621543005.789504, 1621543006.9238548]
[1621543005.5126462, 1621543006.644255]
[1621543005.652174, 1621543006.78803]
[1621543005.5855799, 1621543006.7178273]
[1621543005.5932033, 1621543006.6894248]
[1621543005.6532805, 1621543006.7490942]
[1621543005.6895077, 1621543006.8493404]
[1621543005.9679275, 1621543007.0978165]
[1621543005.9160964, 1621543007.0629733]
[1621543005.5122643, 1621543006.655252]
[1621543005.3480244, 1621543006.508913]
[1621543005.5538332, 1621543006.7058818]
[1621543005.4507484, 1621543006.5679696]
[1621543005.750457, 1621543006.868251]
[1621543005.6629245, 1621543006.7937906]
[1621543005.848071, 1621543006.9437664]
[1621543005.9323251, 1621543007.0781715]
[1621543005.599037, 1621543006.741983]
[1621543006.1915104, 1621543007.3391566]
[1621543005.8022156, 1621543006.9407141]
[1621543006.1982248, 1621543007.3278112]
[1621543006.1247227, 1621543007.262313]
[1621543005.8826022, 1621543007.0054579]
[1621543006.1819897, 1621543007.3369937]
[1621543006.3249445, 1621543007.457657]
[1621543006.157556, 1621543007.3089895]
[1621543006.0635133, 1621543007.1358576]
[1621543005.7059863, 1621543006.8603375]
[1621543006.3310935, 1621543007.4579]
[1621543006.029634, 1621543007.1377149]
[1621543006.3614175, 1621543007.5217757]
[1621543006.373845, 1621543007.5136857]
[1621543005.8387332, 1621543007.0052018]
[1621543005.880286, 1621543007.0131361]
[1621543005.897705, 1621543006.999659]
[1621543006.2932048, 1621543007.4043965]
[1621543006.6198816, 1621543007.7496724]
[1621543006.3093555, 1621543007.4748087]
[1621543006.0502813, 1621543007.1886067]
[1621543006.0979595, 1621543007.2277467]
[1621543006.2756119, 1621543007.4392364]
[1621543006.0939062, 1621543007.2134287]
[1621543006.1662946, 1621543007.3190014]
[1621543006.0351787, 1621543007.1994328]
[1621543006.4613328, 1621543007.583299]
[1621543006.413769, 1621543007.5597]
[1621543006.620228, 1621543007.755462]
[1621543006.5662305, 1621543007.7463083]
[1621543006.35775, 1621543007.4908385]
[1621543006.7352688, 1621543007.8932133]
[1621543006.5979674, 1621543007.7230792]
[1621543006.6615837, 1621543007.826634]
[1621543006.6114235, 1621543007.7507327]
[1621543006.638534, 1621543007.7375515]
[1621543006.4276946, 1621543007.612579]
[1621543006.6290195, 1621543007.7215831]
[1621543006.6137946, 1621543007.737164]
[1621543006.6047761, 1621543007.6853573]
[1621543006.3470445, 1621543007.5582757]
[1621543006.565369, 1621543007.6407547]
[1621543006.7460446, 1621543007.8638358]
[1621543006.786103, 1621543007.9398525]
[1621543006.7390335, 1621543007.8951092]
[1621543006.7742853, 1621543007.889572]
[1621543006.8056583, 1621543007.946833]
[1621543006.650446, 1621543007.7712734]
[1621543006.748804, 1621543007.8564818]
[1621543006.7574775, 1621543007.8489554]
[1621543006.9688396, 1621543008.0794024]
[1621543006.9434423, 1621543008.0646124]
[1621543006.9673994, 1621543008.088223]
[1621543006.605361, 1621543007.760141]
[1621543006.7237039, 1621543007.8551767]
[1621543007.0158331, 1621543008.139686]
[1621543006.7001145, 1621543007.80923]
[1621543006.7219584, 1621543007.8906622]
[1621543006.9079437, 1621543008.0741417]
[1621543007.1004755, 1621543008.253142]
[1621543007.0423248, 1621543008.1717727]
[1621543007.002579, 1621543008.1476872]
[1621543006.6733527, 1621543007.8097093]
[1621543006.952706, 1621543008.1125183]
[1621543006.9491477, 1621543008.0410793]
[1621543006.8327072, 1621543007.997923]
[1621543006.8058858, 1621543007.9563267]
[1621543007.0881202, 1621543008.2404382]
[1621543007.153091, 1621543008.2963188]
[1621543007.1721203, 1621543008.300117]
[1621543007.2012944, 1621543008.3358395]
[1621543006.9753594, 1621543008.107935]
[1621543007.1493986, 1621543008.2613845]
[1621543006.8191044, 1621543007.943129]
[1621543007.1371965, 1621543008.2475033]
[1621543007.1793325, 1621543008.3297045]
[1621543006.8592985, 1621543008.0163343]
[1621543006.9544475, 1621543008.0914304]
[1621543006.8811252, 1621543008.019731]
[1621543007.2094636, 1621543008.3923395]
[1621543007.3063035, 1621543008.4198549]
[1621543007.1413372, 1621543008.213205]
[1621543007.0317268, 1621543008.166012]
[1621543007.2203407, 1621543008.3211443]
[1621543007.139803, 1621543008.24159]
[1621543007.2280304, 1621543008.3610964]
[1621543007.0251315, 1621543008.1930242]
[1621543007.1063924, 1621543008.237975]
[1621543007.144244, 1621543008.2728834]
[1621543007.2979743, 1621543008.4076529]
[1621543007.288289, 1621543008.4580624]
[1621543007.0715015, 1621543008.2202482]
[1621543007.1908197, 1621543008.3126702]
[1621543007.256231, 1621543008.3789163]
[1621543007.2855406, 1621543008.4086294]
[1621543007.2222545, 1621543008.3508887]
[1621543007.2677822, 1621543008.3914785]
[1621543007.2616372, 1621543008.4107223]
[1621543007.2597146, 1621543008.3785744]
[1621543007.2298276, 1621543008.3135521]
[1621543007.2305253, 1621543008.3727844]
[1621543007.288542, 1621543008.3645651]
[1621543007.2807598, 1621543008.4459016]
[1621543007.2759798, 1621543008.4017017]
[1621543007.287798, 1621543008.4196086]
[1621543007.2481887, 1621543008.3870442]
[1621543007.2929704, 1621543008.4198384]
[1621543007.279106, 1621543008.4369674]
[1621543007.260569, 1621543008.3964984]
[1621543007.3383567, 1621543008.465412]
[1621543007.2041318, 1621543008.3485775]
[1621543007.242039, 1621543008.3581197]
[1621543007.3177695, 1621543008.4522238]
[1621543007.2752607, 1621543008.3609319]
[1621543007.2971241, 1621543008.437053]
