[1617297926.0945976, 1617297928.9078498]
[1617297926.01895, 1617297928.722839]
[1617297925.7094126, 1617297928.432571]
[1617297925.2865653, 1617297927.9804735]
[1617297926.1164546, 1617297928.8336918]
[1617297925.8700652, 1617297928.5995197]
[1617297925.952479, 1617297928.6543992]
[1617297925.671041, 1617297928.404067]
[1617297926.1313634, 1617297928.8737118]
[1617297925.9138668, 1617297928.656441]
[1617297926.2361898, 1617297928.9367657]
[1617297926.0269983, 1617297928.772346]
[1617297925.8420427, 1617297928.5741937]
[1617297926.075094, 1617297928.8215315]
[1617297926.1107063, 1617297928.8189347]
[1617297925.8439183, 1617297928.5525753]
[1617297925.5934904, 1617297928.3994453]
[1617297925.6597373, 1617297928.351201]
[1617297925.8440127, 1617297928.5399854]
[1617297925.5510242, 1617297928.2851322]
[1617297926.5783892, 1617297929.2942247]
[1617297926.1440284, 1617297928.836469]
[1617297926.4643948, 1617297929.2001297]
[1617297926.6024, 1617297929.288522]
[1617297926.9090855, 1617297929.5868587]
[1617297926.7043335, 1617297929.4022162]
[1617297926.6974516, 1617297929.412143]
[1617297927.0495481, 1617297929.7442584]
[1617297926.911068, 1617297929.5748882]
[1617297926.8789895, 1617297929.5644174]
[1617297927.1559396, 1617297929.8828714]
[1617297927.2017272, 1617297929.929753]
[1617297927.2329996, 1617297929.9598577]
[1617297927.5046873, 1617297930.206031]
[1617297927.441346, 1617297930.1302469]
[1617297927.7788775, 1617297930.5114782]
[1617297927.2159042, 1617297929.9169264]
[1617297927.3976572, 1617297930.1427152]
[1617297927.5597012, 1617297930.26474]
[1617297927.7108073, 1617297930.3889203]
[1617297927.8301532, 1617297930.5156908]
[1617297927.4887478, 1617297930.1693268]
[1617297928.1672003, 1617297930.8456357]
[1617297928.0838988, 1617297930.7733998]
[1617297928.2828507, 1617297930.9839888]
[1617297928.4399433, 1617297931.1514373]
[1617297928.4653518, 1617297931.2691088]
[1617297928.3501832, 1617297931.088218]
[1617297928.3786902, 1617297931.0696568]
[1617297928.534872, 1617297931.3424485]
[1617297929.062481, 1617297931.7773166]
[1617297928.8299508, 1617297931.5661325]
[1617297929.040234, 1617297932.019346]
[1617297928.9805837, 1617297931.6896603]
[1617297928.9022748, 1617297931.6403134]
[1617297928.8169737, 1617297931.5444016]
[1617297929.258305, 1617297931.9759464]
[1617297929.6433773, 1617297932.3610854]
[1617297929.2579763, 1617297931.989753]
[1617297929.5327554, 1617297932.2516918]
[1617297929.1543932, 1617297931.8757513]
[1617297929.5905266, 1617297932.2813702]
[1617297929.6335812, 1617297932.3458796]
[1617297929.6387944, 1617297932.3318918]
[1617297929.8208692, 1617297932.5056853]
[1617297929.4660692, 1617297932.1645193]
[1617297929.9624894, 1617297932.6536536]
[1617297929.7710254, 1617297932.462595]
[1617297930.1053455, 1617297932.8346684]
[1617297929.96769, 1617297932.7274563]
[1617297930.0767102, 1617297932.778047]
[1617297930.1966174, 1617297933.0136256]
[1617297930.3904934, 1617297933.0881827]
[1617297930.1137252, 1617297932.81053]
[1617297930.5141125, 1617297933.25358]
[1617297930.508717, 1617297933.2391465]
[1617297930.5522442, 1617297933.235327]
[1617297930.4868033, 1617297933.1670923]
[1617297930.6866028, 1617297933.4000442]
[1617297930.7257752, 1617297933.392203]
[1617297930.8783953, 1617297933.566278]
[1617297931.006928, 1617297933.7374027]
[1617297930.841788, 1617297933.559533]
[1617297930.9365942, 1617297933.617675]
[1617297931.362877, 1617297934.2425902]
[1617297931.2927692, 1617297934.0244632]
[1617297931.0246634, 1617297933.7823496]
[1617297931.3044298, 1617297934.026376]
[1617297931.246597, 1617297933.9195645]
[1617297931.6967065, 1617297934.3874178]
[1617297931.644564, 1617297934.371852]
[1617297931.6531818, 1617297934.3651743]
[1617297931.642834, 1617297934.3459337]
[1617297931.6950645, 1617297934.3931024]
[1617297931.7953544, 1617297934.4680681]
[1617297931.7167988, 1617297934.4557827]
[1617297931.8130543, 1617297934.5077724]
[1617297931.8889413, 1617297934.5787191]
[1617297932.025624, 1617297934.822451]
[1617297931.8841279, 1617297934.6189005]
[1617297932.4133508, 1617297935.0961723]
[1617297932.2296863, 1617297934.9317815]
[1617297932.476687, 1617297935.1710384]
[1617297932.2855859, 1617297935.0288324]
[1617297932.264986, 1617297934.9660459]
[1617297932.3661044, 1617297935.0465221]
[1617297932.406922, 1617297935.1236055]
[1617297932.6749163, 1617297935.3788779]
[1617297932.542662, 1617297935.2257168]
[1617297932.7348957, 1617297935.465409]
[1617297932.7234712, 1617297935.4322727]
[1617297932.8006792, 1617297935.5024114]
[1617297932.7716007, 1617297935.49541]
[1617297933.0739625, 1617297935.8121595]
[1617297933.1511705, 1617297935.8767045]
[1617297932.9402115, 1617297935.6656182]
[1617297933.2472754, 1617297935.9360614]
[1617297933.2730527, 1617297935.980957]
[1617297933.4675226, 1617297936.1870856]
[1617297933.2440934, 1617297935.946026]
[1617297933.249374, 1617297935.9293933]
[1617297933.3187542, 1617297936.026533]
[1617297933.695648, 1617297936.3796926]
[1617297933.8624322, 1617297936.587792]
[1617297933.6273825, 1617297936.3075173]
[1617297933.8429642, 1617297936.5940413]
[1617297933.9951255, 1617297936.6687253]
[1617297933.8852124, 1617297936.5968804]
[1617297933.97721, 1617297936.6736755]
[1617297934.1530986, 1617297936.8863454]
[1617297934.2122006, 1617297936.89637]
[1617297934.209136, 1617297936.9344594]
[1617297934.5385773, 1617297937.2342327]
[1617297934.5614705, 1617297937.2745826]
[1617297934.2852492, 1617297937.0580142]
[1617297934.7256205, 1617297937.4972014]
[1617297934.6702578, 1617297937.3545065]
[1617297934.635775, 1617297937.319703]
[1617297934.7849607, 1617297937.499559]
[1617297934.6288984, 1617297937.382665]
[1617297934.7178793, 1617297937.4042063]
[1617297934.6691136, 1617297937.4202566]
[1617297934.9421537, 1617297937.6494622]
[1617297935.1187153, 1617297937.831077]
[1617297934.9437678, 1617297937.787826]
[1617297935.0950768, 1617297937.7680879]
[1617297935.1783557, 1617297937.8733096]
[1617297935.2090151, 1617297937.92592]
[1617297935.3890007, 1617297938.099462]
[1617297935.226247, 1617297937.9553251]
[1617297935.5837939, 1617297938.2883444]
[1617297935.575411, 1617297938.278171]
[1617297935.5001073, 1617297938.2272182]
[1617297935.6149297, 1617297938.324018]
[1617297935.3774245, 1617297938.0351038]
[1617297935.6142905, 1617297938.31175]
[1617297935.7873912, 1617297938.5237007]
[1617297935.7073176, 1617297938.438772]
[1617297936.006512, 1617297938.7233427]
[1617297935.9751167, 1617297938.6850474]
[1617297935.8109338, 1617297938.523877]
[1617297936.1304, 1617297938.8310287]
[1617297935.8945787, 1617297938.594187]
[1617297935.7511013, 1617297938.4519825]
[1617297936.2149282, 1617297938.9178855]
[1617297936.3984623, 1617297939.0730455]
[1617297936.1697693, 1617297938.8493004]
[1617297936.1618783, 1617297938.84511]
[1617297936.3062537, 1617297939.049869]
[1617297936.490921, 1617297939.20064]
[1617297936.4596465, 1617297939.1544726]
[1617297936.439642, 1617297939.1167076]
[1617297936.4881744, 1617297939.1754763]
[1617297936.654628, 1617297939.386495]
[1617297936.6317048, 1617297939.3821542]
[1617297936.5188236, 1617297939.221469]
[1617297936.7013302, 1617297939.3962831]
[1617297936.662872, 1617297939.3404841]
[1617297936.7624366, 1617297939.4240544]
[1617297936.8209193, 1617297939.5201416]
[1617297936.5538876, 1617297939.2902606]
[1617297936.6018198, 1617297939.3132052]
[1617297936.7732913, 1617297939.4736035]
[1617297936.8628507, 1617297939.5961509]
[1617297937.0731947, 1617297939.8762648]
[1617297936.9732234, 1617297939.7336016]
[1617297937.1434095, 1617297939.7989123]
[1617297937.237801, 1617297940.0199053]
[1617297937.0927076, 1617297939.7957647]
[1617297937.0959008, 1617297939.8632271]
[1617297937.1681943, 1617297939.8335927]
[1617297937.3580134, 1617297940.038225]
[1617297937.4391372, 1617297940.1946983]
[1617297937.3445747, 1617297940.0315177]
[1617297937.505425, 1617297940.2565365]
[1617297937.4697952, 1617297940.146534]
[1617297937.6912463, 1617297940.375279]
[1617297937.723414, 1617297940.4191332]
[1617297937.6537895, 1617297940.3791096]
[1617297937.6646519, 1617297940.385011]
[1617297937.986536, 1617297940.7106555]
[1617297937.7320435, 1617297940.439139]
[1617297937.8360705, 1617297940.62507]
[1617297937.630259, 1617297940.373099]
[1617297938.081069, 1617297940.7859275]
[1617297937.9059348, 1617297940.6022737]
[1617297938.0951204, 1617297940.7818608]
[1617297938.0376878, 1617297940.75366]
[1617297938.2073221, 1617297940.8967636]
[1617297938.0774763, 1617297940.8030648]
[1617297938.2941735, 1617297941.021791]
[1617297938.278032, 1617297941.020037]
[1617297938.2823565, 1617297940.9743237]
[1617297938.4099228, 1617297941.1097965]
[1617297938.3496518, 1617297941.0462801]
[1617297938.454573, 1617297941.1797523]
[1617297938.4869673, 1617297941.1839957]
[1617297938.286424, 1617297940.9841359]
[1617297938.7314255, 1617297941.442665]
[1617297938.563654, 1617297941.2858143]
[1617297938.5575993, 1617297941.2583299]
[1617297938.730258, 1617297941.4909997]
[1617297938.8769784, 1617297941.56653]
[1617297938.8270524, 1617297941.5438704]
[1617297938.8642094, 1617297941.5439403]
[1617297939.089323, 1617297941.766932]
[1617297938.9127321, 1617297941.61326]
[1617297938.7844882, 1617297941.4825473]
[1617297939.0100489, 1617297941.7319696]
[1617297938.9800181, 1617297941.6967764]
[1617297938.9991794, 1617297941.7527785]
[1617297939.2399657, 1617297941.9692857]
[1617297939.2677307, 1617297941.977314]
[1617297939.3014503, 1617297942.0259438]
[1617297939.1685696, 1617297941.873519]
[1617297939.3793025, 1617297942.1594758]
[1617297939.4358656, 1617297942.1017382]
[1617297939.3784416, 1617297942.0586433]
[1617297939.5995133, 1617297942.3480437]
[1617297939.5719378, 1617297942.2942533]
[1617297939.5731318, 1617297942.2966173]
[1617297939.6445959, 1617297942.3598666]
[1617297939.5744646, 1617297942.3221867]
[1617297939.662979, 1617297942.3477757]
[1617297939.479619, 1617297942.1690378]
[1617297939.8934832, 1617297942.681446]
[1617297939.7297277, 1617297942.4245358]
[1617297939.956842, 1617297942.6261404]
[1617297939.7586176, 1617297942.5578141]
[1617297939.8756006, 1617297942.69922]
[1617297940.0305204, 1617297942.7308645]
[1617297940.1782546, 1617297942.900117]
[1617297940.1748018, 1617297942.8731222]
[1617297940.248784, 1617297942.9850576]
[1617297940.3327088, 1617297943.0167248]
[1617297940.3596003, 1617297943.0087965]
[1617297940.37104, 1617297943.0628724]
[1617297940.4089856, 1617297943.1081254]
[1617297940.3273351, 1617297943.055996]
[1617297940.543078, 1617297943.2854023]
[1617297940.5056238, 1617297943.2001493]
[1617297940.6122298, 1617297943.3048005]
[1617297940.475186, 1617297943.180356]
[1617297940.5873718, 1617297943.2878308]
[1617297940.6406114, 1617297943.4364715]
[1617297940.773737, 1617297943.4964867]
[1617297940.707504, 1617297943.4396784]
[1617297940.8528352, 1617297943.5448492]
[1617297940.9224632, 1617297943.6150725]
[1617297940.8765957, 1617297943.5904436]
[1617297940.8554869, 1617297943.5361137]
[1617297941.0229337, 1617297943.7284281]
[1617297941.0376139, 1617297943.773788]
[1617297941.0291848, 1617297943.7381248]
[1617297941.0497103, 1617297943.7411191]
[1617297941.1016726, 1617297943.8092902]
[1617297941.2288544, 1617297943.9588864]
[1617297941.3399892, 1617297944.0649366]
[1617297941.3563714, 1617297944.0616431]
[1617297941.35685, 1617297944.056183]
[1617297941.494676, 1617297944.1879537]
[1617297941.2022455, 1617297943.9270928]
[1617297941.5973456, 1617297944.289741]
[1617297941.5496356, 1617297944.2521908]
[1617297941.6205177, 1617297944.3329217]
[1617297941.7082508, 1617297944.4106]
[1617297941.7573857, 1617297944.4772072]
[1617297941.7722774, 1617297944.4708848]
[1617297941.7989619, 1617297944.5289876]
[1617297941.8192945, 1617297944.5150402]
[1617297941.9681706, 1617297944.6602263]
[1617297942.0125623, 1617297944.7401934]
[1617297942.0603054, 1617297944.784724]
[1617297941.9845552, 1617297944.7021918]
[1617297942.1540513, 1617297944.8595543]
[1617297942.1864266, 1617297944.8760023]
[1617297942.2159197, 1617297944.925444]
[1617297942.1499975, 1617297944.8456635]
[1617297942.315796, 1617297945.0246632]
[1617297942.4293475, 1617297945.140496]
[1617297942.5795, 1617297945.2978249]
[1617297942.5706422, 1617297945.295109]
[1617297942.521743, 1617297945.2030685]
[1617297942.7406354, 1617297945.5586863]
[1617297942.582209, 1617297945.2855058]
[1617297942.7194805, 1617297945.4505758]
[1617297942.6834035, 1617297945.4409037]
[1617297942.6470664, 1617297945.3379016]
[1617297942.879388, 1617297945.5736816]
[1617297942.8566132, 1617297945.600805]
[1617297942.743371, 1617297945.450615]
[1617297942.7814333, 1617297945.4896224]
[1617297942.9435039, 1617297945.6699893]
[1617297943.1590774, 1617297945.854353]
[1617297942.9108167, 1617297945.598596]
[1617297943.1414313, 1617297945.9019618]
[1617297943.225908, 1617297945.9290013]
[1617297943.0476437, 1617297945.7173536]
[1617297943.4045966, 1617297946.1348405]
[1617297943.3120282, 1617297946.00853]
[1617297943.3954177, 1617297946.1234407]
[1617297943.2235541, 1617297945.9276028]
[1617297943.5135283, 1617297946.2504427]
[1617297943.539156, 1617297946.313927]
[1617297943.661303, 1617297946.356311]
[1617297943.6664252, 1617297946.3508337]
[1617297943.7447715, 1617297946.4652073]
[1617297943.8135705, 1617297946.5377636]
[1617297943.7419033, 1617297946.4744458]
[1617297943.7470334, 1617297946.4387567]
[1617297943.8809328, 1617297946.579621]
[1617297944.0965447, 1617297946.8178546]
[1617297944.0122976, 1617297946.7462103]
[1617297943.9768019, 1617297946.7050436]
[1617297944.1781087, 1617297946.8354552]
[1617297944.01587, 1617297946.7331789]
[1617297943.930972, 1617297946.61795]
[1617297944.0831292, 1617297946.8135111]
[1617297944.1456814, 1617297946.8469925]
[1617297944.1551127, 1617297946.9835484]
[1617297944.2061317, 1617297946.9060998]
[1617297944.1736639, 1617297946.9138122]
[1617297944.3668764, 1617297947.0728064]
[1617297944.3119044, 1617297947.0024936]
[1617297944.5619266, 1617297947.2718823]
[1617297944.4554956, 1617297947.184591]
[1617297944.4973602, 1617297947.2368283]
[1617297944.6469343, 1617297947.3289137]
[1617297944.5128598, 1617297947.1914842]
[1617297944.7254717, 1617297947.4370914]
[1617297944.760645, 1617297947.4701335]
[1617297944.8256285, 1617297947.5384398]
[1617297944.9612455, 1617297947.6849942]
[1617297944.9742131, 1617297947.6773353]
[1617297945.0618892, 1617297947.7720015]
[1617297945.0051546, 1617297947.6879413]
[1617297945.0762944, 1617297947.7597756]
[1617297945.2048767, 1617297947.9286256]
[1617297945.1160977, 1617297947.7972646]
[1617297945.3576262, 1617297948.0500963]
[1617297945.1458638, 1617297947.8510754]
[1617297945.2804556, 1617297948.0105703]
[1617297945.4305665, 1617297948.1905334]
[1617297945.2699342, 1617297947.9732003]
[1617297945.4569602, 1617297948.2602975]
[1617297945.5521243, 1617297948.331563]
[1617297945.4187765, 1617297948.1369762]
[1617297945.6488943, 1617297948.3799336]
[1617297945.634312, 1617297948.336518]
[1617297945.525636, 1617297948.2183306]
[1617297945.7300196, 1617297948.416669]
[1617297945.691635, 1617297948.4179955]
[1617297945.942555, 1617297948.6486762]
[1617297945.9771888, 1617297948.6820588]
[1617297946.048606, 1617297948.741464]
[1617297946.0517223, 1617297948.7607045]
[1617297945.9698837, 1617297948.6896818]
[1617297946.1186655, 1617297948.8761992]
[1617297946.1030183, 1617297948.7848952]
[1617297946.2580826, 1617297948.9732008]
[1617297946.4465892, 1617297949.1361027]
[1617297946.1476634, 1617297948.8553007]
[1617297946.2721434, 1617297948.9541466]
[1617297946.2269058, 1617297948.9602299]
[1617297946.152278, 1617297948.8621454]
[1617297946.4318347, 1617297949.1376526]
[1617297946.447002, 1617297949.1314807]
[1617297946.547825, 1617297949.305143]
[1617297946.5527573, 1617297949.263159]
[1617297946.6388457, 1617297949.3415866]
[1617297946.7407062, 1617297949.4190962]
[1617297946.5690858, 1617297949.2680242]
[1617297946.6238585, 1617297949.3234313]
[1617297946.650243, 1617297949.3760333]
[1617297946.9599957, 1617297949.7109072]
[1617297946.8500154, 1617297949.532817]
[1617297946.9649541, 1617297949.6910934]
[1617297947.0104842, 1617297949.701916]
[1617297947.0464597, 1617297949.8491924]
[1617297947.2875328, 1617297950.0394278]
[1617297947.2155526, 1617297949.9550223]
[1617297947.2902646, 1617297949.9992013]
[1617297947.2914424, 1617297950.0017264]
[1617297947.2150097, 1617297949.894153]
[1617297947.3074167, 1617297950.0019772]
[1617297947.5716994, 1617297950.2987902]
[1617297947.243003, 1617297949.990494]
[1617297947.3836043, 1617297950.0941029]
[1617297947.3342333, 1617297950.0232546]
[1617297947.3603377, 1617297950.056156]
[1617297947.613993, 1617297950.3474858]
[1617297947.6704705, 1617297950.3948104]
[1617297947.7021866, 1617297950.4181097]
[1617297947.65957, 1617297950.3783393]
[1617297947.753885, 1617297950.4647605]
[1617297947.845132, 1617297950.6025672]
[1617297947.9625714, 1617297950.6609871]
[1617297947.862719, 1617297950.5587246]
[1617297947.8785684, 1617297950.5867784]
[1617297948.0765646, 1617297950.743865]
[1617297947.9852178, 1617297950.6654084]
[1617297948.0535812, 1617297950.7921216]
[1617297947.9031155, 1617297950.5896106]
[1617297948.1985416, 1617297950.9361727]
[1617297948.231319, 1617297950.912917]
[1617297948.3243434, 1617297951.1042478]
[1617297948.5597413, 1617297951.2803657]
[1617297948.3304656, 1617297951.0683265]
[1617297948.5874083, 1617297951.2594786]
[1617297948.7208207, 1617297951.4187815]
[1617297948.6760743, 1617297951.3770194]
[1617297948.840694, 1617297951.5418253]
[1617297948.627351, 1617297951.320223]
[1617297948.8506727, 1617297951.5704195]
[1617297948.7817745, 1617297951.4705544]
[1617297948.8225951, 1617297951.5185142]
[1617297948.9792786, 1617297951.6968215]
[1617297948.8506858, 1617297951.5611649]
[1617297948.9108648, 1617297951.7040107]
[1617297948.9598954, 1617297951.644973]
[1617297949.061807, 1617297951.7887814]
[1617297948.9346066, 1617297951.6351109]
[1617297949.2218137, 1617297951.9101276]
[1617297949.2871315, 1617297951.9879026]
[1617297949.2200394, 1617297951.9207253]
[1617297949.3325355, 1617297952.0180607]
[1617297949.1164362, 1617297951.8241801]
[1617297949.4020703, 1617297952.1257808]
[1617297949.367771, 1617297952.0828986]
[1617297949.6370344, 1617297952.304295]
[1617297949.4620767, 1617297952.2221742]
[1617297949.859838, 1617297952.7157326]
[1617297949.6910012, 1617297952.3721354]
[1617297949.457976, 1617297952.1342561]
[1617297949.9832315, 1617297952.6633883]
[1617297949.6626039, 1617297952.3969278]
[1617297949.7303448, 1617297952.4748733]
[1617297950.0613556, 1617297952.773214]
[1617297950.0200033, 1617297952.7215917]
[1617297950.134655, 1617297952.8383532]
[1617297949.975184, 1617297952.6905575]
[1617297950.1361587, 1617297952.8670037]
[1617297950.1452513, 1617297952.8447628]
[1617297949.9961782, 1617297952.7147226]
[1617297950.3910632, 1617297953.1343944]
[1617297950.189381, 1617297952.8937209]
[1617297950.5817418, 1617297953.3070037]
[1617297950.3629036, 1617297953.0795155]
[1617297950.2387478, 1617297952.9270895]
[1617297950.2076821, 1617297952.9130895]
[1617297950.2957103, 1617297952.997532]
[1617297950.546984, 1617297953.2296274]
[1617297950.7169495, 1617297953.392868]
[1617297950.74369, 1617297953.4632206]
[1617297950.5065696, 1617297953.2172842]
[1617297950.6171546, 1617297953.2976296]
[1617297950.784925, 1617297953.447828]
[1617297950.7967138, 1617297953.4641519]
[1617297951.0804687, 1617297953.8048627]
[1617297950.991224, 1617297953.7213466]
[1617297950.9697359, 1617297953.6943426]
[1617297950.9775474, 1617297953.7108076]
[1617297951.1142638, 1617297953.9011607]
[1617297951.2163088, 1617297953.945041]
[1617297951.1250896, 1617297953.9063454]
[1617297951.0957499, 1617297953.8224714]
[1617297951.4039423, 1617297954.0975187]
[1617297951.1359856, 1617297953.8892589]
[1617297951.5358746, 1617297954.2141237]
[1617297951.626257, 1617297954.3279881]
[1617297951.600511, 1617297954.3086052]
[1617297951.6316354, 1617297954.3292093]
[1617297951.4015417, 1617297954.1092064]
[1617297951.4040654, 1617297954.1359572]
[1617297951.724265, 1617297954.5873303]
[1617297951.8631744, 1617297954.5762985]
[1617297951.8665495, 1617297954.5723665]
[1617297951.6954458, 1617297954.3812256]
[1617297951.7355015, 1617297954.4562542]
[1617297952.0333252, 1617297954.7486393]
[1617297951.817272, 1617297954.5495334]
[1617297952.117447, 1617297954.822253]
[1617297951.9139981, 1617297954.609373]
[1617297952.2694085, 1617297954.9832437]
[1617297952.2136524, 1617297954.9078903]
[1617297951.9936345, 1617297954.694259]
[1617297952.2618823, 1617297954.9975772]
[1617297952.2851124, 1617297955.0404022]
[1617297952.4653459, 1617297955.1708868]
[1617297952.2409098, 1617297954.9713547]
[1617297952.345571, 1617297955.0046017]
[1617297952.5211036, 1617297955.248015]
[1617297952.2670486, 1617297954.9552608]
[1617297952.6037424, 1617297955.273673]
[1617297952.7604482, 1617297955.491817]
[1617297952.617114, 1617297955.2977672]
[1617297952.7610044, 1617297955.5612018]
[1617297952.697838, 1617297955.4204721]
[1617297952.823863, 1617297955.5462244]
[1617297953.0051239, 1617297955.7086945]
[1617297953.0229235, 1617297955.7616246]
[1617297952.9826353, 1617297955.6870065]
[1617297952.9512043, 1617297955.643295]
[1617297953.2399666, 1617297956.0030768]
[1617297953.0031142, 1617297955.7039037]
[1617297953.2016423, 1617297955.9138522]
[1617297953.0559354, 1617297955.772579]
[1617297953.1243353, 1617297955.841716]
[1617297953.2361708, 1617297955.9181917]
[1617297953.357446, 1617297956.062587]
[1617297953.4046652, 1617297956.0767863]
[1617297953.6831503, 1617297956.3969388]
[1617297953.2736008, 1617297955.9758043]
[1617297953.5488381, 1617297956.2145522]
[1617297953.6204834, 1617297956.314194]
[1617297953.6165783, 1617297956.3376417]
[1617297953.65182, 1617297956.3853626]
[1617297953.886853, 1617297956.6102238]
[1617297953.894042, 1617297956.6377182]
[1617297953.9751613, 1617297956.733259]
[1617297953.9589355, 1617297956.693851]
[1617297953.873565, 1617297956.6097562]
[1617297953.898409, 1617297956.614604]
[1617297954.0430834, 1617297956.8069062]
[1617297954.027582, 1617297956.8254898]
[1617297954.0356698, 1617297956.7948518]
[1617297954.0573144, 1617297956.7387378]
[1617297954.141327, 1617297956.8221054]
[1617297954.1873093, 1617297956.8851047]
[1617297954.1866648, 1617297956.888199]
[1617297954.4044874, 1617297957.092774]
[1617297954.3835242, 1617297957.0882194]
[1617297954.2340703, 1617297956.9149776]
[1617297954.5494115, 1617297957.2452788]
[1617297954.3903444, 1617297957.0981312]
[1617297954.4950414, 1617297957.2138894]
[1617297954.4391375, 1617297957.129861]
[1617297954.8040092, 1617297957.5270553]
[1617297954.7927773, 1617297957.4769533]
[1617297954.6620607, 1617297957.3493798]
[1617297954.9286273, 1617297957.6504116]
[1617297954.8940642, 1617297957.7443407]
[1617297954.9673853, 1617297957.6536171]
[1617297954.8782108, 1617297957.6147811]
[1617297955.011632, 1617297957.6941109]
[1617297955.061581, 1617297957.7830105]
[1617297955.0380437, 1617297957.7895417]
[1617297955.3563087, 1617297958.0271778]
[1617297955.2613864, 1617297958.003298]
[1617297955.4342008, 1617297958.1419275]
[1617297955.2233827, 1617297957.9315221]
[1617297955.5733204, 1617297958.3678367]
[1617297955.4853225, 1617297958.2042189]
[1617297955.4015007, 1617297958.0914934]
[1617297955.5132833, 1617297958.251296]
[1617297955.790228, 1617297958.4725564]
[1617297955.516241, 1617297958.2213147]
[1617297955.8473518, 1617297958.5540428]
[1617297955.5628328, 1617297958.2683136]
[1617297955.5659838, 1617297958.2840178]
[1617297955.7260697, 1617297958.4232235]
[1617297955.9390423, 1617297958.6275234]
[1617297955.906565, 1617297958.5979404]
[1617297955.8493004, 1617297958.6348042]
[1617297955.8545537, 1617297958.5619252]
[1617297955.7201176, 1617297958.4219625]
[1617297955.9465556, 1617297958.675712]
[1617297956.1132386, 1617297958.8163934]
[1617297956.0111892, 1617297958.7387774]
[1617297956.0756207, 1617297958.784992]
[1617297956.2872944, 1617297958.9833782]
[1617297956.2843564, 1617297958.9527185]
[1617297956.3167307, 1617297959.0156484]
[1617297956.3264425, 1617297959.0274713]
[1617297956.336779, 1617297959.0864506]
[1617297956.4346213, 1617297959.099696]
[1617297956.403359, 1617297959.121672]
[1617297956.3454952, 1617297959.2342854]
[1617297956.3682916, 1617297959.099661]
[1617297956.4099245, 1617297959.0913055]
[1617297956.6139789, 1617297959.3096077]
[1617297956.7020385, 1617297959.464808]
[1617297956.607828, 1617297959.3145132]
[1617297956.7548683, 1617297959.460151]
[1617297956.9933722, 1617297959.6857593]
[1617297957.0336366, 1617297959.747725]
[1617297956.9288645, 1617297959.6096046]
[1617297956.8410852, 1617297959.580964]
[1617297956.95945, 1617297959.6822863]
[1617297957.164992, 1617297959.8743734]
[1617297957.12013, 1617297959.8044798]
[1617297957.129695, 1617297959.8217456]
[1617297957.2058067, 1617297959.9603794]
[1617297957.2430017, 1617297959.9533827]
[1617297957.2953877, 1617297959.990187]
[1617297957.4537175, 1617297960.1735702]
[1617297957.4168098, 1617297960.107743]
[1617297957.5787575, 1617297960.2915103]
[1617297957.5837424, 1617297960.2660499]
[1617297957.5245461, 1617297960.2100651]
[1617297957.7047274, 1617297960.3670454]
[1617297957.6594062, 1617297960.3947976]
[1617297957.6834323, 1617297960.375445]
[1617297957.8164163, 1617297960.5097752]
[1617297957.8070765, 1617297960.5385642]
[1617297957.6211967, 1617297960.3275044]
[1617297957.8852167, 1617297960.624346]
[1617297957.8655272, 1617297960.6751533]
[1617297957.9857242, 1617297960.7040157]
[1617297957.8825526, 1617297960.6084821]
[1617297958.0328104, 1617297960.7292325]
[1617297958.2265105, 1617297960.9809172]
[1617297958.3139489, 1617297961.0326092]
[1617297958.2529662, 1617297960.953177]
[1617297957.9793918, 1617297960.6850417]
[1617297958.1319118, 1617297960.807553]
[1617297958.4856355, 1617297961.1652205]
[1617297958.53151, 1617297961.2274444]
[1617297958.6601906, 1617297961.3494132]
[1617297958.5480282, 1617297961.2538545]
[1617297958.6419544, 1617297961.3666775]
[1617297958.7846162, 1617297961.5034795]
[1617297958.781093, 1617297961.5209217]
[1617297958.7352948, 1617297961.4324882]
[1617297958.8319876, 1617297961.5154889]
[1617297958.7353096, 1617297961.4468327]
[1617297958.798744, 1617297961.4953644]
[1617297959.0193324, 1617297961.727229]
[1617297958.8041048, 1617297961.513817]
[1617297959.0587032, 1617297961.7341752]
[1617297958.9750881, 1617297961.6783514]
[1617297959.340185, 1617297962.1445782]
[1617297959.1933644, 1617297961.919742]
[1617297959.3615499, 1617297962.1156516]
[1617297959.3204765, 1617297962.0154464]
[1617297959.176923, 1617297961.913772]
[1617297959.2202294, 1617297961.8967705]
[1617297959.4181252, 1617297962.1543958]
[1617297959.5127518, 1617297962.2689917]
[1617297959.3409634, 1617297962.079581]
[1617297959.5247762, 1617297962.2552102]
[1617297959.672002, 1617297962.3568711]
[1617297959.5574038, 1617297962.7458484]
[1617297959.4751308, 1617297962.3476105]
[1617297959.5810184, 1617297962.3189218]
[1617297959.7610748, 1617297962.44561]
[1617297959.8759608, 1617297962.5687563]
[1617297959.8001428, 1617297962.552819]
[1617297959.797379, 1617297962.5166545]
[1617297959.6967444, 1617297962.4517207]
[1617297959.7145262, 1617297962.4203749]
[1617297960.1476092, 1617297962.8322442]
[1617297960.0328763, 1617297962.729895]
[1617297960.0967062, 1617297962.8185205]
[1617297960.018016, 1617297962.710204]
[1617297960.1154203, 1617297962.8046448]
[1617297960.1413918, 1617297962.8377619]
[1617297960.183967, 1617297962.9059649]
[1617297960.4605687, 1617297963.1711216]
[1617297960.2517893, 1617297962.9357438]
[1617297960.4504552, 1617297963.1060102]
[1617297960.583428, 1617297963.307714]
[1617297960.3129516, 1617297963.0422432]
[1617297960.416169, 1617297963.3173115]
[1617297960.4463775, 1617297963.1433828]
[1617297960.7041676, 1617297963.4512582]
[1617297960.786013, 1617297963.4650269]
[1617297960.6919081, 1617297963.397401]
[1617297960.7978768, 1617297963.5570612]
[1617297960.7912698, 1617297963.5217361]
[1617297960.7882404, 1617297963.5081344]
[1617297960.898505, 1617297963.6123812]
[1617297960.8829947, 1617297963.566665]
[1617297961.0347707, 1617297963.7361186]
[1617297961.0632598, 1617297963.764673]
[1617297961.1448307, 1617297963.861254]
[1617297961.2102373, 1617297963.9357378]
[1617297961.1449473, 1617297963.8888001]
[1617297960.8981352, 1617297963.613789]
[1617297961.097025, 1617297963.7979298]
[1617297961.1918888, 1617297963.8773458]
[1617297961.3942537, 1617297964.1491804]
[1617297961.3977199, 1617297964.0933564]
[1617297961.451102, 1617297964.1460347]
[1617297961.5003858, 1617297964.2232397]
[1617297961.31393, 1617297964.0173252]
[1617297961.6573436, 1617297964.3553002]
[1617297961.847136, 1617297964.5371375]
[1617297961.572125, 1617297964.2880702]
[1617297961.79921, 1617297964.502089]
[1617297961.6699052, 1617297964.3937309]
[1617297961.8965251, 1617297964.599855]
[1617297961.9792507, 1617297964.6949518]
[1617297961.9392416, 1617297964.64953]
[1617297961.8683681, 1617297964.5833344]
[1617297961.837912, 1617297964.5443578]
[1617297961.8648353, 1617297964.5795548]
[1617297962.1850007, 1617297964.929174]
[1617297962.254387, 1617297964.950404]
[1617297962.1142573, 1617297964.8319132]
[1617297962.233907, 1617297964.9674919]
[1617297962.445356, 1617297965.1418943]
[1617297962.4036126, 1617297965.091361]
[1617297962.2389934, 1617297964.9296913]
[1617297962.2204995, 1617297964.9261432]
[1617297962.4207993, 1617297965.20584]
[1617297962.497638, 1617297965.3106916]
[1617297962.7433393, 1617297965.445799]
[1617297962.5803022, 1617297965.289036]
[1617297962.6437933, 1617297965.347306]
[1617297962.766325, 1617297965.4578488]
[1617297962.5869763, 1617297965.3100991]
[1617297962.6971624, 1617297965.4154885]
[1617297962.816851, 1617297965.5141397]
[1617297962.8164613, 1617297965.549136]
[1617297962.9206023, 1617297965.6513271]
[1617297962.761126, 1617297965.6762419]
[1617297963.0760314, 1617297965.7896628]
[1617297963.0312815, 1617297965.731377]
[1617297963.1162865, 1617297965.791768]
[1617297963.071435, 1617297965.754285]
[1617297963.0177135, 1617297965.6992877]
[1617297963.0692408, 1617297965.7980247]
[1617297963.1537836, 1617297965.845662]
[1617297963.2803319, 1617297965.9804096]
[1617297963.385484, 1617297966.084901]
[1617297963.315118, 1617297966.0647173]
[1617297963.5992513, 1617297966.2788997]
[1617297963.3775928, 1617297966.1532314]
[1617297963.5467138, 1617297966.3279085]
[1617297963.2976043, 1617297966.0234413]
[1617297963.474479, 1617297966.1586154]
[1617297963.7506704, 1617297966.4529295]
[1617297963.7626424, 1617297966.4846425]
[1617297963.8790712, 1617297966.605852]
[1617297963.8230174, 1617297966.521891]
[1617297963.6450994, 1617297966.3553112]
[1617297964.184421, 1617297966.909875]
[1617297964.1114683, 1617297966.838059]
[1617297964.121718, 1617297966.8245113]
[1617297963.943433, 1617297966.6778734]
[1617297964.2037868, 1617297966.9063706]
[1617297964.1372747, 1617297966.815828]
[1617297963.9937658, 1617297966.7108529]
[1617297964.3643832, 1617297967.07046]
[1617297964.3979173, 1617297967.1076705]
[1617297964.3315382, 1617297967.0616148]
[1617297964.4379094, 1617297967.1431248]
[1617297964.2139125, 1617297966.922749]
[1617297964.773813, 1617297967.515048]
[1617297964.9045901, 1617297967.6215057]
[1617297964.5287943, 1617297967.2303226]
[1617297964.9198642, 1617297967.588041]
[1617297964.82005, 1617297967.5193808]
[1617297964.6402433, 1617297967.3402236]
[1617297964.874196, 1617297967.6008618]
[1617297964.6757123, 1617297967.4001896]
[1617297964.9004252, 1617297967.6073587]
[1617297964.9405682, 1617297967.6343498]
[1617297965.0984738, 1617297967.7856042]
[1617297964.925836, 1617297967.6831374]
[1617297965.2827833, 1617297968.011667]
[1617297965.1816263, 1617297967.8729877]
[1617297965.151927, 1617297967.8428493]
[1617297965.1398776, 1617297967.850144]
[1617297965.3937454, 1617297968.1176085]
[1617297965.2415276, 1617297968.3572567]
[1617297965.5039833, 1617297968.1963384]
[1617297965.389995, 1617297968.2207375]
[1617297965.6318514, 1617297968.3469875]
[1617297965.5061646, 1617297968.2214928]
[1617297965.3725328, 1617297968.0758052]
[1617297965.541739, 1617297968.2345223]
[1617297965.9645336, 1617297968.680582]
[1617297965.6842535, 1617297968.4183898]
[1617297965.6783464, 1617297968.3508928]
[1617297966.0143507, 1617297968.741846]
[1617297965.7648087, 1617297968.4469178]
[1617297965.945908, 1617297968.63694]
[1617297966.0179777, 1617297968.739372]
[1617297966.1393712, 1617297968.8651583]
[1617297965.9702182, 1617297968.6267872]
[1617297966.3542356, 1617297969.037704]
[1617297966.5073252, 1617297969.215044]
[1617297966.3544455, 1617297969.1102703]
[1617297966.2803829, 1617297969.0123737]
[1617297966.182372, 1617297968.858006]
[1617297966.2262998, 1617297968.9177372]
[1617297966.6965878, 1617297969.4106355]
[1617297966.2355506, 1617297969.0250695]
[1617297966.411174, 1617297969.0985513]
[1617297966.6266067, 1617297969.3324506]
[1617297966.50694, 1617297969.204679]
[1617297966.7239325, 1617297969.4384272]
[1617297966.6099987, 1617297969.3152335]
[1617297967.0003061, 1617297969.7154129]
[1617297966.6954045, 1617297969.4303644]
[1617297966.8353467, 1617297969.537046]
[1617297966.8006785, 1617297969.5070848]
[1617297966.8257222, 1617297969.5102022]
[1617297967.1315837, 1617297969.868351]
[1617297966.9008598, 1617297969.5878804]
[1617297967.1115081, 1617297969.7925801]
[1617297967.046332, 1617297969.7609131]
[1617297967.2182562, 1617297969.9281495]
[1617297967.0613751, 1617297969.7580376]
[1617297967.454592, 1617297970.151217]
[1617297967.2669284, 1617297969.969037]
[1617297967.270659, 1617297970.0041697]
[1617297967.3183002, 1617297970.6310625]
[1617297967.3979542, 1617297970.1004884]
[1617297967.407628, 1617297970.1176596]
[1617297967.3361623, 1617297970.0247169]
[1617297967.536563, 1617297970.2844884]
[1617297967.6691616, 1617297970.3775458]
[1617297967.568432, 1617297970.2804945]
[1617297967.6616611, 1617297970.3628857]
[1617297967.7109578, 1617297970.4141946]
[1617297967.7977417, 1617297970.4772003]
[1617297967.6657615, 1617297970.389415]
[1617297967.5960476, 1617297970.4222891]
[1617297967.8412251, 1617297970.5551722]
[1617297968.029106, 1617297970.7644103]
[1617297967.8718324, 1617297970.547025]
[1617297967.8197193, 1617297970.552388]
[1617297968.1609535, 1617297970.857293]
[1617297968.077537, 1617297970.741076]
[1617297968.1567643, 1617297970.850439]
[1617297968.1287684, 1617297970.8550835]
[1617297968.2397616, 1617297970.945422]
[1617297968.2617078, 1617297970.9842896]
[1617297968.1991436, 1617297970.9885902]
[1617297968.3352377, 1617297971.0409741]
[1617297968.2166088, 1617297970.91816]
[1617297968.277921, 1617297971.0508573]
[1617297968.3509104, 1617297971.0514333]
[1617297968.3841999, 1617297971.210729]
[1617297968.5046353, 1617297971.216889]
[1617297968.509212, 1617297971.2304957]
[1617297968.6866004, 1617297971.3941998]
[1617297968.5617998, 1617297971.2716682]
[1617297968.681136, 1617297971.3692865]
[1617297968.501645, 1617297971.1976562]
[1617297968.8540943, 1617297971.5753727]
[1617297968.7915957, 1617297971.4878068]
[1617297968.883462, 1617297971.614937]
[1617297968.9762657, 1617297971.630897]
[1617297968.9560194, 1617297971.7165594]
[1617297968.9603665, 1617297971.634772]
[1617297969.042972, 1617297971.7303243]
[1617297969.4591095, 1617297972.1843493]
[1617297969.449732, 1617297972.1729004]
[1617297969.3056293, 1617297971.9910605]
[1617297969.3248065, 1617297972.0276587]
[1617297969.4521556, 1617297972.1849165]
[1617297969.3885236, 1617297972.1084821]
[1617297969.4571595, 1617297972.164041]
[1617297969.280148, 1617297972.0383003]
[1617297969.6383448, 1617297972.3178337]
[1617297969.6177583, 1617297972.3183312]
[1617297969.5184364, 1617297972.2035646]
[1617297969.7081382, 1617297972.4158766]
[1617297969.5994482, 1617297972.2842085]
[1617297969.7281501, 1617297972.5305617]
[1617297969.9331062, 1617297972.6416202]
[1617297969.9786043, 1617297972.6586466]
[1617297969.9459467, 1617297972.6676016]
[1617297969.8644564, 1617297972.5514784]
[1617297970.043134, 1617297972.836159]
[1617297970.11874, 1617297972.816979]
[1617297969.963037, 1617297972.6949844]
[1617297970.2476194, 1617297972.945421]
[1617297970.0280359, 1617297972.7190697]
[1617297970.5206912, 1617297973.1985118]
[1617297970.3390608, 1617297973.0323749]
[1617297970.287104, 1617297973.0099232]
[1617297970.4533637, 1617297973.2624722]
[1617297970.6801746, 1617297973.6577754]
[1617297970.4788837, 1617297973.1776924]
[1617297970.8471642, 1617297973.5699997]
[1617297970.8288965, 1617297973.4936724]
[1617297970.5639408, 1617297973.280986]
[1617297970.699418, 1617297973.4286642]
[1617297970.7961001, 1617297973.5284176]
[1617297970.9182653, 1617297973.6132574]
[1617297970.8554814, 1617297973.5492]
[1617297970.9774692, 1617297973.678252]
[1617297970.9936242, 1617297973.6980977]
[1617297971.088878, 1617297973.7975492]
[1617297970.9412885, 1617297973.6331236]
[1617297970.9953227, 1617297973.882255]
[1617297971.1272192, 1617297973.8336873]
[1617297970.9981728, 1617297973.7299201]
[1617297971.1963217, 1617297973.9098928]
[1617297971.0936723, 1617297973.82842]
[1617297971.454067, 1617297974.184968]
[1617297971.4629893, 1617297974.1971762]
[1617297971.5011427, 1617297974.2105088]
[1617297971.379453, 1617297974.0756948]
[1617297971.5050058, 1617297974.1773195]
[1617297971.6490505, 1617297974.330496]
[1617297971.5520508, 1617297974.271992]
[1617297971.761995, 1617297974.4523013]
[1617297971.5989861, 1617297974.3145332]
[1617297971.68125, 1617297974.382886]
[1617297971.6452236, 1617297974.334306]
[1617297971.9386086, 1617297974.6418936]
[1617297971.7095003, 1617297974.4692202]
[1617297971.8322637, 1617297974.5659564]
[1617297971.8352845, 1617297974.523014]
[1617297972.0023468, 1617297974.677572]
[1617297972.025797, 1617297974.7481437]
[1617297972.1591828, 1617297974.8771715]
[1617297971.9551945, 1617297974.6468549]
[1617297972.1850936, 1617297974.9059641]
[1617297972.163455, 1617297974.8882878]
[1617297972.4499068, 1617297975.1277242]
[1617297972.4613621, 1617297975.1891189]
[1617297972.3256984, 1617297975.0529585]
[1617297972.4106107, 1617297975.0974698]
[1617297972.1648002, 1617297974.8620963]
[1617297972.2343864, 1617297974.9167974]
[1617297972.4282012, 1617297975.1146815]
[1617297973.0318375, 1617297975.7623596]
[1617297972.5834532, 1617297975.264662]
[1617297972.530325, 1617297975.2697916]
[1617297972.5545878, 1617297975.2678008]
[1617297972.8342912, 1617297975.5311885]
[1617297972.8346996, 1617297975.5277753]
[1617297972.6603084, 1617297975.4023104]
[1617297973.121325, 1617297975.8437874]
[1617297972.9022949, 1617297975.641573]
[1617297973.110518, 1617297975.8338153]
[1617297973.4531875, 1617297976.1582913]
[1617297973.2178812, 1617297975.9224875]
[1617297973.2792158, 1617297975.9588056]
[1617297973.0364795, 1617297975.731878]
[1617297973.3427994, 1617297976.0731263]
[1617297973.2285743, 1617297975.925554]
[1617297973.4412134, 1617297976.1682487]
[1617297973.563359, 1617297976.2562745]
[1617297973.5470958, 1617297976.2756577]
[1617297973.5957263, 1617297976.2561753]
[1617297973.4848058, 1617297976.181848]
[1617297973.485664, 1617297976.1691787]
[1617297973.5838308, 1617297976.2751143]
[1617297973.6450045, 1617297976.3373494]
[1617297973.738064, 1617297976.4676588]
[1617297973.7081878, 1617297976.4206462]
[1617297973.795183, 1617297976.5075357]
[1617297973.8302004, 1617297976.5484276]
[1617297974.3459713, 1617297977.0392294]
[1617297974.0838852, 1617297976.7777236]
[1617297974.1813917, 1617297976.9001617]
[1617297974.1112497, 1617297976.8444793]
[1617297973.9541078, 1617297976.654074]
[1617297974.1026204, 1617297976.8743382]
[1617297974.1637006, 1617297976.8612459]
[1617297974.1656973, 1617297976.8584225]
[1617297974.1286705, 1617297976.9695094]
[1617297974.1243653, 1617297976.851198]
[1617297974.434715, 1617297977.0954278]
[1617297974.4267888, 1617297977.1716335]
[1617297974.5751443, 1617297977.3700008]
[1617297974.4798574, 1617297977.1996646]
[1617297974.7893496, 1617297977.4983351]
[1617297974.6788645, 1617297977.3864355]
[1617297974.7509663, 1617297977.4482448]
[1617297975.0716188, 1617297977.7766716]
[1617297974.8030584, 1617297977.5083597]
[1617297974.9905481, 1617297977.6748574]
[1617297975.1793184, 1617297977.8750427]
[1617297974.83541, 1617297977.5279076]
[1617297975.1542146, 1617297977.8337119]
[1617297975.1082458, 1617297977.7979605]
[1617297975.2510755, 1617297977.9693635]
[1617297975.2107832, 1617297977.96876]
[1617297975.0421798, 1617297977.756173]
[1617297975.23285, 1617297977.9395387]
[1617297975.4011564, 1617297978.1151316]
[1617297975.4148355, 1617297978.1274245]
[1617297975.390663, 1617297978.1159854]
[1617297975.4889095, 1617297978.1894]
[1617297975.4985018, 1617297978.1817636]
[1617297975.4778557, 1617297978.158501]
[1617297975.5970387, 1617297978.2911575]
[1617297975.5667806, 1617297978.2581913]
[1617297976.0533562, 1617297978.7719047]
[1617297975.8075092, 1617297978.513464]
[1617297975.7103558, 1617297978.4137974]
[1617297975.9072256, 1617297978.6125102]
[1617297975.961996, 1617297978.6537225]
[1617297975.9467597, 1617297978.6468377]
[1617297976.0362186, 1617297978.7012806]
[1617297975.8962464, 1617297978.605029]
[1617297975.9125056, 1617297978.6116984]
[1617297976.3245132, 1617297979.0347693]
[1617297976.470095, 1617297979.126564]
[1617297976.4398377, 1617297979.1454487]
[1617297976.1352828, 1617297978.8554924]
[1617297976.3336225, 1617297979.0448112]
[1617297976.5858874, 1617297979.2621357]
[1617297976.3055837, 1617297979.0352156]
[1617297976.2552168, 1617297978.9692383]
[1617297976.4793115, 1617297979.2247646]
[1617297976.3849993, 1617297979.0649571]
[1617297976.5252225, 1617297979.2598104]
[1617297976.8460748, 1617297979.5374959]
[1617297976.6366646, 1617297979.40147]
[1617297976.773486, 1617297979.4902287]
[1617297976.5853755, 1617297979.3132448]
[1617297977.0950205, 1617297979.7861373]
[1617297976.9730804, 1617297979.649765]
[1617297976.8568766, 1617297979.5604055]
[1617297977.013524, 1617297979.7221835]
[1617297976.9791539, 1617297979.8152905]
[1617297977.0655887, 1617297979.7442706]
[1617297977.2373002, 1617297979.9586248]
[1617297977.1570837, 1617297979.8163364]
[1617297976.973516, 1617297979.7838957]
[1617297977.2389174, 1617297979.9900856]
[1617297977.3200595, 1617297980.0923936]
[1617297977.1768837, 1617297979.8816166]
[1617297977.3500667, 1617297980.1394055]
[1617297977.5413527, 1617297980.2261972]
[1617297977.4531887, 1617297980.2432215]
[1617297977.6123376, 1617297980.3043547]
[1617297977.5177736, 1617297980.2218995]
[1617297977.5475092, 1617297980.2733555]
[1617297977.6192024, 1617297980.3171678]
[1617297977.7774167, 1617297980.4932146]
[1617297977.6059566, 1617297980.2829697]
[1617297977.8256252, 1617297980.510778]
[1617297977.920476, 1617297980.657659]
[1617297977.848326, 1617297980.5467548]
[1617297978.0707011, 1617297980.8049605]
[1617297977.895887, 1617297980.59215]
[1617297978.255953, 1617297980.9618711]
[1617297978.2212677, 1617297980.9265366]
[1617297978.1765027, 1617297980.8558364]
[1617297978.297691, 1617297980.9888802]
[1617297978.0703897, 1617297980.781039]
[1617297978.2662425, 1617297980.9732194]
[1617297978.38387, 1617297981.0969293]
[1617297978.2391486, 1617297980.9199288]
[1617297978.3741002, 1617297981.1197195]
[1617297978.5975015, 1617297981.3084798]
[1617297978.3885217, 1617297981.1163785]
[1617297978.537815, 1617297981.2557602]
[1617297978.6740863, 1617297981.3592231]
[1617297978.6451664, 1617297981.3463633]
[1617297978.7200496, 1617297981.3889313]
[1617297978.8611557, 1617297981.582786]
[1617297978.882663, 1617297981.6400228]
[1617297978.8911986, 1617297981.5911748]
[1617297979.0696719, 1617297981.759103]
[1617297978.9107792, 1617297981.6672735]
[1617297979.068125, 1617297981.7986948]
[1617297979.1648588, 1617297981.859635]
[1617297979.1295679, 1617297981.8280377]
[1617297979.0902119, 1617297981.8403945]
[1617297979.1474633, 1617297981.8033104]
[1617297979.275725, 1617297981.9480522]
[1617297979.3614812, 1617297982.0701454]
[1617297979.410049, 1617297982.1382253]
[1617297979.397664, 1617297982.1142333]
[1617297979.6489644, 1617297982.3338463]
[1617297979.3795373, 1617297982.086894]
[1617297979.2188525, 1617297981.925138]
[1617297979.3969972, 1617297982.1514444]
[1617297979.6252425, 1617297982.3435733]
[1617297979.5383513, 1617297982.2378166]
[1617297979.5639086, 1617297982.2582483]
[1617297979.926333, 1617297982.5833578]
[1617297979.7030897, 1617297982.4230938]
[1617297979.6568046, 1617297982.3657382]
[1617297979.9023623, 1617297982.6312869]
[1617297979.7571535, 1617297982.428958]
[1617297979.7654061, 1617297982.4568741]
[1617297980.0747592, 1617297982.7669592]
[1617297980.091241, 1617297982.9308128]
[1617297979.9799523, 1617297982.8031952]
[1617297979.9709532, 1617297982.6884863]
[1617297980.0161908, 1617297982.796541]
[1617297980.3116581, 1617297983.015902]
[1617297980.2188895, 1617297982.9793646]
[1617297980.278332, 1617297982.993407]
[1617297980.2412424, 1617297982.9479291]
[1617297980.4430196, 1617297983.1501539]
[1617297980.636062, 1617297983.3329444]
[1617297980.4575458, 1617297983.1455033]
[1617297980.5174365, 1617297983.199479]
[1617297980.5650396, 1617297983.246295]
[1617297980.5888546, 1617297983.3055925]
[1617297980.7966368, 1617297983.5417209]
[1617297980.692867, 1617297983.3900056]
[1617297980.7008815, 1617297983.4521337]
[1617297980.8086307, 1617297983.5524833]
[1617297980.7885983, 1617297983.5101235]
[1617297980.7226243, 1617297983.449828]
[1617297981.0056994, 1617297983.688589]
[1617297980.839698, 1617297983.5661948]
[1617297981.0921113, 1617297983.7959409]
[1617297981.2235334, 1617297983.9594986]
[1617297981.0935311, 1617297983.784168]
[1617297981.3351753, 1617297984.0762367]
[1617297981.0602305, 1617297983.7573607]
[1617297981.1352482, 1617297983.8565545]
[1617297981.3321738, 1617297984.0372577]
[1617297981.360097, 1617297984.0501907]
[1617297981.0677872, 1617297983.7864122]
[1617297981.6404586, 1617297984.3514102]
[1617297981.632888, 1617297984.2943447]
[1617297981.5924938, 1617297984.3172913]
[1617297981.6664207, 1617297984.3832402]
[1617297981.7937195, 1617297984.4724238]
[1617297981.6311686, 1617297984.3411193]
[1617297981.7163897, 1617297984.4081156]
[1617297981.9173934, 1617297984.644154]
[1617297981.6336787, 1617297984.3414836]
[1617297981.8096342, 1617297984.4697185]
[1617297981.9105902, 1617297984.6264613]
[1617297981.8968441, 1617297984.5950284]
[1617297981.9372616, 1617297984.6308913]
[1617297982.2266326, 1617297984.9496694]
[1617297982.023805, 1617297984.6924157]
[1617297982.1501825, 1617297984.8920178]
[1617297982.1401498, 1617297984.8601384]
[1617297982.387792, 1617297985.0676684]
[1617297982.2811203, 1617297984.9647083]
[1617297982.3090684, 1617297985.02846]
[1617297982.4600074, 1617297985.1664681]
[1617297982.526786, 1617297985.256956]
[1617297982.4973872, 1617297985.183225]
[1617297982.4350965, 1617297985.1202621]
[1617297982.5377054, 1617297985.23731]
[1617297982.634905, 1617297985.289002]
[1617297982.8232114, 1617297985.6365607]
[1617297982.768263, 1617297985.460966]
[1617297982.7413428, 1617297985.4735804]
[1617297982.9607198, 1617297985.6510954]
[1617297982.7936435, 1617297985.4884224]
[1617297983.1854296, 1617297985.8911643]
[1617297983.1410742, 1617297985.9440603]
[1617297983.082305, 1617297985.7759237]
[1617297983.0656612, 1617297985.7443452]
[1617297983.2494812, 1617297985.9342387]
[1617297983.3942142, 1617297986.0908637]
[1617297983.1247673, 1617297985.8439775]
[1617297983.1951697, 1617297985.8768084]
[1617297983.595159, 1617297986.3355298]
[1617297983.6775508, 1617297986.3989177]
[1617297983.441075, 1617297986.1928308]
[1617297983.3382225, 1617297986.0240064]
[1617297983.4296076, 1617297986.1108305]
[1617297983.3785799, 1617297986.0902393]
[1617297983.6447196, 1617297986.3439636]
[1617297983.8319905, 1617297986.5430148]
[1617297983.8901944, 1617297986.6186488]
[1617297983.7627969, 1617297986.4539087]
[1617297983.809691, 1617297986.5120716]
[1617297983.8392303, 1617297986.5385067]
[1617297983.9353278, 1617297986.6460695]
[1617297983.91418, 1617297986.6130166]
[1617297984.026795, 1617297986.7449503]
[1617297984.1601093, 1617297986.8725219]
[1617297984.0027287, 1617297986.725304]
[1617297984.3180444, 1617297987.0413752]
[1617297984.1383846, 1617297986.8498487]
[1617297984.186935, 1617297986.880787]
[1617297984.1131113, 1617297986.8290033]
[1617297984.271007, 1617297987.1750007]
[1617297984.3059692, 1617297987.0042257]
[1617297984.682141, 1617297987.4425066]
[1617297984.4184434, 1617297987.1143723]
[1617297984.3915942, 1617297987.11065]
[1617297984.9042969, 1617297987.633739]
[1617297984.7140226, 1617297987.3836234]
[1617297984.6098163, 1617297987.3185518]
[1617297984.639388, 1617297987.353192]
[1617297984.9713387, 1617297987.6654027]
[1617297985.190427, 1617297987.9120412]
[1617297984.720744, 1617297987.3982556]
[1617297984.8018806, 1617297987.4883626]
[1617297984.8691869, 1617297987.5789976]
[1617297985.0014167, 1617297987.7312808]
[1617297985.1426558, 1617297987.8168163]
[1617297984.9899104, 1617297987.718798]
[1617297985.1479154, 1617297987.873277]
[1617297984.9360924, 1617297987.6124017]
[1617297985.061306, 1617297987.7572432]
[1617297985.284852, 1617297987.9944081]
[1617297985.2321982, 1617297987.9389133]
[1617297985.2965105, 1617297987.9544327]
[1617297985.2447376, 1617297987.9339528]
[1617297985.286328, 1617297987.9635792]
[1617297985.5107088, 1617297988.2007952]
[1617297985.4804204, 1617297988.2196395]
[1617297985.6399856, 1617297988.3501332]
[1617297985.6835728, 1617297988.3954356]
[1617297985.5014749, 1617297988.1843474]
[1617297985.8732593, 1617297988.6057336]
[1617297985.798836, 1617297988.4886322]
[1617297985.981941, 1617297988.842907]
[1617297986.0819156, 1617297988.7722902]
[1617297986.0091655, 1617297988.7115872]
[1617297986.0938983, 1617297988.7880309]
[1617297985.9825168, 1617297988.6679397]
[1617297986.098315, 1617297988.7940633]
[1617297986.2473626, 1617297988.9447293]
[1617297986.3022196, 1617297989.016418]
[1617297986.0942435, 1617297988.8077793]
[1617297986.2029357, 1617297988.9514155]
[1617297986.3323035, 1617297989.0457659]
[1617297986.3653512, 1617297989.0602458]
[1617297986.340749, 1617297989.1401567]
[1617297986.4883351, 1617297989.195103]
[1617297986.5467694, 1617297989.2287276]
[1617297986.4872205, 1617297989.1681974]
[1617297986.6065707, 1617297989.3492506]
[1617297986.6517282, 1617297989.3632038]
[1617297986.5376463, 1617297989.2410517]
[1617297986.7301548, 1617297989.4687996]
[1617297986.8279495, 1617297989.565692]
[1617297986.971723, 1617297989.6951241]
[1617297986.9228396, 1617297989.6448977]
[1617297986.8890748, 1617297989.5874164]
[1617297986.9916987, 1617297989.720312]
[1617297986.9416955, 1617297989.6489444]
[1617297987.1673114, 1617297989.868181]
[1617297987.0501988, 1617297989.7476768]
[1617297987.2000914, 1617297989.9014978]
[1617297987.1333802, 1617297989.8474474]
[1617297987.125286, 1617297989.8188689]
[1617297987.1378431, 1617297989.8319721]
[1617297987.4513147, 1617297990.1860352]
[1617297987.5150409, 1617297990.1994154]
[1617297987.5596623, 1617297990.222353]
[1617297987.662175, 1617297990.3253126]
[1617297987.8235166, 1617297990.4933312]
[1617297987.5446267, 1617297990.2472103]
[1617297987.653065, 1617297990.3828242]
[1617297987.7076378, 1617297990.418934]
[1617297987.747647, 1617297990.4551783]
[1617297987.891447, 1617297990.5916526]
[1617297987.8931556, 1617297990.6480691]
[1617297987.8603907, 1617297990.5824392]
[1617297988.1390975, 1617297990.7934973]
[1617297987.917335, 1617297990.6349688]
[1617297988.0588179, 1617297990.7589374]
[1617297988.093984, 1617297990.7784178]
[1617297988.1443758, 1617297990.856288]
[1617297988.1922648, 1617297990.8902078]
[1617297988.1611435, 1617297990.841602]
[1617297988.3819437, 1617297991.0904944]
[1617297988.3290792, 1617297991.0385337]
[1617297988.3370085, 1617297991.0327027]
[1617297988.391372, 1617297991.089086]
[1617297988.5075676, 1617297991.21326]
[1617297988.4168572, 1617297991.100456]
[1617297988.6613045, 1617297991.438927]
[1617297988.838137, 1617297991.5430565]
[1617297988.6849093, 1617297991.3689485]
[1617297988.6069064, 1617297991.3132977]
[1617297988.60152, 1617297991.3162532]
[1617297988.7833762, 1617297991.4689527]
[1617297988.9094927, 1617297991.6734407]
[1617297988.794375, 1617297991.4866974]
[1617297989.0320878, 1617297991.7529802]
[1617297989.0104759, 1617297991.6984608]
[1617297988.910827, 1617297991.6133926]
[1617297988.9825995, 1617297991.7289522]
[1617297989.1859138, 1617297991.8998477]
[1617297989.385822, 1617297992.0889764]
[1617297989.2576368, 1617297991.9647534]
[1617297989.453188, 1617297992.2121625]
[1617297989.1035492, 1617297991.8195448]
[1617297989.2367785, 1617297991.9192789]
[1617297989.3077593, 1617297992.07655]
[1617297989.5650773, 1617297992.3139389]
[1617297989.4061244, 1617297992.124129]
[1617297989.4365394, 1617297992.244933]
[1617297989.7469754, 1617297992.4746468]
[1617297989.4748402, 1617297992.2037003]
[1617297989.7579877, 1617297992.4597213]
[1617297989.714066, 1617297992.4237156]
[1617297989.7231147, 1617297992.4203703]
[1617297989.7248385, 1617297992.4394984]
[1617297989.9695234, 1617297992.6948276]
[1617297990.0642753, 1617297992.7257323]
[1617297989.9682844, 1617297992.6638408]
[1617297990.0651855, 1617297992.7555645]
[1617297989.9170563, 1617297992.621409]
[1617297990.1318386, 1617297992.8515263]
[1617297990.18377, 1617297993.1422234]
[1617297990.3124723, 1617297992.9876933]
[1617297990.163304, 1617297992.8786294]
[1617297990.2497895, 1617297992.9312549]
[1617297990.1949995, 1617297992.9504097]
[1617297990.4089153, 1617297993.0918055]
[1617297990.4341505, 1617297993.121714]
[1617297990.3933399, 1617297993.1704657]
[1617297990.491269, 1617297993.2126856]
[1617297990.6360607, 1617297993.3574202]
[1617297990.5004256, 1617297993.1705804]
[1617297990.7159708, 1617297993.4332845]
[1617297990.6939776, 1617297993.4234376]
[1617297990.871472, 1617297993.6008108]
[1617297990.8551638, 1617297993.538279]
[1617297991.0533068, 1617297993.750292]
[1617297990.9384935, 1617297993.6366615]
[1617297991.1120539, 1617297993.79648]
[1617297991.0646222, 1617297993.7541]
[1617297991.149349, 1617297993.8584917]
[1617297991.2423236, 1617297993.9340136]
[1617297991.225291, 1617297993.9303029]
[1617297991.2492042, 1617297993.956122]
[1617297991.2649395, 1617297993.9547799]
[1617297991.403232, 1617297994.119279]
[1617297991.3234625, 1617297994.018998]
[1617297991.3514905, 1617297994.0349042]
[1617297991.4382434, 1617297994.1189554]
[1617297991.2414653, 1617297993.8985198]
[1617297991.40559, 1617297994.1130714]
[1617297991.1954718, 1617297993.888873]
[1617297991.7064714, 1617297994.3904047]
[1617297991.3342974, 1617297994.0494545]
[1617297991.694687, 1617297994.4982464]
[1617297991.7529552, 1617297994.4565997]
[1617297991.4463942, 1617297994.1762965]
[1617297991.7508194, 1617297994.4644923]
[1617297991.996148, 1617297994.6874678]
[1617297991.825034, 1617297994.536832]
[1617297991.9715781, 1617297994.6734283]
[1617297991.9996848, 1617297994.6901581]
[1617297991.8344555, 1617297994.5934262]
[1617297991.7876918, 1617297994.4886508]
[1617297991.9573078, 1617297994.642222]
[1617297992.1110275, 1617297994.820026]
[1617297992.2022226, 1617297994.8986049]
[1617297992.198808, 1617297994.9185138]
[1617297992.1766946, 1617297994.8926532]
[1617297992.2301223, 1617297994.9353583]
[1617297992.2275789, 1617297994.9448607]
[1617297992.386703, 1617297995.08852]
[1617297992.5077553, 1617297995.2334588]
[1617297992.484658, 1617297995.2293832]
[1617297992.5020554, 1617297995.2080715]
[1617297992.651872, 1617297995.3592286]
[1617297992.6427286, 1617297995.3409908]
[1617297993.0296955, 1617297995.767883]
[1617297992.7478895, 1617297995.449188]
[1617297992.7655368, 1617297995.4642901]
[1617297992.9332974, 1617297995.6612895]
[1617297992.776865, 1617297995.4898033]
[1617297993.1707664, 1617297995.8547115]
[1617297992.9084196, 1617297995.6189806]
[1617297993.0725555, 1617297995.742979]
[1617297993.1553323, 1617297995.88277]
[1617297992.9933097, 1617297995.693156]
[1617297993.3358626, 1617297996.0027738]
[1617297993.512446, 1617297996.213258]
[1617297993.3008902, 1617297996.00233]
[1617297993.4349592, 1617297996.1455677]
[1617297993.473446, 1617297996.170461]
[1617297993.4548218, 1617297996.1669376]
[1617297993.311758, 1617297996.0387254]
[1617297993.6311, 1617297996.3421917]
[1617297993.309359, 1617297995.9815874]
[1617297993.6694322, 1617297996.3607066]
[1617297993.818939, 1617297996.5135398]
[1617297993.9218783, 1617297996.577753]
[1617297993.571019, 1617297996.2552378]
[1617297993.8823142, 1617297996.581832]
[1617297993.8394768, 1617297996.5422275]
[1617297993.8324165, 1617297996.5830762]
[1617297994.0633314, 1617297996.7720165]
[1617297994.1209831, 1617297996.8236408]
[1617297994.3021824, 1617297997.025042]
[1617297994.2107239, 1617297997.007987]
[1617297994.1087317, 1617297996.8149655]
[1617297994.2779374, 1617297996.9686754]
[1617297994.464605, 1617297997.1569839]
[1617297994.2600963, 1617297996.9386246]
[1617297994.261076, 1617297996.9672067]
[1617297994.3280187, 1617297997.0425208]
[1617297994.4997115, 1617297997.218067]
[1617297994.3347006, 1617297997.014886]
[1617297994.6559575, 1617297997.3309128]
[1617297994.6682389, 1617297997.5941489]
[1617297994.7507424, 1617297997.444415]
[1617297994.5790422, 1617297997.2885048]
[1617297994.6572373, 1617297997.3613384]
[1617297994.91861, 1617297997.620176]
[1617297994.9097672, 1617297997.6225083]
[1617297994.8504689, 1617297997.59456]
[1617297994.9115424, 1617297997.6316102]
[1617297995.056015, 1617297997.7609205]
[1617297994.985137, 1617297997.7009826]
[1617297994.9935184, 1617297997.707217]
[1617297994.9733205, 1617297997.7151995]
[1617297995.073738, 1617297997.815982]
[1617297995.2289686, 1617297997.9298103]
[1617297995.2506652, 1617297997.9641447]
[1617297995.1217928, 1617297997.8456993]
[1617297995.3385987, 1617297998.0384095]
[1617297995.3318863, 1617297998.0648096]
[1617297995.6312551, 1617297998.351218]
[1617297995.3956356, 1617297998.1386015]
[1617297995.538036, 1617297998.23798]
[1617297995.5087168, 1617297998.2271297]
[1617297995.6389105, 1617297998.343671]
[1617297995.637067, 1617297998.3578706]
[1617297995.7747023, 1617297998.5082567]
[1617297995.7628646, 1617297998.42876]
[1617297995.9350772, 1617297998.630518]
[1617297995.8769023, 1617297998.5667017]
[1617297995.964207, 1617297998.6698575]
[1617297995.9967725, 1617297998.6770024]
[1617297995.914017, 1617297998.6401157]
[1617297996.0957036, 1617297998.8247695]
[1617297996.1787221, 1617297998.9129248]
[1617297996.2197258, 1617297998.9148526]
[1617297996.2745473, 1617297998.9604142]
[1617297996.1563032, 1617297998.8603067]
[1617297996.4091, 1617297999.1056864]
[1617297996.4797904, 1617297999.1994202]
[1617297996.195123, 1617297998.981633]
[1617297996.3322427, 1617297998.9985495]
[1617297996.4550202, 1617297999.1714997]
[1617297996.4496555, 1617297999.1613088]
[1617297996.552864, 1617297999.2506092]
[1617297996.640216, 1617297999.3302798]
[1617297996.7439816, 1617297999.4471738]
[1617297996.8113177, 1617297999.4964235]
[1617297996.7700243, 1617297999.4255557]
[1617297996.8784478, 1617297999.5754867]
[1617297996.7837284, 1617297999.5446546]
[1617297997.0799775, 1617297999.7845185]
[1617297996.795718, 1617297999.4768958]
[1617297997.0668902, 1617297999.7709358]
[1617297996.9505758, 1617297999.6563969]
[1617297996.9486177, 1617297999.6448536]
[1617297997.0716603, 1617297999.8033578]
[1617297997.268544, 1617297999.9935296]
[1617297997.1892734, 1617297999.889766]
[1617297997.492883, 1617298000.1695209]
[1617297997.2912276, 1617297999.984348]
[1617297997.285845, 1617298000.0400224]
[1617297997.3926253, 1617298000.1504633]
[1617297997.3115013, 1617298000.0372708]
[1617297997.590309, 1617298000.2844188]
[1617297997.9238157, 1617298000.6578772]
[1617297997.6606073, 1617298000.372622]
[1617297997.9029877, 1617298000.5967047]
[1617297997.7809634, 1617298000.4876087]
[1617297997.7040336, 1617298000.3943508]
[1617297997.7403688, 1617298000.4820163]
[1617297997.6564257, 1617298000.3724499]
[1617297997.8494895, 1617298000.5632372]
[1617297997.9332907, 1617298000.646338]
[1617297998.0560238, 1617298000.7691107]
[1617297998.1378424, 1617298000.843312]
[1617297998.1360683, 1617298000.865073]
[1617297998.2566912, 1617298000.9501228]
[1617297998.2048512, 1617298000.9350681]
[1617297998.3862042, 1617298001.0814884]
[1617297998.1568596, 1617298000.8882232]
[1617297998.3969808, 1617298001.1424546]
[1617297998.2573392, 1617298000.9818797]
[1617297998.3367362, 1617298001.1804302]
[1617297998.4582272, 1617298001.1508985]
[1617297998.4951568, 1617298001.2230651]
[1617297998.4291375, 1617298001.203117]
[1617297998.5839372, 1617298001.2833261]
[1617297998.53217, 1617298001.2931252]
[1617297998.9457114, 1617298001.6746473]
[1617297998.6692417, 1617298001.3922846]
[1617297998.8756232, 1617298001.5980568]
[1617297998.849363, 1617298001.5767994]
[1617297998.7884119, 1617298001.4613407]
[1617297999.0889204, 1617298001.8032587]
[1617297998.9419665, 1617298001.649791]
[1617297999.0545535, 1617298001.7653542]
[1617297999.2319345, 1617298001.9387693]
[1617297999.3417482, 1617298002.040149]
[1617297999.4289773, 1617298002.074041]
[1617297999.237324, 1617298001.95067]
[1617297999.2713692, 1617298002.0386672]
[1617297999.2300189, 1617298001.9351234]
[1617297999.5158553, 1617298002.203424]
[1617297999.439476, 1617298002.1324253]
[1617297999.5188482, 1617298002.2121243]
[1617297999.4803708, 1617298002.1589382]
[1617297999.472119, 1617298002.1741285]
[1617297999.6717074, 1617298002.3589296]
[1617297999.8781164, 1617298002.5763285]
[1617297999.7888305, 1617298002.462081]
[1617298000.0409667, 1617298002.7291217]
[1617297999.856639, 1617298002.571754]
[1617297999.8667638, 1617298002.5495265]
[1617297999.8314219, 1617298002.5427237]
[1617297999.886063, 1617298002.5910823]
[1617298000.1615655, 1617298002.8378792]
[1617298000.0184228, 1617298002.7395415]
[1617298000.0681524, 1617298002.8214095]
[1617298000.204829, 1617298002.9117923]
[1617298000.0775661, 1617298002.7920728]
[1617298000.195047, 1617298002.9045181]
[1617298000.201168, 1617298002.89751]
[1617298000.3623464, 1617298003.0426955]
[1617298000.5628417, 1617298003.2772734]
[1617298000.3760312, 1617298003.0871332]
[1617298000.45042, 1617298003.1438375]
[1617298000.4572291, 1617298003.1661377]
[1617298000.4569762, 1617298003.1644819]
[1617298000.529894, 1617298003.2499213]
[1617298000.5983586, 1617298003.3057659]
[1617298000.645248, 1617298003.3579803]
[1617298000.7705526, 1617298003.478468]
[1617298000.9023044, 1617298003.624287]
[1617298000.9253287, 1617298003.7610564]
[1617298000.747075, 1617298003.4513826]
[1617298000.9326916, 1617298003.68465]
[1617298000.9546504, 1617298003.6553426]
[1617298000.8170063, 1617298003.5254884]
[1617298001.107385, 1617298003.8237247]
[1617298001.1123774, 1617298003.8028078]
[1617298001.4270701, 1617298004.165615]
[1617298001.2650385, 1617298004.0376935]
[1617298001.1868358, 1617298003.8833864]
[1617298001.307242, 1617298004.0524597]
[1617298001.1630569, 1617298003.859328]
[1617298001.5002778, 1617298004.1699176]
[1617298001.507576, 1617298004.1977446]
[1617298001.600015, 1617298004.324761]
[1617298001.6109283, 1617298004.3348587]
[1617298001.7743905, 1617298004.5260653]
[1617298001.7933533, 1617298004.5015416]
[1617298001.7252033, 1617298004.456585]
[1617298001.7300806, 1617298004.4383528]
[1617298001.7572997, 1617298004.4667802]
[1617298001.771252, 1617298004.4547515]
[1617298002.031087, 1617298004.7207246]
[1617298001.8794632, 1617298004.6366084]
[1617298002.0263357, 1617298004.7556875]
[1617298001.9926622, 1617298004.6949492]
[1617298002.2738078, 1617298004.960543]
[1617298002.1880896, 1617298004.8711877]
[1617298002.207078, 1617298004.896052]
[1617298002.180419, 1617298004.8891063]
[1617298002.2979777, 1617298004.9714336]
[1617298002.2675085, 1617298004.9605584]
[1617298002.3176758, 1617298005.0050075]
[1617298002.4158237, 1617298005.1322448]
[1617298002.7306454, 1617298005.4127717]
[1617298002.6529284, 1617298005.396619]
[1617298002.5551653, 1617298005.237992]
[1617298002.715611, 1617298005.4207304]
[1617298002.7838135, 1617298005.4961894]
[1617298002.6950822, 1617298005.392461]
[1617298002.8329291, 1617298005.5582197]
[1617298002.6108782, 1617298005.3240948]
[1617298003.0437877, 1617298005.7665114]
[1617298003.104728, 1617298005.791448]
[1617298002.9216669, 1617298005.6273334]
[1617298002.9922545, 1617298005.706857]
[1617298002.950304, 1617298005.6245542]
[1617298003.1245606, 1617298005.8215628]
[1617298003.1209474, 1617298005.8055985]
[1617298002.8799396, 1617298005.6172283]
[1617298003.3003824, 1617298006.17154]
[1617298003.1787996, 1617298005.971591]
[1617298003.6221242, 1617298006.3479269]
[1617298003.3742454, 1617298006.0766168]
[1617298003.588081, 1617298006.267038]
[1617298003.5942104, 1617298006.3228981]
[1617298003.6140618, 1617298006.3326323]
[1617298003.6600504, 1617298006.4201086]
[1617298003.902332, 1617298006.6429927]
[1617298003.6999106, 1617298006.440087]
[1617298003.8801842, 1617298006.5471275]
[1617298003.983827, 1617298006.721822]
[1617298003.8972359, 1617298006.6276293]
[1617298003.9979239, 1617298006.7164464]
[1617298004.0402021, 1617298006.7405453]
[1617298003.9400876, 1617298006.6533673]
[1617298004.115632, 1617298006.8817904]
[1617298004.2465165, 1617298006.9311543]
[1617298004.2681859, 1617298006.9893074]
[1617298004.1934943, 1617298006.8840203]
[1617298004.3268478, 1617298007.031592]
[1617298004.3698306, 1617298007.0975327]
[1617298004.2549658, 1617298006.9781756]
[1617298004.142359, 1617298006.9421866]
[1617298004.3099241, 1617298006.9977639]
[1617298004.6615222, 1617298007.379817]
[1617298004.3653102, 1617298007.0748887]
[1617298004.4381561, 1617298007.1189756]
[1617298004.4849312, 1617298007.1940138]
[1617298004.5759037, 1617298007.2691061]
[1617298004.536918, 1617298007.264799]
[1617298004.933477, 1617298007.6710942]
[1617298004.5772665, 1617298007.2760031]
[1617298004.6215425, 1617298007.3344197]
[1617298004.8272421, 1617298007.5406177]
[1617298005.1302693, 1617298007.7708957]
[1617298004.9175937, 1617298007.6116657]
[1617298004.5931911, 1617298007.2858202]
[1617298004.9611356, 1617298007.6515677]
[1617298005.0209265, 1617298007.7464426]
[1617298004.8916385, 1617298007.6027834]
[1617298005.461368, 1617298008.1635654]
[1617298005.2212844, 1617298007.9408877]
[1617298005.3070517, 1617298008.0799005]
[1617298005.3131065, 1617298007.9948316]
[1617298005.319572, 1617298008.0085413]
[1617298005.5256457, 1617298008.2424388]
[1617298005.3514943, 1617298008.0814936]
[1617298005.3737469, 1617298008.0800767]
[1617298005.469687, 1617298008.1985679]
[1617298005.822455, 1617298008.4981077]
[1617298005.7709963, 1617298008.4766939]
[1617298005.609611, 1617298008.3486755]
[1617298005.6753273, 1617298008.3768306]
[1617298005.8293214, 1617298008.5217366]
[1617298005.7729206, 1617298008.5581546]
[1617298005.9737172, 1617298008.66895]
[1617298006.026539, 1617298008.7334208]
[1617298006.05711, 1617298008.7602382]
[1617298006.0166872, 1617298008.6971884]
[1617298005.9157481, 1617298008.6154225]
[1617298006.0280786, 1617298008.727124]
[1617298005.9788573, 1617298008.7703307]
[1617298006.3392456, 1617298009.0810697]
[1617298006.053424, 1617298008.8594747]
[1617298006.267517, 1617298008.9597945]
[1617298006.2469628, 1617298008.9897342]
[1617298006.4617362, 1617298009.189939]
[1617298006.4934027, 1617298009.2102637]
[1617298006.3206034, 1617298009.0259461]
[1617298006.2835708, 1617298008.9693592]
[1617298006.7440367, 1617298009.4791613]
[1617298006.6118374, 1617298009.3261056]
[1617298006.6636276, 1617298009.361172]
[1617298006.6367118, 1617298009.351767]
[1617298006.624375, 1617298009.364033]
[1617298006.929808, 1617298009.6214364]
[1617298007.0386353, 1617298009.7451982]
[1617298006.5620754, 1617298009.2554412]
[1617298007.0769343, 1617298009.7679665]
[1617298006.965388, 1617298009.7032952]
[1617298007.1024265, 1617298009.8149817]
[1617298007.3697448, 1617298010.1407945]
[1617298007.5069423, 1617298010.233107]
[1617298007.3852587, 1617298010.154828]
[1617298007.2244036, 1617298009.915508]
[1617298007.3818855, 1617298010.075934]
[1617298007.2943466, 1617298009.9636846]
[1617298007.36948, 1617298010.0705483]
[1617298007.7496119, 1617298010.429542]
[1617298007.479815, 1617298010.2255423]
[1617298007.581947, 1617298010.3057582]
[1617298007.5024545, 1617298010.1923246]
[1617298007.7383657, 1617298010.4524226]
[1617298008.0551846, 1617298010.7671862]
[1617298007.7040758, 1617298010.4466145]
[1617298007.743651, 1617298010.4330227]
[1617298007.7531502, 1617298010.457319]
[1617298007.784726, 1617298010.4285994]
[1617298008.050772, 1617298010.733299]
[1617298008.189603, 1617298010.91414]
[1617298007.993286, 1617298010.6956356]
[1617298008.0647929, 1617298010.7821982]
[1617298008.1755028, 1617298010.8770301]
[1617298008.3046975, 1617298011.0074232]
[1617298008.3782105, 1617298011.061237]
[1617298008.5772011, 1617298011.2842116]
[1617298008.6039536, 1617298011.3084304]
[1617298008.8661187, 1617298011.576069]
[1617298008.3788738, 1617298011.09811]
[1617298008.5480213, 1617298011.2370598]
[1617298008.5749953, 1617298011.2763133]
[1617298008.7934203, 1617298011.4978411]
[1617298008.624354, 1617298011.294982]
[1617298008.6709874, 1617298011.3784063]
[1617298008.532807, 1617298011.2255275]
[1617298008.8562167, 1617298011.5590527]
[1617298008.8312504, 1617298011.558038]
[1617298008.8425193, 1617298011.5344179]
[1617298009.0511937, 1617298011.7719302]
[1617298008.8626726, 1617298011.553338]
[1617298008.9659615, 1617298011.7748055]
[1617298009.0482051, 1617298011.7349997]
[1617298009.4227786, 1617298012.1329985]
[1617298009.2876844, 1617298011.9854152]
[1617298009.024868, 1617298011.7357817]
[1617298009.105993, 1617298011.8448553]
[1617298009.430086, 1617298012.1308527]
[1617298009.42114, 1617298012.1359477]
[1617298009.5800173, 1617298012.305049]
[1617298009.483854, 1617298012.2332346]
[1617298009.6201816, 1617298012.350756]
[1617298009.6252618, 1617298012.3298674]
[1617298009.6205251, 1617298012.3091502]
[1617298009.483635, 1617298012.226674]
[1617298009.689105, 1617298012.4134648]
[1617298009.6499455, 1617298012.330013]
[1617298009.8613112, 1617298012.5764518]
[1617298009.9362788, 1617298012.6323898]
[1617298010.0013857, 1617298012.6636431]
[1617298010.052738, 1617298012.7797835]
[1617298009.7724378, 1617298012.4595666]
[1617298010.205882, 1617298012.8870661]
[1617298010.0725036, 1617298012.7620428]
[1617298010.1303146, 1617298012.82872]
[1617298010.2582111, 1617298012.9861426]
[1617298009.9052155, 1617298012.6098046]
[1617298010.2362697, 1617298012.947087]
[1617298010.5401075, 1617298013.2758064]
[1617298010.2787669, 1617298012.9971426]
[1617298010.3017476, 1617298013.0098977]
[1617298010.3663175, 1617298013.0689588]
[1617298010.3780153, 1617298013.1111887]
[1617298010.311684, 1617298013.030019]
[1617298010.4745483, 1617298013.1944053]
[1617298010.5502095, 1617298013.2464478]
[1617298010.5302994, 1617298013.266575]
[1617298010.7130008, 1617298013.3992887]
[1617298010.8858573, 1617298013.5863445]
[1617298010.9008677, 1617298013.5874782]
[1617298010.9694188, 1617298013.625923]
[1617298010.71021, 1617298013.4083204]
[1617298010.9259667, 1617298013.6492677]
[1617298010.9551327, 1617298013.6407304]
[1617298010.8472166, 1617298013.5579143]
[1617298011.099392, 1617298013.8206987]
[1617298011.0831842, 1617298013.7721517]
[1617298011.3076506, 1617298014.0207314]
[1617298011.127396, 1617298013.8825703]
[1617298011.3682928, 1617298014.1211755]
[1617298011.334891, 1617298014.03389]
[1617298011.4288404, 1617298014.157234]
[1617298011.2130783, 1617298013.8896422]
[1617298011.5071237, 1617298014.2243192]
[1617298011.420617, 1617298014.136387]
[1617298011.5853336, 1617298014.2595897]
[1617298011.66191, 1617298014.3436594]
[1617298011.6565347, 1617298014.3593366]
[1617298011.5565803, 1617298014.238322]
[1617298011.69191, 1617298014.3763819]
[1617298011.8805208, 1617298014.6714609]
[1617298011.8641956, 1617298014.5775847]
[1617298011.5648696, 1617298014.2735538]
[1617298011.9573166, 1617298014.6361058]
[1617298012.1936753, 1617298014.8913972]
[1617298012.0023298, 1617298014.6741033]
[1617298012.0792289, 1617298014.8239913]
[1617298012.1411798, 1617298014.8504727]
[1617298012.1984253, 1617298014.9384134]
[1617298012.4165862, 1617298015.0995233]
[1617298012.4799385, 1617298015.1653368]
[1617298012.449599, 1617298015.2921855]
[1617298012.3021436, 1617298015.0221362]
[1617298012.2953603, 1617298015.0119796]
[1617298012.7037349, 1617298015.4399824]
[1617298012.4740999, 1617298015.1994107]
[1617298012.695988, 1617298015.4095008]
[1617298012.676235, 1617298015.379242]
[1617298012.5823374, 1617298015.287799]
[1617298012.6263726, 1617298015.3315153]
[1617298012.38499, 1617298015.1015985]
[1617298012.7329578, 1617298015.422596]
[1617298012.6575067, 1617298015.3655121]
[1617298012.8768559, 1617298015.5662074]
[1617298012.9104204, 1617298015.6206827]
[1617298012.8110828, 1617298015.5574162]
[1617298013.1920652, 1617298015.9581404]
[1617298012.9300075, 1617298015.6305346]
[1617298012.930156, 1617298015.6189334]
[1617298013.1228034, 1617298015.8580034]
[1617298013.067291, 1617298015.78665]
[1617298013.0956604, 1617298015.7931688]
[1617298013.0171328, 1617298015.7458398]
[1617298013.0650148, 1617298015.8112707]
[1617298013.168156, 1617298015.8994956]
[1617298013.308833, 1617298016.0140808]
[1617298013.350602, 1617298016.0672264]
[1617298013.3480601, 1617298016.0471098]
[1617298013.3085372, 1617298015.996255]
[1617298013.3017905, 1617298016.0165641]
[1617298013.4089003, 1617298016.0926678]
[1617298013.502777, 1617298016.205714]
[1617298013.5015688, 1617298016.246076]
[1617298013.7175415, 1617298016.423611]
[1617298013.7777543, 1617298016.474138]
[1617298013.7421248, 1617298016.4300041]
[1617298013.6367815, 1617298016.2999089]
[1617298013.8409424, 1617298016.5335386]
[1617298013.7179425, 1617298016.4020648]
[1617298013.79218, 1617298016.4767418]
[1617298013.8566322, 1617298016.5454922]
[1617298013.8663063, 1617298016.5901852]
[1617298013.776518, 1617298016.4785671]
[1617298013.8358583, 1617298016.571159]
[1617298013.8960116, 1617298016.6279318]
[1617298013.858627, 1617298016.514608]
[1617298014.017823, 1617298016.7223387]
[1617298013.9419253, 1617298016.6459842]
[1617298014.2188787, 1617298016.9209156]
[1617298014.2946553, 1617298016.9895806]
[1617298014.0211728, 1617298016.692363]
[1617298014.1246586, 1617298016.8452005]
[1617298014.2610958, 1617298016.989841]
[1617298014.2306247, 1617298016.9387872]
[1617298014.3133008, 1617298016.9890268]
[1617298014.2568367, 1617298017.0003119]
[1617298014.3799522, 1617298017.0864072]
[1617298014.2995977, 1617298017.0000374]
[1617298014.5409126, 1617298017.3088906]
[1617298014.3631675, 1617298017.0704467]
[1617298014.3004215, 1617298017.0273187]
[1617298014.4872875, 1617298017.2047176]
[1617298014.4325092, 1617298017.119841]
[1617298014.6009674, 1617298017.2850304]
[1617298014.5839283, 1617298017.32474]
[1617298014.616623, 1617298017.3496127]
[1617298014.5977366, 1617298017.3328378]
[1617298014.7469246, 1617298017.5060015]
[1617298014.7214932, 1617298017.3898065]
[1617298014.763289, 1617298017.5210834]
[1617298014.7633994, 1617298017.4644275]
[1617298014.7366056, 1617298017.6114888]
[1617298014.740178, 1617298017.4547362]
[1617298014.8167868, 1617298017.5601196]
[1617298015.004766, 1617298017.72838]
[1617298014.8087518, 1617298017.5213215]
[1617298014.7979133, 1617298017.4755573]
[1617298014.9125626, 1617298017.6101518]
[1617298015.072493, 1617298017.7848413]
[1617298015.0205626, 1617298017.7852442]
[1617298015.190445, 1617298017.8736112]
[1617298015.070857, 1617298017.8050034]
[1617298014.9894388, 1617298017.6932104]
[1617298015.11664, 1617298017.8608756]
[1617298015.2168303, 1617298017.9470112]
[1617298015.308674, 1617298018.0373542]
[1617298015.358606, 1617298018.0546312]
[1617298015.28954, 1617298018.0586507]
[1617298015.257957, 1617298017.9810417]
[1617298015.1917303, 1617298017.8702736]
[1617298015.2824657, 1617298017.9908473]
[1617298015.2566943, 1617298017.932673]
[1617298015.3927038, 1617298018.053405]
[1617298015.31724, 1617298018.0320055]
[1617298015.41473, 1617298018.1751416]
[1617298015.3732119, 1617298018.050643]
[1617298015.6225555, 1617298018.4154267]
[1617298015.3721988, 1617298018.1275413]
[1617298015.4440026, 1617298018.1266437]
[1617298015.660561, 1617298018.3579426]
[1617298015.41163, 1617298018.1539404]
[1617298015.5154588, 1617298018.2650766]
[1617298015.519608, 1617298018.2190673]
[1617298015.7443926, 1617298018.467624]
[1617298015.5594032, 1617298018.3115757]
[1617298015.6796339, 1617298018.358068]
[1617298015.864431, 1617298018.6102242]
[1617298015.5883906, 1617298018.2845001]
[1617298015.7680326, 1617298018.471749]
[1617298015.7216105, 1617298018.4123328]
[1617298015.7733877, 1617298018.4754415]
[1617298015.7945926, 1617298018.571008]
[1617298015.8212738, 1617298018.5543864]
[1617298015.8836255, 1617298018.6067836]
[1617298015.8096466, 1617298018.507144]
[1617298015.8121362, 1617298018.5987866]
[1617298015.8525138, 1617298018.571827]
[1617298015.9048095, 1617298018.6382418]
[1617298015.9585502, 1617298018.7296762]
[1617298015.982818, 1617298018.7012923]
[1617298015.9217575, 1617298018.6446328]
[1617298016.1032724, 1617298018.7824543]
[1617298016.0379055, 1617298018.744661]
[1617298016.0442722, 1617298018.741539]
[1617298016.1182485, 1617298018.8895688]
[1617298016.1851954, 1617298018.8918612]
[1617298016.2355971, 1617298018.9306204]
[1617298016.0490263, 1617298018.7685714]
[1617298016.1540372, 1617298018.859998]
[1617298016.3164937, 1617298018.975984]
[1617298016.2225633, 1617298018.9172752]
[1617298016.1905732, 1617298018.9461489]
[1617298016.238386, 1617298018.9580925]
[1617298016.1120524, 1617298018.820285]
[1617298016.297789, 1617298019.0170224]
[1617298016.3539696, 1617298019.0978866]
[1617298016.278225, 1617298019.0035563]
[1617298016.2718844, 1617298019.0222366]
[1617298016.251589, 1617298018.9493709]
[1617298016.4072006, 1617298019.0861163]
[1617298016.4485002, 1617298019.1362987]
[1617298016.3791103, 1617298019.1013575]
[1617298016.3279862, 1617298019.0272205]
[1617298016.2679813, 1617298018.9678578]
[1617298016.2853332, 1617298018.999234]
[1617298016.4771323, 1617298019.195387]
[1617298016.5135233, 1617298019.197056]
[1617298016.522739, 1617298019.1939561]
[1617298016.3477674, 1617298019.0664911]
[1617298016.4691193, 1617298019.1663735]
[1617298016.7417252, 1617298019.4434729]
[1617298016.7492797, 1617298020.0769947]
[1617298016.5625582, 1617298019.254875]
[1617298016.6728742, 1617298019.3787842]
[1617298016.5838976, 1617298019.2975233]
[1617298016.5158908, 1617298019.2323172]
[1617298016.7054968, 1617298019.4736032]
[1617298016.512022, 1617298019.221141]
[1617298016.5199816, 1617298019.2461364]
[1617298016.5923753, 1617298019.3126047]
[1617298016.5761864, 1617298019.2738142]
[1617298016.607101, 1617298019.449564]
[1617298016.6349716, 1617298019.3613424]
[1617298016.6658292, 1617298019.3833055]
[1617298016.7236822, 1617298019.5146954]
[1617298016.5919106, 1617298019.363103]
[1617298016.6322706, 1617298019.366569]
[1617298016.6532109, 1617298019.3510916]
[1617298016.7090125, 1617298019.4214454]
[1617298016.6919646, 1617298019.4504094]
[1617298016.6235309, 1617298019.3693826]
[1617298016.6105888, 1617298019.3324842]
[1617298016.701205, 1617298019.4283178]
[1617298017.7470758, 1617298020.9473965]
[1617298016.944718, 1617298019.6442227]
[1617298017.9381812, 1617298021.4036417]
[1617298016.7232597, 1617298019.464732]
[1617298017.7678554, 1617298021.040158]
[1617298017.8221154, 1617298021.2862854]
[1617298016.9243507, 1617298019.6484406]
[1617298017.7349226, 1617298020.9693103]
[1617298017.732185, 1617298020.952359]
[1617298017.7317536, 1617298020.976064]
[1617298018.0611007, 1617298021.5076995]
[1617298017.9322507, 1617298021.2457252]
[1617298017.873947, 1617298021.4060466]
[1617298017.808256, 1617298021.256549]
[1617298018.0916238, 1617298021.7784488]
[1617298017.7763715, 1617298020.9109206]
[1617298017.9318082, 1617298021.227566]
[1617298017.9396286, 1617298021.4378648]
[1617298018.019164, 1617298021.2981584]
[1617298017.8666282, 1617298021.3072515]
[1617298018.017952, 1617298021.3788614]
[1617298017.896325, 1617298021.1574829]
[1617298017.852915, 1617298021.0732634]
[1617298016.8506298, 1617298019.5873487]
[1617298016.993929, 1617298019.7027411]
[1617298017.8897161, 1617298021.186374]
[1617298018.150385, 1617298021.5373561]
[1617298017.854127, 1617298021.2775922]
[1617298017.9967327, 1617298021.4981806]
[1617298018.0353003, 1617298021.3068342]
[1617298017.7939494, 1617298021.0482423]
[1617298016.9934504, 1617298019.721958]
[1617298018.0160143, 1617298021.4613535]
[1617298017.952883, 1617298021.2133038]
[1617298017.0059397, 1617298019.6930254]
[1617298017.9364018, 1617298021.2085092]
[1617298017.9229712, 1617298021.2169]
[1617298017.9939964, 1617298021.4823308]
[1617298017.9385347, 1617298021.1904523]
[1617298017.005906, 1617298019.689719]
[1617298017.964311, 1617298021.4227676]
[1617298017.9901054, 1617298021.3632283]
[1617298016.9944584, 1617298019.700556]
[1617298017.0319865, 1617298019.7400792]
[1617298018.0345435, 1617298021.2670574]
[1617298018.0480902, 1617298021.60451]
