[1617299446.0984251, 1617299458.6382244]
[1617299445.7069886, 1617299458.465671]
[1617299445.781251, 1617299458.4112709]
[1617299445.5754118, 1617299459.1136572]
[1617299445.608861, 1617299459.4200292]
[1617299446.091345, 1617299458.8441563]
[1617299445.8073165, 1617299458.345694]
[1617299445.86708, 1617299458.4043825]
[1617299446.167111, 1617299458.7534986]
[1617299445.4780767, 1617299458.1704879]
[1617299446.1630213, 1617299458.7531066]
[1617299446.1000807, 1617299458.566022]
[1617299445.8155491, 1617299458.334029]
[1617299446.1461844, 1617299458.7857347]
[1617299446.043529, 1617299458.541982]
[1617299446.0988624, 1617299458.8543322]
[1617299446.0385873, 1617299458.7551818]
[1617299446.2223291, 1617299458.8156652]
[1617299446.034193, 1617299458.9907436]
[1617299446.209138, 1617299458.7851827]
[1617299446.6869395, 1617299459.3572416]
[1617299446.1740494, 1617299458.698366]
[1617299446.2473502, 1617299458.8986855]
[1617299446.3292375, 1617299458.7943468]
[1617299446.5760322, 1617299459.7877266]
[1617299447.0401683, 1617299459.6553411]
[1617299446.9056718, 1617299460.2383087]
[1617299446.9258883, 1617299459.6379733]
[1617299446.9026139, 1617299459.4408605]
[1617299447.136787, 1617299459.780858]
[1617299447.1882071, 1617299459.7762055]
[1617299447.0669205, 1617299459.7374997]
[1617299447.5794618, 1617299460.4928272]
[1617299447.3413627, 1617299459.8524678]
[1617299447.5642447, 1617299460.9126005]
[1617299447.3559356, 1617299460.5542958]
[1617299447.4777284, 1617299459.9442244]
[1617299447.644941, 1617299460.1131577]
[1617299447.4124672, 1617299460.5527167]
[1617299447.8766036, 1617299460.581126]
[1617299448.1351588, 1617299460.8868394]
[1617299448.0097163, 1617299460.5928006]
[1617299448.0933743, 1617299460.663712]
[1617299448.2601256, 1617299460.8196568]
[1617299448.2612078, 1617299460.8202567]
[1617299448.603178, 1617299461.129584]
[1617299448.192468, 1617299460.6869876]
[1617299448.7243607, 1617299461.441992]
[1617299448.5924723, 1617299461.0739796]
[1617299448.5361967, 1617299461.0652122]
[1617299449.0033603, 1617299461.61083]
[1617299449.1968474, 1617299462.1856952]
[1617299448.9062898, 1617299461.3928642]
[1617299449.1874394, 1617299462.039541]
[1617299449.1905653, 1617299461.9094954]
[1617299449.127282, 1617299461.630777]
[1617299449.4563544, 1617299462.189806]
[1617299449.644133, 1617299462.3279233]
[1617299449.4133253, 1617299461.9569762]
[1617299449.6569185, 1617299463.2982488]
[1617299449.676994, 1617299462.4422143]
[1617299449.789988, 1617299462.3342297]
[1617299449.8910382, 1617299462.3932085]
[1617299449.8683956, 1617299462.6105068]
[1617299449.9294236, 1617299462.5085409]
[1617299450.2426267, 1617299462.8316422]
[1617299450.2498274, 1617299462.7776148]
[1617299449.9709477, 1617299462.8547537]
[1617299450.3430638, 1617299463.0275054]
[1617299450.1980395, 1617299462.9511912]
[1617299450.5697458, 1617299463.1560254]
[1617299450.5284445, 1617299463.4724414]
[1617299450.4596753, 1617299463.4487698]
[1617299450.6320634, 1617299463.1944468]
[1617299450.7245443, 1617299463.2584646]
[1617299450.5950522, 1617299463.2328959]
[1617299450.7233427, 1617299463.3639758]
[1617299450.9025762, 1617299463.3862343]
[1617299450.9960952, 1617299463.5998185]
[1617299451.0856853, 1617299463.6746907]
[1617299451.0172987, 1617299463.8896086]
[1617299451.060623, 1617299463.892826]
[1617299451.198963, 1617299463.7390218]
[1617299450.9723597, 1617299463.5469754]
[1617299451.2323425, 1617299463.7669432]
[1617299451.421797, 1617299463.9025016]
[1617299451.3798778, 1617299463.8647418]
[1617299451.639929, 1617299464.2534301]
[1617299451.7114837, 1617299464.5069983]
[1617299451.6783452, 1617299464.5958698]
[1617299451.68748, 1617299464.3966286]
[1617299451.7400146, 1617299465.0417533]
[1617299451.7861345, 1617299464.3207998]
[1617299451.9011912, 1617299464.9750087]
[1617299451.9460003, 1617299464.4645934]
[1617299451.96567, 1617299464.521381]
[1617299452.0023553, 1617299464.5538058]
[1617299451.9257329, 1617299464.764781]
[1617299452.1945064, 1617299464.8193488]
[1617299452.082309, 1617299464.9898329]
[1617299452.3251245, 1617299465.0947504]
[1617299452.2060354, 1617299464.8351407]
[1617299452.4425113, 1617299465.6826851]
[1617299452.421442, 1617299467.436751]
[1617299452.4143245, 1617299464.941521]
[1617299452.4090686, 1617299464.944931]
[1617299452.4934475, 1617299465.028537]
[1617299452.6452272, 1617299465.0975187]
[1617299452.6369288, 1617299465.748316]
[1617299452.8038394, 1617299465.3208876]
[1617299452.754065, 1617299465.4851482]
[1617299452.9392278, 1617299465.6672554]
[1617299452.9168336, 1617299465.7992306]
[1617299452.9685802, 1617299465.5970914]
[1617299452.9369075, 1617299465.6867807]
[1617299453.1699898, 1617299466.5970542]
[1617299452.9325657, 1617299465.7835383]
[1617299452.898643, 1617299465.6140661]
[1617299453.104028, 1617299465.7102537]
[1617299453.2987607, 1617299466.1819623]
[1617299453.2247279, 1617299465.845402]
[1617299453.433104, 1617299466.0077658]
[1617299453.4590275, 1617299466.6297798]
[1617299453.4946377, 1617299466.5360012]
[1617299453.563477, 1617299466.1498055]
[1617299453.678973, 1617299466.3857508]
[1617299453.6101708, 1617299466.2210429]
[1617299453.6806347, 1617299466.817369]
[1617299453.7962358, 1617299466.823987]
[1617299453.772984, 1617299466.9704993]
[1617299453.7675927, 1617299466.4187593]
[1617299453.8012984, 1617299466.4116836]
[1617299453.798223, 1617299466.3963275]
[1617299453.9286351, 1617299466.6568842]
[1617299453.9528823, 1617299466.9177792]
[1617299454.0034063, 1617299466.7198179]
[1617299454.0067277, 1617299467.0117664]
[1617299454.2210107, 1617299466.9533932]
[1617299454.2926562, 1617299467.106957]
[1617299454.2879546, 1617299467.37527]
[1617299454.242088, 1617299466.904279]
[1617299454.2210546, 1617299467.199359]
[1617299454.3744445, 1617299467.325015]
[1617299454.524782, 1617299467.2098982]
[1617299454.3855278, 1617299467.3729577]
[1617299454.4605885, 1617299467.0969238]
[1617299454.6657803, 1617299467.6195605]
[1617299454.5257962, 1617299467.2572088]
[1617299454.6366339, 1617299467.3312957]
[1617299454.6622834, 1617299467.2876759]
[1617299454.6698384, 1617299467.3053997]
[1617299454.748045, 1617299467.51073]
[1617299454.7930331, 1617299467.6587355]
[1617299454.8146863, 1617299467.737701]
[1617299454.8484354, 1617299467.4439237]
[1617299454.8710923, 1617299467.3740153]
[1617299454.887758, 1617299467.4249501]
[1617299454.9531715, 1617299467.541406]
[1617299454.9700613, 1617299467.5130155]
[1617299454.892737, 1617299467.6772168]
[1617299454.961184, 1617299467.4632952]
[1617299455.0195153, 1617299468.15349]
[1617299455.0295143, 1617299467.5491166]
[1617299455.0657227, 1617299467.566692]
[1617299455.156456, 1617299467.6511445]
[1617299455.3303025, 1617299467.8502617]
[1617299455.2063339, 1617299468.280776]
[1617299455.213942, 1617299467.9411712]
[1617299455.3626983, 1617299468.471661]
[1617299455.2202141, 1617299467.6891303]
[1617299455.2633317, 1617299467.9383671]
[1617299455.3268626, 1617299467.8574786]
[1617299455.2415218, 1617299468.2733362]
[1617299455.288307, 1617299467.991109]
[1617299455.428547, 1617299468.0042362]
[1617299455.462158, 1617299467.9609487]
[1617299455.45056, 1617299468.2330515]
[1617299455.5435338, 1617299468.103938]
[1617299455.6044168, 1617299468.2493742]
[1617299455.5022125, 1617299468.5366888]
[1617299455.5142221, 1617299468.193972]
[1617299455.6001625, 1617299468.257539]
[1617299455.6835022, 1617299468.2759485]
[1617299455.57653, 1617299468.081959]
[1617299455.6341305, 1617299468.2331882]
[1617299455.716946, 1617299468.3906846]
[1617299455.7622347, 1617299468.2696946]
[1617299455.6667874, 1617299468.7372448]
[1617299455.6729288, 1617299468.363841]
[1617299455.782953, 1617299468.883324]
[1617299455.7436652, 1617299468.4921722]
[1617299455.8910444, 1617299468.5325224]
[1617299455.862232, 1617299468.4533896]
[1617299455.901175, 1617299468.406699]
[1617299455.9414203, 1617299468.5063765]
[1617299455.8718338, 1617299468.3971188]
[1617299455.885073, 1617299468.574943]
[1617299455.839067, 1617299468.358182]
[1617299455.9134746, 1617299468.885553]
[1617299456.0270324, 1617299468.639872]
[1617299456.056238, 1617299468.7071667]
[1617299456.0776577, 1617299468.6035607]
[1617299456.0488975, 1617299468.6710405]
[1617299455.969359, 1617299468.4275427]
[1617299456.0718038, 1617299470.167087]
[1617299456.0402904, 1617299468.490196]
[1617299456.0644162, 1617299468.885069]
[1617299456.2241929, 1617299468.727078]
[1617299456.1494462, 1617299468.7625806]
[1617299456.2771611, 1617299469.0384989]
[1617299456.1827095, 1617299468.7852173]
[1617299456.3583322, 1617299468.9418883]
[1617299456.2452428, 1617299468.8758702]
[1617299456.3240423, 1617299468.9084237]
[1617299456.134021, 1617299468.8098361]
[1617299456.2660913, 1617299468.8764186]
[1617299456.2792766, 1617299468.8937802]
[1617299456.4090245, 1617299468.9630723]
[1617299456.3724358, 1617299468.948439]
[1617299456.4334197, 1617299469.0627415]
[1617299456.2762794, 1617299469.033007]
[1617299456.4812, 1617299468.9986346]
[1617299456.5986965, 1617299469.1984906]
[1617299456.5316577, 1617299469.1093738]
[1617299456.551787, 1617299469.2230856]
[1617299456.5453334, 1617299469.0680783]
[1617299456.5369442, 1617299469.059508]
[1617299456.5181706, 1617299469.1673675]
[1617299456.5405824, 1617299469.8964543]
[1617299456.6553674, 1617299469.1551132]
[1617299456.6465147, 1617299469.5300195]
[1617299456.550231, 1617299469.176565]
[1617299456.4555113, 1617299469.1283777]
[1617299456.633654, 1617299469.3057737]
[1617299456.6937737, 1617299469.3337014]
[1617299456.769435, 1617299470.1412225]
[1617299456.5760496, 1617299469.3797297]
[1617299456.7328517, 1617299469.2605574]
[1617299456.8006546, 1617299469.4200616]
[1617299456.7312574, 1617299469.4198747]
[1617299456.7786908, 1617299469.8774512]
[1617299456.7910488, 1617299469.4009125]
[1617299456.727561, 1617299469.3467464]
[1617299456.7643993, 1617299469.3676713]
[1617299456.7573967, 1617299469.4014506]
[1617299456.77706, 1617299469.2633014]
[1617299456.804325, 1617299469.8780117]
[1617299456.8162575, 1617299469.377665]
[1617299456.892172, 1617299469.5606635]
[1617299456.9206827, 1617299469.4285893]
[1617299456.8793468, 1617299469.4872205]
[1617299456.9252298, 1617299469.7963157]
[1617299456.9964716, 1617299469.9877954]
[1617299456.9624004, 1617299469.7240992]
[1617299456.9057536, 1617299469.5628603]
[1617299457.0079808, 1617299469.7858946]
[1617299456.9371068, 1617299469.4809258]
[1617299456.8302865, 1617299469.4540682]
[1617299457.097108, 1617299469.583459]
[1617299457.0902288, 1617299470.2541614]
[1617299456.904325, 1617299469.653845]
[1617299458.4499617, 1617299474.6109083]
[1617299456.9506078, 1617299469.874431]
[1617299457.096733, 1617299471.8652744]
[1617299456.8985214, 1617299470.0773096]
[1617299457.019767, 1617299469.6707735]
[1617299457.1011894, 1617299471.3635392]
[1617299456.9976473, 1617299469.6961477]
[1617299456.976007, 1617299469.619715]
[1617299457.066261, 1617299469.572191]
[1617299456.8628466, 1617299469.3507407]
[1617299457.0006776, 1617299469.6548517]
[1617299457.0957284, 1617299471.212757]
[1617299457.093745, 1617299469.753655]
[1617299457.0110862, 1617299469.4929767]
[1617299457.084249, 1617299469.6057549]
[1617299456.9340577, 1617299469.858933]
[1617299458.1023905, 1617299472.2625656]
[1617299458.1425009, 1617299472.868221]
[1617299458.1153636, 1617299472.1984775]
[1617299458.1795719, 1617299473.0305781]
[1617299456.9685411, 1617299469.515907]
[1617299457.0564756, 1617299469.7132428]
[1617299457.0480056, 1617299469.6197238]
[1617299457.0094037, 1617299470.2681885]
[1617299458.177916, 1617299472.9488137]
[1617299458.1615179, 1617299472.3577104]
[1617299458.1502888, 1617299472.1994338]
[1617299458.126583, 1617299472.885497]
[1617299457.075536, 1617299469.566169]
[1617299457.0962057, 1617299469.7482936]
[1617299458.1166716, 1617299472.316022]
[1617299458.1863916, 1617299472.3260577]
[1617299457.0892813, 1617299469.5620399]
[1617299458.6751573, 1617299473.3563435]
[1617299458.1752982, 1617299472.4127607]
[1617299458.1554475, 1617299472.364817]
[1617299458.1717393, 1617299472.2440867]
[1617299458.1814535, 1617299472.4810734]
[1617299458.2950804, 1617299473.5362985]
[1617299458.1338315, 1617299472.1963902]
[1617299458.2503953, 1617299472.542651]
[1617299458.3006668, 1617299473.3519485]
[1617299458.2679784, 1617299473.284331]
[1617299458.1724434, 1617299472.2486227]
[1617299458.207245, 1617299472.9669337]
[1617299458.3610888, 1617299473.0951355]
[1617299458.1641586, 1617299472.576163]
[1617299458.2266712, 1617299472.6715455]
[1617299458.2523139, 1617299473.1554193]
[1617299458.2105408, 1617299472.2834914]
[1617299458.2050984, 1617299473.1370854]
