[1617297752.2334304, 1617297754.9186144]
[1617297752.3002934, 1617297755.0035732]
[1617297751.5778162, 1617297754.2919111]
[1617297752.3704708, 1617297755.061521]
[1617297752.1655097, 1617297754.8713872]
[1617297751.972512, 1617297754.6928666]
[1617297752.2188563, 1617297754.9345214]
[1617297752.1358213, 1617297754.8495185]
[1617297751.953292, 1617297754.6767783]
[1617297751.9237852, 1617297754.6444402]
[1617297752.3196871, 1617297755.00878]
[1617297751.9035354, 1617297754.6125455]
[1617297752.6619842, 1617297755.351116]
[1617297751.958337, 1617297754.6785257]
[1617297752.4148436, 1617297755.1048384]
[1617297751.9641807, 1617297754.657505]
[1617297752.3629048, 1617297755.0421176]
[1617297752.2243984, 1617297754.9151103]
[1617297752.2971132, 1617297754.9646971]
[1617297752.6103678, 1617297755.3174398]
[1617297752.4899268, 1617297755.185611]
[1617297752.572512, 1617297755.2951179]
[1617297752.9693334, 1617297755.6971214]
[1617297753.2142684, 1617297755.8843977]
[1617297752.7989538, 1617297755.521274]
[1617297752.902977, 1617297755.5905852]
[1617297753.4529066, 1617297756.143235]
[1617297753.5318172, 1617297756.2422285]
[1617297753.4878068, 1617297756.1978688]
[1617297753.317465, 1617297756.0287926]
[1617297753.5450997, 1617297756.264743]
[1617297753.4639866, 1617297756.0944757]
[1617297753.0643818, 1617297755.7322528]
[1617297753.919604, 1617297756.6467676]
[1617297753.680252, 1617297756.4093885]
[1617297753.9150324, 1617297756.5732238]
[1617297754.1353111, 1617297756.8044424]
[1617297754.1410222, 1617297756.8351517]
[1617297754.239069, 1617297756.9546096]
[1617297754.7040968, 1617297757.4678566]
[1617297754.1589425, 1617297756.8510563]
[1617297754.4376724, 1617297757.1314058]
[1617297754.2347436, 1617297756.968829]
[1617297754.214292, 1617297756.9712617]
[1617297754.6180463, 1617297757.3390071]
[1617297754.7898753, 1617297757.4990015]
[1617297754.8803763, 1617297757.6092298]
[1617297755.1979, 1617297757.8741894]
[1617297755.096415, 1617297757.7946353]
[1617297754.9780707, 1617297757.6676254]
[1617297755.158841, 1617297757.8433266]
[1617297755.1680217, 1617297757.8346744]
[1617297755.696858, 1617297758.391258]
[1617297755.7329748, 1617297758.4327905]
[1617297755.7057328, 1617297758.4415402]
[1617297755.6832743, 1617297758.3526766]
[1617297755.530236, 1617297758.2451732]
[1617297755.90261, 1617297758.567425]
[1617297755.8703852, 1617297758.567655]
[1617297756.0056992, 1617297758.7160225]
[1617297756.1697807, 1617297758.799627]
[1617297756.1664739, 1617297758.8644536]
[1617297755.9152353, 1617297758.640277]
[1617297756.4015985, 1617297759.140196]
[1617297756.273656, 1617297758.981626]
[1617297756.3360379, 1617297759.0013278]
[1617297756.4786973, 1617297759.1663277]
[1617297756.646942, 1617297759.3999429]
[1617297756.4388852, 1617297759.166097]
[1617297756.5998585, 1617297759.2559106]
[1617297756.7103198, 1617297759.4474163]
[1617297756.707955, 1617297759.435203]
[1617297756.829532, 1617297759.4862337]
[1617297757.050254, 1617297759.7530773]
[1617297757.0466516, 1617297759.7731662]
[1617297757.0779054, 1617297759.7702055]
[1617297757.0968785, 1617297759.815963]
[1617297756.895482, 1617297759.74342]
[1617297757.2216287, 1617297759.9194071]
[1617297757.3171947, 1617297760.0371118]
[1617297757.2869008, 1617297759.980494]
[1617297757.345258, 1617297760.050832]
[1617297757.1714969, 1617297759.9032445]
[1617297757.671371, 1617297760.380836]
[1617297757.3748157, 1617297760.081648]
[1617297757.7738924, 1617297760.47082]
[1617297757.9247427, 1617297760.6012242]
[1617297757.6508985, 1617297760.35643]
[1617297757.630067, 1617297760.3539186]
[1617297757.763952, 1617297760.462196]
[1617297757.8709364, 1617297760.5592358]
[1617297757.7742357, 1617297760.458503]
[1617297758.1048865, 1617297760.8019676]
[1617297757.9936802, 1617297760.668655]
[1617297758.2934024, 1617297760.9572535]
[1617297758.3745515, 1617297761.0429196]
[1617297758.2615492, 1617297760.9947298]
[1617297758.5680833, 1617297761.2972348]
[1617297758.3339765, 1617297761.0069158]
[1617297758.6649384, 1617297761.3365521]
[1617297758.7495642, 1617297761.449363]
[1617297758.8418007, 1617297761.4975076]
[1617297758.6897626, 1617297761.3517606]
[1617297758.6590922, 1617297761.409357]
[1617297758.9275544, 1617297761.6288636]
[1617297758.8612309, 1617297761.5674796]
[1617297759.100079, 1617297761.7978168]
[1617297759.3587341, 1617297762.0881717]
[1617297759.2608898, 1617297761.9896364]
[1617297759.2989695, 1617297761.9425323]
[1617297759.1583004, 1617297761.8690271]
[1617297759.4881542, 1617297762.2003255]
[1617297759.5922472, 1617297762.3140256]
[1617297759.522229, 1617297762.2880666]
[1617297759.740623, 1617297762.4900236]
[1617297759.7225425, 1617297762.4317763]
[1617297759.8755264, 1617297762.5965602]
[1617297759.5093598, 1617297762.1703963]
[1617297759.6563566, 1617297762.3949652]
[1617297759.7693293, 1617297762.4722712]
[1617297759.9311645, 1617297762.608556]
[1617297760.154184, 1617297762.8651257]
[1617297760.0205696, 1617297762.694788]
[1617297760.289109, 1617297762.9979072]
[1617297760.2549572, 1617297762.9516666]
[1617297760.4573596, 1617297763.1601768]
[1617297760.412377, 1617297763.1329029]
[1617297760.619112, 1617297763.2900558]
[1617297760.5760348, 1617297763.268644]
[1617297760.5832949, 1617297763.3010511]
[1617297760.7297907, 1617297763.425684]
[1617297760.7029905, 1617297763.3761132]
[1617297760.8243463, 1617297763.5125666]
[1617297761.0427518, 1617297763.7922137]
[1617297761.09462, 1617297763.7824006]
[1617297761.0658584, 1617297763.7283676]
[1617297760.9844882, 1617297763.6437778]
[1617297761.0314767, 1617297763.6964762]
[1617297761.1630938, 1617297763.8902228]
[1617297761.303722, 1617297764.051902]
[1617297761.2511919, 1617297763.9694953]
[1617297761.3758774, 1617297764.0409217]
[1617297761.2966845, 1617297764.0248656]
[1617297761.7338748, 1617297764.473]
[1617297761.4125926, 1617297764.115211]
[1617297761.460804, 1617297764.1565614]
[1617297761.716269, 1617297764.4113011]
[1617297761.9019604, 1617297764.6106904]
[1617297761.5500715, 1617297764.208158]
[1617297761.7651122, 1617297764.4665084]
[1617297761.6237745, 1617297764.32907]
[1617297761.8427298, 1617297764.521205]
[1617297761.8220363, 1617297764.5127947]
[1617297761.865494, 1617297764.604366]
[1617297761.9190156, 1617297764.6442783]
[1617297762.1509666, 1617297764.816846]
[1617297762.0230339, 1617297764.710228]
[1617297762.1293678, 1617297764.8491526]
[1617297762.281924, 1617297764.9452353]
[1617297762.3924742, 1617297765.047295]
[1617297762.3788788, 1617297765.1017528]
[1617297762.3721588, 1617297765.0759816]
[1617297762.2448895, 1617297764.9511213]
[1617297762.37923, 1617297765.0577013]
[1617297762.5497785, 1617297765.2906854]
[1617297762.5440412, 1617297765.2923036]
[1617297762.563459, 1617297765.266347]
[1617297762.6217651, 1617297765.3182085]
[1617297762.5853589, 1617297765.3198204]
[1617297762.891848, 1617297765.6040382]
[1617297762.7545967, 1617297765.436178]
[1617297762.8950088, 1617297765.6356204]
[1617297762.7044482, 1617297765.3793657]
[1617297762.7910714, 1617297765.4687848]
[1617297762.9617305, 1617297765.6588304]
[1617297762.9776957, 1617297765.6831582]
[1617297763.0405364, 1617297765.754963]
[1617297763.1337252, 1617297765.8290126]
[1617297763.2658985, 1617297765.939186]
[1617297763.158559, 1617297765.8898873]
[1617297763.0594304, 1617297765.7446458]
[1617297763.2684464, 1617297765.9871786]
[1617297763.4584517, 1617297766.1315286]
[1617297763.2887208, 1617297765.967805]
[1617297763.2634597, 1617297765.9873676]
[1617297763.5768943, 1617297766.2681346]
[1617297763.3640456, 1617297766.0651104]
[1617297763.8128338, 1617297766.5324304]
[1617297763.702791, 1617297766.3825507]
[1617297763.6204798, 1617297766.3014572]
[1617297763.6984081, 1617297766.3631482]
[1617297763.8587701, 1617297766.540305]
[1617297763.7040136, 1617297766.3719373]
[1617297763.8367748, 1617297766.5228384]
[1617297763.7464359, 1617297766.4315119]
[1617297763.853774, 1617297766.5421798]
[1617297764.0274405, 1617297766.7525606]
[1617297763.9811223, 1617297766.729402]
[1617297764.1511893, 1617297766.8445685]
[1617297764.2224762, 1617297766.8757539]
[1617297764.2598567, 1617297766.9404078]
[1617297764.3896616, 1617297767.0542498]
[1617297764.2680929, 1617297766.9676068]
[1617297764.4882276, 1617297767.2074783]
[1617297764.4035509, 1617297767.127422]
[1617297764.3819246, 1617297767.0984528]
[1617297764.4914563, 1617297767.1854517]
[1617297764.5221097, 1617297767.1974435]
[1617297764.4623225, 1617297767.168049]
[1617297764.5129352, 1617297767.1745582]
[1617297764.6621857, 1617297767.3779755]
[1617297765.0000577, 1617297767.7135243]
[1617297764.7303655, 1617297767.4045775]
[1617297764.8225052, 1617297767.4936128]
[1617297765.011629, 1617297767.7358947]
[1617297765.005228, 1617297767.7041378]
[1617297764.9806287, 1617297767.6415882]
[1617297764.9845517, 1617297767.7064416]
[1617297765.220106, 1617297767.9136956]
[1617297764.9970443, 1617297767.708313]
[1617297765.0513272, 1617297767.7878768]
[1617297765.264714, 1617297768.002427]
[1617297765.246961, 1617297767.897962]
[1617297765.2062466, 1617297768.1095128]
[1617297765.2039175, 1617297767.9656773]
[1617297765.5050762, 1617297768.175978]
[1617297765.381459, 1617297768.0908027]
[1617297765.6496258, 1617297768.3651426]
[1617297765.5402126, 1617297768.2775648]
[1617297765.6954913, 1617297768.407779]
[1617297765.635044, 1617297768.338449]
[1617297765.5894032, 1617297768.2675724]
[1617297765.7458742, 1617297768.4645379]
[1617297765.9312398, 1617297768.6251628]
[1617297765.7915285, 1617297768.7298353]
[1617297765.9983785, 1617297768.7148378]
[1617297765.905124, 1617297768.620289]
[1617297765.8552606, 1617297768.5413086]
[1617297765.958387, 1617297768.6393373]
[1617297766.0035365, 1617297768.7436662]
[1617297765.9392815, 1617297768.6161578]
[1617297766.1266294, 1617297768.822353]
[1617297766.4005542, 1617297769.0866053]
[1617297766.325224, 1617297768.9841337]
[1617297766.4221084, 1617297769.1144762]
[1617297766.4721465, 1617297769.1564858]
[1617297766.5542977, 1617297769.259437]
[1617297766.5020273, 1617297769.1895707]
[1617297766.3749723, 1617297769.0395863]
[1617297766.4011705, 1617297769.0977187]
[1617297766.7573884, 1617297769.488106]
[1617297766.570645, 1617297769.232997]
[1617297766.5357454, 1617297769.2226715]
[1617297766.7333024, 1617297769.430707]
[1617297766.667079, 1617297769.3816373]
[1617297766.9903772, 1617297769.695396]
[1617297766.760224, 1617297769.4598951]
[1617297766.905215, 1617297769.5597677]
[1617297767.0008256, 1617297769.6679451]
[1617297766.9853342, 1617297769.7127078]
[1617297767.0245278, 1617297769.7784278]
[1617297767.2552862, 1617297769.9972029]
[1617297767.3490875, 1617297770.0483294]
[1617297767.0391862, 1617297769.7351227]
[1617297767.1037424, 1617297769.772148]
[1617297767.1558802, 1617297769.8805919]
[1617297767.2745066, 1617297769.942529]
[1617297767.4573267, 1617297770.1534703]
[1617297767.4077616, 1617297770.0718358]
[1617297767.4287612, 1617297770.1307018]
[1617297767.4013653, 1617297770.1438205]
[1617297767.6595745, 1617297770.3212328]
[1617297767.8431616, 1617297770.5490556]
[1617297767.6083744, 1617297770.2682002]
[1617297767.76901, 1617297770.475904]
[1617297767.7953186, 1617297770.516097]
[1617297767.6623755, 1617297770.3793728]
[1617297767.9662757, 1617297770.6181993]
[1617297767.9676652, 1617297770.657053]
[1617297767.8493311, 1617297770.5583951]
[1617297767.8617182, 1617297770.6112103]
[1617297768.3706224, 1617297771.1163955]
[1617297768.013979, 1617297770.7595356]
[1617297768.0332997, 1617297770.7394059]
[1617297767.993394, 1617297770.7264843]
[1617297768.2348247, 1617297770.9058757]
[1617297768.2934504, 1617297770.974089]
[1617297768.3596241, 1617297771.0711021]
[1617297768.3865867, 1617297771.119937]
[1617297768.3603694, 1617297771.0622616]
[1617297768.3431754, 1617297771.0172575]
[1617297768.521972, 1617297771.2213151]
[1617297768.5764425, 1617297771.3039546]
[1617297768.889426, 1617297771.6073134]
[1617297768.755605, 1617297771.4716988]
[1617297768.7112916, 1617297771.4024186]
[1617297768.6814244, 1617297771.3583941]
[1617297768.8339756, 1617297771.5499096]
[1617297768.8735344, 1617297771.5828931]
[1617297769.0681343, 1617297771.7281404]
[1617297768.9334724, 1617297771.6133916]
[1617297768.8970132, 1617297771.6182237]
[1617297769.0839193, 1617297771.7572784]
[1617297769.2003827, 1617297771.929414]
[1617297769.1000373, 1617297771.802772]
[1617297769.2188137, 1617297771.9008496]
[1617297769.316268, 1617297771.9949954]
[1617297769.3491647, 1617297772.018929]
[1617297769.3724728, 1617297772.1304514]
[1617297769.3462765, 1617297772.0389795]
[1617297769.3194332, 1617297771.9913328]
[1617297769.3213737, 1617297772.0134456]
[1617297769.5226371, 1617297772.2292256]
[1617297769.3794456, 1617297772.0792398]
[1617297769.6715288, 1617297772.3754325]
[1617297769.6016393, 1617297772.2799]
[1617297769.674077, 1617297772.3504689]
[1617297769.8206608, 1617297772.5757673]
[1617297769.6934936, 1617297772.4903784]
[1617297769.862261, 1617297772.5883257]
[1617297770.0561388, 1617297772.7567081]
[1617297770.0206883, 1617297772.7470663]
[1617297769.9123425, 1617297772.6433847]
[1617297770.0789013, 1617297772.7380555]
[1617297769.8379815, 1617297772.4894326]
[1617297770.301456, 1617297772.996733]
[1617297770.1124098, 1617297772.7807708]
[1617297770.204918, 1617297772.900986]
[1617297770.2386763, 1617297772.9447088]
[1617297770.4546301, 1617297773.1652145]
[1617297770.524641, 1617297773.2392437]
[1617297770.508667, 1617297773.1889472]
[1617297770.47247, 1617297773.180495]
[1617297770.2810516, 1617297772.9318526]
[1617297770.3574057, 1617297773.0194025]
[1617297770.5491338, 1617297773.256911]
[1617297770.5020468, 1617297773.1940773]
[1617297770.747965, 1617297773.456662]
[1617297770.7569382, 1617297773.4103003]
[1617297770.703368, 1617297773.3917043]
[1617297771.0698702, 1617297773.7828622]
[1617297770.8038566, 1617297773.5299952]
[1617297770.8520713, 1617297773.5768528]
[1617297770.7394073, 1617297773.4744039]
[1617297771.2056477, 1617297773.9118235]
[1617297770.9501388, 1617297773.629023]
[1617297771.1375117, 1617297773.8487105]
[1617297771.098121, 1617297773.800602]
[1617297770.9898896, 1617297773.7188454]
[1617297771.1038315, 1617297773.7778673]
[1617297771.1961548, 1617297773.9082916]
[1617297771.4846287, 1617297774.2056131]
[1617297771.2963712, 1617297773.9942296]
[1617297771.517574, 1617297774.2111135]
[1617297771.561655, 1617297774.261802]
[1617297771.5077531, 1617297774.20024]
[1617297771.6406512, 1617297774.3221247]
[1617297771.3121643, 1617297774.0042064]
[1617297771.6040337, 1617297774.33824]
[1617297771.6685445, 1617297774.3767178]
[1617297771.6371553, 1617297774.3482242]
[1617297771.895955, 1617297774.5988848]
[1617297771.8001637, 1617297774.4740624]
[1617297771.8061235, 1617297774.4608707]
[1617297772.127129, 1617297774.8142583]
[1617297772.0727365, 1617297774.785647]
[1617297771.8425963, 1617297774.5604587]
[1617297772.1234257, 1617297774.8254654]
[1617297772.1732256, 1617297774.8893857]
[1617297772.060023, 1617297774.7521822]
[1617297772.0372972, 1617297774.709725]
[1617297772.2109942, 1617297774.8680975]
[1617297772.2953894, 1617297774.950948]
[1617297772.5954862, 1617297775.2953768]
[1617297772.3851523, 1617297775.0884137]
[1617297772.4704485, 1617297775.238381]
[1617297772.4983716, 1617297775.1782823]
[1617297772.6193442, 1617297775.2777224]
[1617297772.466483, 1617297775.1655495]
[1617297772.841593, 1617297775.5445595]
[1617297772.75205, 1617297775.4112418]
[1617297772.7958755, 1617297775.463295]
[1617297772.595628, 1617297775.3675268]
[1617297772.6649027, 1617297775.395824]
[1617297772.899469, 1617297775.604499]
[1617297772.8540125, 1617297775.5447323]
[1617297772.8364055, 1617297775.547316]
[1617297773.2258842, 1617297775.9195795]
[1617297772.860255, 1617297775.5162265]
[1617297773.1849403, 1617297775.9204848]
[1617297773.318222, 1617297776.0090024]
[1617297773.204574, 1617297776.0790803]
[1617297773.4143643, 1617297776.111354]
[1617297773.2917817, 1617297776.0238066]
[1617297773.2377243, 1617297775.8981109]
[1617297773.2762496, 1617297775.9769099]
[1617297773.2278674, 1617297775.9775465]
[1617297773.6317704, 1617297776.3737664]
[1617297773.4887857, 1617297776.217253]
[1617297773.492823, 1617297776.2149496]
[1617297773.5140405, 1617297776.1668036]
[1617297773.7268648, 1617297776.4116592]
[1617297773.6535628, 1617297776.3307178]
[1617297773.7177947, 1617297776.4538276]
[1617297773.7562008, 1617297776.4093096]
[1617297773.7423782, 1617297776.46449]
[1617297774.0305777, 1617297776.7400076]
[1617297773.9756386, 1617297776.7144222]
[1617297774.051764, 1617297776.7502577]
[1617297774.0696678, 1617297776.77505]
[1617297774.4065077, 1617297777.1119363]
[1617297774.3149016, 1617297777.0121555]
[1617297774.3126526, 1617297777.020912]
[1617297774.261666, 1617297777.0047853]
[1617297774.2768872, 1617297777.0152853]
[1617297774.273517, 1617297776.9990432]
[1617297774.2333739, 1617297776.916043]
[1617297774.4340854, 1617297777.1556582]
[1617297774.2551868, 1617297776.9441469]
[1617297774.5964005, 1617297777.297524]
[1617297774.5180645, 1617297777.1719315]
[1617297774.5115, 1617297777.1894834]
[1617297774.6278968, 1617297777.3347816]
[1617297774.6109543, 1617297777.328444]
[1617297774.706157, 1617297777.385601]
[1617297774.8444343, 1617297777.548174]
[1617297774.7758663, 1617297777.47227]
[1617297774.8583806, 1617297777.558568]
[1617297775.0538664, 1617297777.746445]
[1617297774.9287624, 1617297777.637629]
[1617297774.9575655, 1617297777.6076949]
[1617297774.9466286, 1617297777.6325507]
[1617297775.1689293, 1617297777.8927689]
[1617297775.0811572, 1617297777.749772]
[1617297775.2975063, 1617297777.957071]
[1617297775.308581, 1617297778.0622828]
[1617297775.4832184, 1617297778.1522043]
[1617297775.3406756, 1617297778.066762]
[1617297775.2227743, 1617297777.9193296]
[1617297775.4906905, 1617297778.2246234]
[1617297775.5200822, 1617297778.185087]
[1617297775.4246364, 1617297778.0875661]
[1617297775.5065231, 1617297778.2640605]
[1617297775.6182199, 1617297778.3144193]
[1617297775.614142, 1617297778.300615]
[1617297775.782233, 1617297778.4938204]
[1617297775.8032563, 1617297778.4792917]
[1617297775.7088785, 1617297778.3849056]
[1617297775.9177496, 1617297778.5727274]
[1617297775.9534926, 1617297778.626886]
[1617297775.9001527, 1617297778.5946248]
[1617297776.0391042, 1617297778.7420712]
[1617297776.0333958, 1617297778.7497807]
[1617297775.92975, 1617297778.6695564]
[1617297775.873969, 1617297778.5426142]
[1617297776.2761536, 1617297778.9251974]
[1617297776.26189, 1617297779.0000174]
[1617297776.2968876, 1617297778.9919736]
[1617297776.42196, 1617297779.14799]
[1617297776.2945297, 1617297778.983031]
[1617297776.5520115, 1617297779.2705173]
[1617297776.2587235, 1617297778.994892]
[1617297776.6373298, 1617297779.3491108]
[1617297776.520625, 1617297779.238288]
[1617297776.4538314, 1617297779.1555657]
[1617297776.454287, 1617297779.1138282]
[1617297776.5970328, 1617297779.2716842]
[1617297776.760468, 1617297779.4612398]
[1617297776.7175674, 1617297779.427868]
[1617297776.9839475, 1617297779.6746633]
[1617297776.8458703, 1617297779.5772376]
[1617297776.771436, 1617297779.4777536]
[1617297776.7510993, 1617297779.4616377]
[1617297777.1080165, 1617297779.8260155]
[1617297777.080831, 1617297779.7935174]
[1617297777.2952754, 1617297780.0094986]
[1617297777.1059043, 1617297779.830535]
[1617297777.200688, 1617297779.8848243]
[1617297777.2358541, 1617297779.8948393]
[1617297777.1531494, 1617297779.8645718]
[1617297777.4363081, 1617297780.108988]
[1617297777.2608526, 1617297779.9728396]
[1617297777.3166947, 1617297779.9968014]
[1617297777.4526908, 1617297780.159507]
[1617297777.316646, 1617297780.016742]
[1617297777.5306406, 1617297780.2484534]
[1617297777.7315845, 1617297780.392499]
[1617297777.687625, 1617297780.3508751]
[1617297777.524298, 1617297780.2386243]
[1617297777.6762602, 1617297780.3844762]
[1617297777.8069777, 1617297780.4966114]
[1617297777.7696455, 1617297780.4459393]
[1617297777.8170612, 1617297780.495701]
[1617297777.9274628, 1617297780.65019]
[1617297777.8928113, 1617297780.5948143]
[1617297777.982201, 1617297780.650272]
[1617297778.0787525, 1617297780.7816184]
[1617297778.2123876, 1617297780.8896444]
[1617297778.2079425, 1617297780.8990405]
[1617297778.1467438, 1617297780.807322]
[1617297778.3445501, 1617297781.049084]
[1617297778.3033721, 1617297781.013789]
[1617297778.2452893, 1617297780.9575758]
[1617297778.2880428, 1617297781.0373893]
[1617297778.4844751, 1617297781.143699]
[1617297778.5212028, 1617297781.2401795]
[1617297778.5412166, 1617297781.224666]
[1617297778.5603528, 1617297781.2279453]
[1617297778.5777051, 1617297781.2670813]
[1617297778.7355556, 1617297781.422511]
[1617297778.7898679, 1617297781.52061]
[1617297778.8611655, 1617297781.551132]
[1617297778.7227042, 1617297781.4316413]
[1617297778.816249, 1617297781.522405]
[1617297778.860965, 1617297781.517839]
[1617297779.0498304, 1617297781.9894886]
[1617297778.8571782, 1617297781.5564992]
[1617297779.000859, 1617297781.7094874]
[1617297779.1447473, 1617297781.8125117]
[1617297779.1686733, 1617297781.8747935]
[1617297779.3196542, 1617297782.0615737]
[1617297779.0921645, 1617297781.823976]
[1617297779.2290964, 1617297781.9552283]
[1617297779.3420563, 1617297782.0668137]
[1617297779.3853643, 1617297782.0419617]
[1617297779.301073, 1617297781.972333]
[1617297779.3827558, 1617297782.0739431]
[1617297779.41439, 1617297782.0985029]
[1617297779.3626068, 1617297782.0745552]
[1617297779.4184465, 1617297782.1228843]
[1617297779.5500517, 1617297782.2623596]
[1617297779.7105727, 1617297782.3967614]
[1617297779.7014024, 1617297782.3866687]
[1617297779.7051601, 1617297782.4282029]
[1617297779.6176898, 1617297782.3551543]
[1617297779.8390245, 1617297782.5684445]
[1617297779.8205435, 1617297782.5148742]
[1617297779.8302166, 1617297782.5352328]
[1617297780.1776764, 1617297782.8675976]
[1617297780.0212302, 1617297782.7718472]
[1617297780.1697426, 1617297782.8441966]
[1617297780.07537, 1617297782.7758074]
[1617297780.1799972, 1617297782.9045339]
[1617297780.3790147, 1617297783.036159]
[1617297780.1687286, 1617297782.8925662]
[1617297780.3955774, 1617297783.1463308]
[1617297780.1929915, 1617297782.8533285]
[1617297780.3435643, 1617297783.054084]
[1617297780.3323443, 1617297783.0258381]
[1617297780.474947, 1617297783.1451695]
[1617297780.5572124, 1617297783.2421155]
[1617297780.9092684, 1617297783.6046658]
[1617297780.6903522, 1617297783.3602657]
[1617297780.7948706, 1617297783.5030034]
[1617297780.7489, 1617297783.4863884]
[1617297780.8082223, 1617297783.4942706]
[1617297781.0049293, 1617297783.6561093]
[1617297780.750324, 1617297783.450701]
[1617297780.9847772, 1617297783.6831217]
[1617297780.9859025, 1617297783.6540859]
[1617297780.9811835, 1617297783.6969292]
[1617297781.0172334, 1617297783.6900127]
[1617297781.1659577, 1617297783.8470163]
[1617297781.1477091, 1617297783.837672]
[1617297781.2833724, 1617297783.981627]
[1617297781.4569798, 1617297784.1721935]
[1617297781.2415972, 1617297783.9338136]
[1617297781.3225367, 1617297784.0737457]
[1617297781.3584976, 1617297784.0289936]
[1617297781.5894423, 1617297784.2888734]
[1617297781.5166674, 1617297784.2065833]
[1617297781.6146452, 1617297784.3116796]
[1617297781.641581, 1617297784.3999665]
[1617297781.6100001, 1617297784.2880616]
[1617297781.7325742, 1617297784.4184573]
[1617297781.8369427, 1617297784.556974]
[1617297781.758157, 1617297784.5153415]
[1617297781.9217117, 1617297784.625003]
[1617297781.7579188, 1617297784.4175024]
[1617297781.9625628, 1617297784.681316]
[1617297781.9529397, 1617297784.6847289]
[1617297781.8449638, 1617297784.5101233]
[1617297782.1958501, 1617297784.9118588]
[1617297782.2401624, 1617297784.9277198]
[1617297782.31151, 1617297785.0257454]
[1617297782.405296, 1617297785.1190178]
[1617297782.1970744, 1617297784.9014966]
[1617297782.26755, 1617297784.9805927]
[1617297782.6337101, 1617297785.3429155]
[1617297782.2298954, 1617297785.014621]
[1617297782.5540848, 1617297785.2947557]
[1617297782.7120328, 1617297785.3992548]
[1617297782.6749363, 1617297785.3725908]
[1617297782.6866066, 1617297785.3793464]
[1617297782.7160425, 1617297785.4295382]
[1617297782.7535036, 1617297785.4900062]
[1617297782.8030798, 1617297785.526614]
[1617297782.7715957, 1617297785.4276686]
[1617297782.882581, 1617297785.669197]
[1617297782.8490603, 1617297785.5664341]
[1617297782.9888458, 1617297785.6926467]
[1617297782.9457119, 1617297785.6665466]
[1617297783.085278, 1617297785.7963085]
[1617297783.0478115, 1617297785.7089708]
[1617297783.1322722, 1617297785.7888336]
[1617297783.0369985, 1617297785.7338026]
[1617297783.285938, 1617297785.9677286]
[1617297783.2605083, 1617297785.9544103]
[1617297783.2017252, 1617297785.994374]
[1617297783.2163248, 1617297785.8866718]
[1617297783.3801427, 1617297786.041917]
[1617297783.5112553, 1617297786.1884105]
[1617297783.487117, 1617297786.2194588]
[1617297783.6243768, 1617297786.2972043]
[1617297783.5290349, 1617297786.261597]
[1617297783.516147, 1617297786.2276428]
[1617297783.5743713, 1617297786.371617]
[1617297783.9656334, 1617297786.6469142]
[1617297783.631096, 1617297786.3090153]
[1617297784.0418158, 1617297786.7418792]
[1617297783.7808423, 1617297786.5010846]
[1617297784.029389, 1617297786.7203114]
[1617297783.9645345, 1617297786.6319032]
[1617297784.0785177, 1617297786.8265781]
[1617297784.115078, 1617297786.8384578]
[1617297784.181074, 1617297786.8911355]
[1617297784.3007798, 1617297787.0178888]
[1617297784.266918, 1617297786.9463341]
[1617297784.1289656, 1617297786.8075967]
[1617297784.5788877, 1617297787.2953815]
[1617297784.3902628, 1617297787.0527565]
[1617297784.3620555, 1617297787.049513]
[1617297784.250222, 1617297786.9363914]
[1617297784.7095017, 1617297787.3963473]
[1617297784.5329862, 1617297787.283741]
[1617297784.3312037, 1617297787.0302963]
[1617297784.540899, 1617297787.209759]
[1617297784.819133, 1617297787.4798012]
[1617297784.7062569, 1617297787.4247272]
[1617297784.5729315, 1617297787.2733839]
[1617297784.705222, 1617297787.426039]
[1617297784.8834016, 1617297787.5534453]
[1617297784.87796, 1617297787.6175766]
[1617297784.9072173, 1617297787.598041]
[1617297784.899134, 1617297787.6158075]
[1617297785.2052934, 1617297787.8969216]
[1617297785.1226013, 1617297787.8776023]
[1617297785.112942, 1617297787.8811603]
[1617297785.3728325, 1617297788.0977168]
[1617297785.4410803, 1617297788.1587207]
[1617297785.3276608, 1617297788.0561898]
[1617297785.3332093, 1617297788.0892644]
[1617297785.2523193, 1617297787.952574]
[1617297785.519436, 1617297788.2524605]
[1617297785.2700245, 1617297787.945838]
[1617297785.738553, 1617297788.4014175]
[1617297785.34736, 1617297788.0522017]
[1617297785.63073, 1617297788.3465738]
[1617297785.54724, 1617297788.248085]
[1617297785.5580676, 1617297788.215869]
[1617297785.9723587, 1617297788.6576428]
[1617297785.9487193, 1617297788.60842]
[1617297785.894188, 1617297788.566322]
[1617297786.149193, 1617297788.8550525]
[1617297786.3924441, 1617297789.1182501]
[1617297786.320993, 1617297788.9950366]
[1617297786.0498543, 1617297788.7451618]
[1617297785.9264846, 1617297788.632236]
[1617297786.0235388, 1617297788.7038739]
[1617297786.0160244, 1617297788.7145672]
[1617297786.081596, 1617297788.7769773]
[1617297786.2962947, 1617297789.051128]
[1617297786.7287688, 1617297789.4216933]
[1617297786.716137, 1617297789.4099278]
[1617297786.3952942, 1617297789.0924082]
[1617297786.6661334, 1617297789.3480403]
[1617297786.5516243, 1617297789.2636197]
[1617297786.6823115, 1617297789.3988252]
[1617297786.7318034, 1617297789.4157019]
[1617297786.77787, 1617297789.5182147]
[1617297786.6681802, 1617297789.333531]
[1617297786.9488678, 1617297789.6214437]
[1617297787.0529025, 1617297789.7500176]
[1617297787.1112206, 1617297789.7685757]
[1617297786.9738827, 1617297789.6858947]
[1617297786.95151, 1617297789.6118157]
[1617297787.2026186, 1617297789.9229949]
[1617297786.9876065, 1617297789.70786]
[1617297787.1985211, 1617297789.8897297]
[1617297787.3079383, 1617297790.0029402]
[1617297787.345063, 1617297790.1024525]
[1617297787.410298, 1617297790.0970228]
[1617297787.2529671, 1617297790.0177712]
[1617297787.4708893, 1617297790.2201397]
[1617297787.2147255, 1617297789.877051]
[1617297787.5362306, 1617297790.1931052]
[1617297787.5945282, 1617297790.2621982]
[1617297787.4718683, 1617297790.2321696]
[1617297787.6883373, 1617297790.4075449]
[1617297787.6968873, 1617297790.4037068]
[1617297787.539804, 1617297790.2939358]
[1617297787.8185234, 1617297790.5130558]
[1617297787.7349498, 1617297790.430302]
[1617297787.9269001, 1617297790.6413012]
[1617297787.9800339, 1617297790.6842432]
[1617297787.7549875, 1617297790.4265656]
[1617297787.9515672, 1617297790.6455529]
[1617297787.9820888, 1617297790.6951525]
[1617297787.9003565, 1617297790.6255043]
[1617297788.2345572, 1617297790.8930156]
[1617297788.2771358, 1617297791.0083594]
[1617297788.1567802, 1617297790.899002]
[1617297788.3173163, 1617297791.013918]
[1617297788.3335304, 1617297791.0391257]
[1617297788.2438257, 1617297790.9557512]
[1617297788.4718308, 1617297791.1326318]
[1617297788.5366251, 1617297791.2633557]
[1617297788.3799973, 1617297791.0913863]
[1617297788.5361073, 1617297791.2625322]
[1617297788.7993963, 1617297791.5170105]
[1617297788.3943243, 1617297791.1113124]
[1617297788.8839781, 1617297791.592971]
[1617297788.6764996, 1617297791.3627963]
[1617297788.9210107, 1617297791.5963314]
[1617297788.7149143, 1617297791.3901274]
[1617297789.0223913, 1617297791.7015688]
[1617297789.1023157, 1617297791.7724493]
[1617297789.088201, 1617297791.7938066]
[1617297789.0774648, 1617297791.8768759]
[1617297788.9356642, 1617297791.644607]
[1617297789.224521, 1617297791.9822998]
[1617297789.31767, 1617297792.0293593]
[1617297789.2691004, 1617297791.958153]
[1617297789.3502197, 1617297792.0270283]
[1617297789.343617, 1617297792.016147]
[1617297789.5059156, 1617297792.2007527]
[1617297789.4658651, 1617297792.160757]
[1617297789.7315109, 1617297792.434017]
[1617297789.669777, 1617297792.3426037]
[1617297789.8300319, 1617297792.5043695]
[1617297789.4732249, 1617297792.1525073]
[1617297789.6988947, 1617297792.424236]
[1617297789.6721704, 1617297792.345495]
[1617297789.7692056, 1617297792.4744549]
[1617297789.8459284, 1617297792.5718703]
[1617297789.9142373, 1617297792.6001668]
[1617297789.8902426, 1617297792.5857503]
[1617297789.8236165, 1617297792.476293]
[1617297790.1726933, 1617297792.929757]
[1617297789.9819007, 1617297792.682428]
[1617297790.2181091, 1617297792.8812041]
[1617297790.0910363, 1617297792.8050084]
[1617297790.1973255, 1617297792.9278054]
[1617297790.3921309, 1617297793.153989]
[1617297790.1043372, 1617297792.7961183]
[1617297790.5170045, 1617297793.1908574]
[1617297790.558217, 1617297793.256379]
[1617297790.420813, 1617297793.1363733]
[1617297790.5109935, 1617297793.1887226]
[1617297790.8262181, 1617297793.551769]
[1617297790.7207081, 1617297793.485582]
[1617297790.8334994, 1617297793.6343153]
[1617297790.8156672, 1617297793.5058389]
[1617297790.7511578, 1617297793.480496]
[1617297790.9023476, 1617297793.5659585]
[1617297790.8488603, 1617297793.553485]
[1617297790.8832295, 1617297793.554559]
[1617297791.2199683, 1617297793.928298]
[1617297791.0177844, 1617297793.7275763]
[1617297791.0298243, 1617297793.7522352]
[1617297791.2563214, 1617297793.9935555]
[1617297791.1211522, 1617297793.8292377]
[1617297791.2442417, 1617297793.940762]
[1617297791.1953526, 1617297793.86254]
[1617297791.3148654, 1617297794.0212228]
[1617297791.356059, 1617297794.0842886]
[1617297791.3939216, 1617297794.083173]
[1617297791.2927902, 1617297794.010883]
[1617297791.429824, 1617297794.1096864]
[1617297791.4523203, 1617297794.1735382]
[1617297791.5874188, 1617297794.26793]
[1617297791.5249777, 1617297794.2231596]
[1617297791.4607775, 1617297794.1821659]
[1617297791.7971892, 1617297794.4709473]
[1617297792.0370672, 1617297794.7517412]
[1617297791.8575668, 1617297794.5704691]
[1617297791.988916, 1617297794.730579]
[1617297791.7313251, 1617297794.4039326]
[1617297791.958978, 1617297794.6845725]
[1617297791.9244823, 1617297794.6711547]
[1617297792.0771148, 1617297794.7591124]
[1617297792.2872064, 1617297794.9423373]
[1617297792.2212744, 1617297794.9103835]
[1617297792.2783496, 1617297794.9362292]
[1617297792.0852575, 1617297794.7552245]
[1617297792.2504563, 1617297794.9329789]
[1617297792.3083618, 1617297795.0138648]
[1617297792.3489747, 1617297795.059306]
[1617297792.1709402, 1617297794.8569195]
[1617297792.4437826, 1617297795.1391635]
[1617297792.5396357, 1617297795.2368565]
[1617297792.650115, 1617297795.3088434]
[1617297792.4862373, 1617297795.1433382]
[1617297792.5163019, 1617297795.2374208]
[1617297792.383167, 1617297795.0433764]
[1617297792.648559, 1617297795.3420603]
[1617297792.7042623, 1617297795.4162633]
[1617297792.5114036, 1617297795.1955376]
[1617297792.6732988, 1617297795.382386]
[1617297792.6944392, 1617297795.4094088]
[1617297792.8089552, 1617297795.533753]
[1617297792.917672, 1617297795.648822]
[1617297792.7864163, 1617297795.4804125]
[1617297792.9367478, 1617297795.6990707]
[1617297792.8368266, 1617297795.552454]
[1617297792.9139214, 1617297795.5752804]
[1617297793.0614686, 1617297795.7350788]
[1617297792.950425, 1617297795.717804]
[1617297793.0789883, 1617297795.756497]
[1617297793.0234444, 1617297795.7019656]
[1617297792.9539926, 1617297795.6647322]
[1617297793.1694455, 1617297795.9252956]
[1617297793.158785, 1617297795.8936498]
[1617297793.1396158, 1617297795.8367949]
[1617297793.3015833, 1617297795.9853773]
[1617297793.2514286, 1617297795.925056]
[1617297793.361825, 1617297796.017646]
[1617297793.4703436, 1617297796.1741545]
[1617297793.4059513, 1617297796.0744581]
[1617297793.2862005, 1617297795.9677982]
[1617297793.5519302, 1617297796.3421156]
[1617297793.4796088, 1617297796.1855938]
[1617297793.606065, 1617297796.271096]
[1617297793.5123565, 1617297796.2389386]
[1617297793.750141, 1617297796.4703064]
[1617297793.7998369, 1617297796.5049434]
[1617297793.6909735, 1617297796.5583503]
[1617297793.5973234, 1617297796.2515752]
[1617297793.7334535, 1617297796.4694295]
[1617297793.704494, 1617297796.413882]
[1617297793.841635, 1617297796.5926418]
[1617297793.960443, 1617297796.6757684]
[1617297793.7802384, 1617297796.4756768]
[1617297793.8239923, 1617297796.5208468]
[1617297793.8514974, 1617297796.5178678]
[1617297793.9091895, 1617297796.5740802]
[1617297793.9331632, 1617297796.647015]
[1617297794.0141084, 1617297796.7711828]
[1617297793.9631643, 1617297796.6573467]
[1617297794.1725767, 1617297796.8641553]
[1617297793.9564953, 1617297796.6509762]
[1617297794.0952735, 1617297796.81413]
[1617297794.2276242, 1617297796.9249005]
[1617297794.1292417, 1617297796.809462]
[1617297794.0846677, 1617297796.7932105]
[1617297794.242133, 1617297796.9503498]
[1617297794.1774054, 1617297796.8945887]
[1617297794.2228103, 1617297796.9648473]
[1617297794.3065362, 1617297796.9639065]
[1617297794.3481925, 1617297797.053501]
[1617297794.4137511, 1617297797.089141]
[1617297794.525447, 1617297797.242665]
[1617297794.6143134, 1617297797.3102944]
[1617297794.461411, 1617297797.1600006]
[1617297794.4919677, 1617297797.1900728]
[1617297794.5762382, 1617297797.286289]
[1617297794.6101916, 1617297797.3338897]
[1617297794.6785116, 1617297797.4464936]
[1617297794.7167778, 1617297797.4227]
[1617297794.7405903, 1617297797.4448993]
[1617297794.6141744, 1617297797.4260602]
[1617297794.6513584, 1617297797.3112066]
[1617297794.570049, 1617297797.2839649]
[1617297794.8150096, 1617297797.4839022]
[1617297794.7819808, 1617297797.4562652]
[1617297794.8169887, 1617297797.5318344]
[1617297794.7541738, 1617297797.4692454]
[1617297794.8740165, 1617297797.566224]
[1617297794.8845007, 1617297797.7145243]
[1617297794.8525236, 1617297797.5706398]
[1617297794.92414, 1617297797.6569588]
[1617297794.9633858, 1617297797.614637]
[1617297794.8873754, 1617297797.6113248]
[1617297794.9185936, 1617297797.6154482]
[1617297794.976081, 1617297797.643364]
[1617297795.0204995, 1617297798.0069048]
[1617297795.0380528, 1617297797.787697]
[1617297795.0962577, 1617297797.7905977]
[1617297795.1100814, 1617297797.7737398]
[1617297795.122778, 1617297797.8475924]
[1617297795.2368228, 1617297797.943984]
[1617297795.2179813, 1617297797.9089367]
[1617297795.241846, 1617297797.9846334]
[1617297795.295833, 1617297798.0079548]
[1617297795.153129, 1617297797.82994]
[1617297795.2622333, 1617297798.012407]
[1617297795.2924647, 1617297798.0195532]
[1617297795.4211142, 1617297798.112429]
[1617297795.3599021, 1617297798.0374348]
[1617297795.5332477, 1617297798.27437]
[1617297795.5008998, 1617297798.1947207]
[1617297795.4032736, 1617297798.1078677]
[1617297795.5748892, 1617297798.3417737]
[1617297795.4031892, 1617297798.0565193]
[1617297795.4467657, 1617297798.1532328]
[1617297795.5062444, 1617297798.1843338]
[1617297795.5244095, 1617297798.2189422]
[1617297795.5407481, 1617297798.220365]
[1617297795.5550253, 1617297798.2426302]
[1617297795.6055067, 1617297798.3974764]
[1617297795.6505666, 1617297798.3972406]
[1617297795.7379436, 1617297798.458486]
[1617297795.7242243, 1617297798.4011264]
[1617297795.7218962, 1617297798.4592881]
[1617297795.6493173, 1617297798.3990731]
[1617297795.6143606, 1617297798.30839]
[1617297795.631915, 1617297798.370361]
[1617297795.598986, 1617297798.2573488]
[1617297795.7248614, 1617297798.4747813]
[1617297795.8729324, 1617297798.5857735]
[1617297795.7901192, 1617297798.4931736]
[1617297795.6162975, 1617297798.291203]
[1617297795.732586, 1617297798.451678]
[1617297795.8925972, 1617297798.6189525]
[1617297795.8542993, 1617297798.5513003]
[1617297795.8123593, 1617297798.4856455]
[1617297795.814823, 1617297798.5037913]
[1617297795.9449046, 1617297798.6195428]
[1617297795.931231, 1617297798.6692865]
[1617297795.8465254, 1617297798.538125]
[1617297795.9164922, 1617297798.602497]
[1617297795.9119265, 1617297798.6443536]
[1617297796.063783, 1617297798.807497]
[1617297795.9955137, 1617297798.6853468]
[1617297795.9778976, 1617297798.6512449]
[1617297795.999559, 1617297798.7502632]
[1617297795.930686, 1617297798.6900957]
[1617297796.0622, 1617297798.7987187]
[1617297795.8997064, 1617297798.6205177]
[1617297796.0167754, 1617297798.7453291]
[1617297795.995446, 1617297798.7166448]
[1617297796.0313346, 1617297798.6858885]
[1617297796.062339, 1617297798.7909925]
[1617297796.104242, 1617297798.7712476]
[1617297796.23232, 1617297798.948664]
[1617297796.0562472, 1617297798.7812567]
[1617297796.1591792, 1617297798.9550598]
[1617297796.2490854, 1617297798.9470308]
[1617297796.1962848, 1617297798.9032667]
[1617297796.2648423, 1617297799.0026407]
[1617297796.258889, 1617297798.9293776]
[1617297796.133138, 1617297798.8487287]
[1617297796.325404, 1617297799.0509632]
[1617297796.1270964, 1617297798.8239]
[1617297796.167182, 1617297798.8748643]
[1617297796.276631, 1617297798.9474897]
[1617297796.2659717, 1617297799.01195]
[1617297796.2471306, 1617297798.9379098]
[1617297796.2604063, 1617297798.9704237]
[1617297796.326714, 1617297799.0282023]
[1617297796.1866615, 1617297798.9476664]
[1617297796.199437, 1617297798.9393897]
[1617297796.2539966, 1617297799.0002613]
[1617297796.286923, 1617297798.9780006]
[1617297796.3134022, 1617297799.01156]
[1617297796.3110514, 1617297799.0628717]
[1617297796.2839494, 1617297799.002261]
[1617297796.3005037, 1617297799.0182772]
[1617297796.1973565, 1617297799.2595766]
[1617297796.2676508, 1617297798.951172]
[1617297796.2122192, 1617297798.9153426]
[1617297796.2380118, 1617297798.9793124]
[1617297796.2726326, 1617297799.0391815]
[1617297796.260433, 1617297798.9835677]
[1617297796.3634877, 1617297799.0963473]
[1617297796.2935128, 1617297798.9682448]
[1617297796.2660546, 1617297798.9598782]
[1617297796.3762245, 1617297799.135288]
[1617297796.2355556, 1617297799.014654]
[1617297796.3500335, 1617297799.0534894]
[1617297796.2446535, 1617297798.950651]
[1617297796.3569949, 1617297799.0405064]
[1617297796.2431207, 1617297798.9173155]
[1617297796.3484735, 1617297799.0525374]
[1617297796.3963113, 1617297799.1375751]
[1617297796.401751, 1617297799.1073275]
[1617297796.4163623, 1617297799.1365478]
[1617297796.4182367, 1617297799.1785703]
[1617297796.3764322, 1617297799.1281083]
[1617297796.3658123, 1617297799.0269191]
[1617297796.4261003, 1617297799.1228487]
[1617297796.387493, 1617297799.1015232]
[1617297796.4324286, 1617297799.157965]
[1617297796.426088, 1617297799.1655476]
[1617297796.4278436, 1617297799.1609132]
[1617297796.3987548, 1617297799.1923883]
[1617297796.3574095, 1617297799.0630848]
[1617297796.4549205, 1617297799.1736562]
[1617297796.431322, 1617297799.1605124]
[1617297796.4390004, 1617297799.1625886]
