27.60019850730896
21.931447505950928
21.146260023117065
20.589776515960693
19.76907444000244
19.21350646018982
18.55000901222229
17.920871019363403
17.280961990356445
16.664037466049194
15.888421535491943
15.264991998672485
14.646514892578125
13.91003155708313
13.261310577392578
12.626752376556396
11.986484050750732
11.300165891647339
10.672502994537354
10.011049747467041
9.392822027206421
8.692399263381958
8.070899486541748
7.4048662185668945
6.719440698623657
6.094805717468262
5.448133707046509
4.761305809020996
4.096708059310913
3.425968885421753
