[1616950871.2851212, 1616950872.0099168]
[1616950871.7100947, 1616950872.3646576]
[1616950871.425487, 1616950872.133055]
[1616950871.6211941, 1616950872.30595]
[1616950871.1597977, 1616950871.7859323]
[1616950871.5777538, 1616950872.3796854]
[1616950871.4498925, 1616950872.1299942]
[1616950871.1263096, 1616950871.7925642]
[1616950871.5337417, 1616950872.536482]
[1616950871.350347, 1616950872.0492756]
[1616950871.6955807, 1616950872.393229]
[1616950871.8257484, 1616950872.482115]
[1616950871.6163335, 1616950872.2905686]
[1616950871.4421468, 1616950872.126975]
[1616950871.429004, 1616950873.0816848]
[1616950871.5524542, 1616950872.248306]
[1616950871.460515, 1616950872.7174933]
[1616950871.4752238, 1616950872.152391]
[1616950871.664929, 1616950872.4401786]
[1616950871.4966805, 1616950872.680006]
[1616950871.8347979, 1616950872.5422423]
[1616950871.953072, 1616950872.6887715]
[1616950871.8299327, 1616950872.5412254]
[1616950872.3919175, 1616950874.3063068]
[1616950872.0802293, 1616950872.7719684]
[1616950871.934807, 1616950872.5844781]
[1616950872.4899406, 1616950873.1368914]
[1616950872.1706545, 1616950872.8079097]
[1616950872.5328217, 1616950873.2000172]
[1616950872.8177054, 1616950873.4513862]
[1616950872.7865515, 1616950873.4856768]
[1616950872.949656, 1616950873.6376228]
[1616950872.8871346, 1616950873.556223]
[1616950873.0579832, 1616950873.6910825]
[1616950873.0474389, 1616950875.158956]
[1616950872.8854256, 1616950873.5264633]
[1616950873.0681632, 1616950874.6376672]
[1616950873.049027, 1616950873.790642]
[1616950873.1184764, 1616950873.7913725]
[1616950873.395087, 1616950874.0475712]
[1616950873.3603024, 1616950874.0297344]
[1616950873.518923, 1616950874.1933527]
[1616950873.7313755, 1616950874.3963554]
[1616950873.8866742, 1616950874.6114173]
[1616950873.9521985, 1616950874.6648226]
[1616950874.1378841, 1616950874.8022718]
[1616950873.9863381, 1616950874.668848]
[1616950874.0979657, 1616950874.795832]
[1616950874.2834015, 1616950874.991048]
[1616950874.318002, 1616950875.0366635]
[1616950874.3922126, 1616950875.0846832]
[1616950874.6888983, 1616950875.4425755]
[1616950874.606981, 1616950875.2972953]
[1616950874.5050325, 1616950875.1273892]
[1616950874.4926686, 1616950876.207394]
[1616950874.8404589, 1616950875.5292354]
[1616950874.9281285, 1616950875.6066132]
[1616950875.0131125, 1616950875.734139]
[1616950875.29618, 1616950875.968437]
[1616950875.1059976, 1616950875.7904892]
[1616950875.0981827, 1616950875.7912707]
[1616950875.3000553, 1616950876.0462484]
[1616950875.4589915, 1616950876.1406693]
[1616950875.597263, 1616950876.87572]
[1616950875.5296125, 1616950877.4899075]
[1616950875.4757357, 1616950876.1262934]
[1616950875.7743335, 1616950877.6800728]
[1616950875.619589, 1616950876.2718856]
[1616950875.7816348, 1616950876.4370034]
[1616950875.7776465, 1616950876.4350612]
[1616950875.9242682, 1616950876.6203296]
[1616950875.8767397, 1616950876.5322082]
[1616950876.0758586, 1616950876.741767]
[1616950876.2277956, 1616950876.907812]
[1616950876.1571212, 1616950876.8046432]
[1616950876.3532882, 1616950877.0812628]
[1616950876.2724175, 1616950876.9985638]
[1616950876.3612528, 1616950877.008552]
[1616950876.3620908, 1616950877.0526946]
[1616950876.4536505, 1616950877.1304727]
[1616950876.4228306, 1616950877.1161218]
[1616950876.4931843, 1616950877.1530073]
[1616950876.6120427, 1616950877.2488203]
[1616950877.0491414, 1616950877.7212372]
[1616950877.1245065, 1616950878.4614296]
[1616950877.1038265, 1616950877.75333]
[1616950877.149787, 1616950877.793474]
[1616950877.3192372, 1616950877.973284]
[1616950877.1897714, 1616950877.836496]
[1616950877.2566028, 1616950877.9155722]
[1616950877.219595, 1616950877.8689747]
[1616950877.3230796, 1616950877.9903767]
[1616950877.438449, 1616950878.1578324]
[1616950877.5877738, 1616950878.2896686]
[1616950877.6796327, 1616950878.3815224]
[1616950877.8503172, 1616950878.5164132]
[1616950877.8365407, 1616950879.1449037]
[1616950877.8751628, 1616950878.5171187]
[1616950877.981416, 1616950878.650399]
[1616950878.0615363, 1616950878.772413]
[1616950878.0928922, 1616950878.7382267]
[1616950878.2015853, 1616950878.954585]
[1616950878.2142215, 1616950878.8905125]
[1616950878.3682988, 1616950879.6800673]
[1616950878.5560703, 1616950879.2305908]
[1616950878.403852, 1616950879.0552175]
[1616950878.4918814, 1616950879.1662986]
[1616950878.7388544, 1616950879.3558466]
[1616950878.8977146, 1616950879.554168]
[1616950878.8310413, 1616950879.4498074]
[1616950878.8419085, 1616950879.52914]
[1616950878.929363, 1616950879.5942698]
[1616950879.0323722, 1616950879.7237737]
[1616950878.813749, 1616950880.1041188]
[1616950879.0653143, 1616950879.6914992]
[1616950879.1471975, 1616950879.7698472]
[1616950879.1513906, 1616950879.84998]
[1616950879.1260147, 1616950879.8208785]
[1616950879.4068396, 1616950880.051487]
[1616950879.443372, 1616950880.124425]
[1616950879.5632687, 1616950880.2282841]
[1616950879.475025, 1616950880.1494231]
[1616950879.6651316, 1616950880.3707173]
[1616950879.496877, 1616950880.2077944]
[1616950879.6291587, 1616950880.2997]
[1616950880.0053914, 1616950880.6395564]
[1616950879.8038216, 1616950880.4277637]
[1616950879.760225, 1616950881.4901304]
[1616950879.9786313, 1616950881.2271993]
[1616950880.1471732, 1616950880.8609893]
[1616950880.0746715, 1616950880.717793]
[1616950879.9843466, 1616950880.7067382]
[1616950879.988962, 1616950880.6192756]
[1616950880.1537642, 1616950880.814813]
[1616950880.3088875, 1616950881.223527]
[1616950880.2016482, 1616950880.8373914]
[1616950880.482377, 1616950881.1852477]
[1616950880.5392473, 1616950881.2234294]
[1616950880.3298974, 1616950880.9989645]
[1616950880.4969246, 1616950881.1949487]
[1616950880.4548213, 1616950881.1016781]
[1616950880.5595698, 1616950881.2258255]
[1616950880.7997317, 1616950881.4310167]
[1616950880.8407114, 1616950881.5260274]
[1616950880.9364176, 1616950881.57916]
[1616950880.7936282, 1616950881.4841352]
[1616950880.7883482, 1616950881.4083276]
[1616950881.0417192, 1616950881.7473402]
[1616950880.9141526, 1616950883.078387]
[1616950880.9818227, 1616950881.672707]
[1616950880.9706523, 1616950881.6363342]
[1616950881.1557693, 1616950881.8452883]
[1616950881.2174673, 1616950881.9014077]
[1616950881.394449, 1616950882.8974357]
[1616950881.256083, 1616950881.9566612]
[1616950881.4650903, 1616950882.1453586]
[1616950881.48359, 1616950882.1848013]
[1616950881.41585, 1616950882.061736]
[1616950881.5394182, 1616950884.4381123]
[1616950881.6037989, 1616950883.4725153]
[1616950881.6368964, 1616950882.323651]
[1616950881.8110483, 1616950887.2312715]
[1616950881.8088279, 1616950882.5422304]
[1616950882.1577349, 1616950882.8371718]
[1616950881.912249, 1616950882.57009]
[1616950881.7991323, 1616950882.4419932]
[1616950882.0187302, 1616950882.6438732]
[1616950882.0083268, 1616950882.6741688]
[1616950882.1975691, 1616950883.0741034]
[1616950882.296233, 1616950883.0311294]
[1616950882.2185874, 1616950882.9121962]
[1616950882.1135848, 1616950882.8058052]
[1616950882.1716542, 1616950882.8759305]
[1616950882.3299563, 1616950883.0076647]
[1616950882.2392333, 1616950882.95991]
[1616950882.4394166, 1616950883.1842625]
[1616950882.4307044, 1616950883.1147277]
[1616950882.5379891, 1616950883.2817745]
[1616950882.5753274, 1616950884.5418432]
[1616950882.505855, 1616950883.5221415]
[1616950882.8620028, 1616950884.6559718]
[1616950882.802194, 1616950883.5222166]
[1616950882.7563305, 1616950883.436112]
[1616950882.877241, 1616950885.8899927]
[1616950882.7281854, 1616950883.369227]
[1616950883.0467837, 1616950883.7201657]
[1616950882.9599054, 1616950883.6439302]
[1616950882.9834511, 1616950890.0809083]
[1616950883.0024014, 1616950883.6778853]
[1616950883.0123024, 1616950884.5203767]
[1616950883.206245, 1616950883.8996398]
[1616950883.2587166, 1616950883.9225376]
[1616950883.2641509, 1616950883.9306836]
[1616950883.3492815, 1616950884.0377302]
[1616950883.3345437, 1616950884.7809458]
[1616950883.4118438, 1616950884.0382397]
[1616950883.5226915, 1616950884.213247]
[1616950883.5237973, 1616950884.2199721]
[1616950883.5042994, 1616950884.17832]
[1616950883.460137, 1616950884.146085]
[1616950883.6406722, 1616950884.2863257]
[1616950883.5300944, 1616950884.7378004]
[1616950883.8880208, 1616950884.5506508]
[1616950883.8040383, 1616950884.9572456]
[1616950883.7583585, 1616950884.433775]
[1616950883.745424, 1616950884.4764276]
[1616950883.963945, 1616950884.6804302]
[1616950884.0769887, 1616950884.7845623]
[1616950883.9051623, 1616950884.5597355]
[1616950884.010065, 1616950884.6875615]
[1616950884.0727787, 1616950884.7107325]
[1616950884.2300825, 1616950884.888244]
[1616950883.9967546, 1616950884.6895678]
[1616950884.2548144, 1616950884.9290872]
[1616950884.2988336, 1616950885.0033753]
[1616950884.3373444, 1616950884.9948716]
[1616950884.415505, 1616950885.8233407]
[1616950884.6922874, 1616950885.5537062]
[1616950884.4272199, 1616950885.0755577]
[1616950884.3114808, 1616950884.9606586]
[1616950884.3532367, 1616950885.008518]
[1616950884.7169623, 1616950885.3869405]
[1616950884.722809, 1616950885.6545217]
[1616950884.636403, 1616950885.2875817]
[1616950884.5696254, 1616950885.2649934]
[1616950884.8025062, 1616950885.4665837]
[1616950884.7106001, 1616950885.6002796]
[1616950884.883204, 1616950886.0537014]
[1616950884.998116, 1616950891.7156324]
[1616950885.0882974, 1616950885.72582]
[1616950884.9466488, 1616950885.9882333]
[1616950885.1717608, 1616950887.1928484]
[1616950885.066809, 1616950885.7162437]
[1616950885.092105, 1616950885.7564719]
[1616950885.3820286, 1616950886.6187856]
[1616950885.389492, 1616950886.06606]
[1616950885.361748, 1616950886.9617262]
[1616950885.3752964, 1616950886.0644498]
[1616950885.458009, 1616950886.1316588]
[1616950885.6305516, 1616950886.2702467]
[1616950885.7024155, 1616950895.9926019]
[1616950885.7276332, 1616950886.4378712]
[1616950885.732749, 1616950886.365903]
[1616950885.74319, 1616950886.3965993]
[1616950885.815318, 1616950886.4787326]
[1616950885.6603644, 1616950886.6715834]
[1616950885.8492146, 1616950886.5077012]
[1616950886.118114, 1616950887.8065526]
[1616950885.8391762, 1616950886.4696176]
[1616950886.2094066, 1616950886.874761]
[1616950886.168532, 1616950887.5767326]
[1616950886.0504825, 1616950886.7584372]
[1616950886.2523997, 1616950886.890784]
[1616950886.2576632, 1616950886.911502]
[1616950886.133586, 1616950886.8097522]
[1616950886.1575437, 1616950886.8701413]
[1616950886.4705, 1616950887.0988705]
[1616950886.3461215, 1616950887.0485454]
[1616950886.4527524, 1616950887.175532]
[1616950886.2751024, 1616950886.9544566]
[1616950886.7851365, 1616950887.4414084]
[1616950886.4063802, 1616950887.091569]
[1616950886.7989373, 1616950887.5004432]
[1616950886.7413726, 1616950887.4237752]
[1616950886.7776446, 1616950888.3205056]
[1616950886.8078625, 1616950887.4648213]
[1616950886.6381223, 1616950887.330616]
[1616950886.8414466, 1616950887.5348022]
[1616950886.88834, 1616950887.5690918]
[1616950886.8549929, 1616950887.5802078]
[1616950887.061776, 1616950887.7322273]
[1616950887.0110986, 1616950887.6544144]
[1616950887.090122, 1616950887.7644606]
[1616950887.0304854, 1616950888.1680129]
[1616950887.1292117, 1616950888.0987806]
[1616950887.2747598, 1616950887.9240086]
[1616950887.3442307, 1616950888.045787]
[1616950887.416641, 1616950888.157128]
[1616950887.3847158, 1616950888.1302679]
[1616950887.6268213, 1616950888.272171]
[1616950887.4366457, 1616950888.0648322]
[1616950887.265345, 1616950887.9364007]
[1616950887.592139, 1616950888.3170924]
[1616950887.7305927, 1616950888.403907]
[1616950887.7049232, 1616950888.383989]
[1616950887.6493437, 1616950888.2971308]
[1616950887.8549292, 1616950889.915965]
[1616950887.9731057, 1616950888.598792]
[1616950888.0270092, 1616950888.6994224]
[1616950887.883848, 1616950888.532159]
[1616950887.9746118, 1616950888.6354065]
[1616950888.0383558, 1616950888.8834999]
[1616950888.2214625, 1616950888.9148395]
[1616950887.826565, 1616950888.499133]
[1616950888.2348232, 1616950888.9415908]
[1616950888.4153469, 1616950889.7310367]
[1616950888.1832123, 1616950888.8514764]
[1616950888.3342566, 1616950889.047934]
[1616950888.4864619, 1616950889.1134706]
[1616950888.3950465, 1616950889.0418367]
[1616950888.2585113, 1616950888.9091704]
[1616950888.4374142, 1616950889.385404]
[1616950888.685881, 1616950890.3867662]
[1616950888.7038803, 1616950889.3571286]
[1616950888.5302584, 1616950889.181155]
[1616950888.8708124, 1616950889.5455925]
[1616950888.8384986, 1616950889.4976218]
[1616950888.9483879, 1616950889.6446433]
[1616950888.9069736, 1616950889.5828516]
[1616950888.9023001, 1616950891.9340374]
[1616950889.0366151, 1616950889.675022]
[1616950888.909916, 1616950889.5512657]
[1616950888.9478157, 1616950890.790842]
[1616950889.0853736, 1616950889.7280955]
[1616950889.0029752, 1616950889.655151]
[1616950889.1279428, 1616950889.767421]
[1616950889.295668, 1616950889.952087]
[1616950889.3580744, 1616950890.0107906]
[1616950889.3844306, 1616950890.0360715]
[1616950889.363604, 1616950890.2962625]
[1616950889.4396179, 1616950890.1162245]
[1616950889.6183558, 1616950890.296442]
[1616950889.6332314, 1616950890.8993814]
[1616950889.3343039, 1616950892.7647374]
[1616950889.551222, 1616950890.2133067]
[1616950889.616875, 1616950890.7459166]
[1616950889.4207044, 1616950890.2534177]
[1616950889.8392467, 1616950891.1600025]
[1616950889.9106388, 1616950890.5405772]
[1616950889.9948602, 1616950890.6747186]
[1616950889.808249, 1616950890.4500241]
[1616950890.096426, 1616950890.8947861]
[1616950889.9960744, 1616950890.6798751]
[1616950890.076128, 1616950890.7251701]
[1616950890.047056, 1616950890.6725986]
[1616950890.120654, 1616950890.7926824]
[1616950890.3178144, 1616950891.0098374]
[1616950890.3869352, 1616950891.105302]
[1616950890.260233, 1616950891.190703]
[1616950890.4758024, 1616950891.1048377]
[1616950890.2975342, 1616950890.9743693]
[1616950890.2260752, 1616950890.9292831]
[1616950890.4266489, 1616950896.6681566]
[1616950890.4502716, 1616950891.187658]
[1616950890.544711, 1616950891.225887]
[1616950890.6760266, 1616950891.3235795]
[1616950890.7607796, 1616950895.2737875]
[1616950890.4791567, 1616950891.1847284]
[1616950890.6809952, 1616950891.3566177]
[1616950890.7858944, 1616950891.483319]
[1616950890.605643, 1616950894.032884]
[1616950890.7474227, 1616950891.4497228]
[1616950891.1554596, 1616950891.795839]
[1616950890.8516848, 1616950891.498382]
[1616950890.9397323, 1616950891.6633937]
[1616950891.1044035, 1616950891.752696]
[1616950890.4131522, 1616950892.9796035]
[1616950891.0797944, 1616950891.7819896]
[1616950891.156598, 1616950891.85053]
[1616950890.9928758, 1616950891.6541352]
[1616950891.3903527, 1616950892.0419853]
[1616950891.3137262, 1616950891.9770863]
[1616950891.287017, 1616950893.1164083]
[1616950891.3337595, 1616950891.9991667]
[1616950891.380293, 1616950892.4241254]
[1616950891.4241908, 1616950892.0808682]
[1616950891.5145874, 1616950892.1566284]
[1616950891.537949, 1616950892.2253613]
[1616950891.8336315, 1616950892.4751737]
[1616950891.7649949, 1616950892.423149]
[1616950891.7257154, 1616950892.3591526]
[1616950891.6650848, 1616950892.294239]
[1616950891.8567383, 1616950892.5714395]
[1616950891.7293773, 1616950892.3937938]
[1616950892.0400128, 1616950892.7671719]
[1616950891.9673054, 1616950892.603173]
[1616950891.7455602, 1616950892.394474]
[1616950892.052139, 1616950892.688117]
[1616950892.1833467, 1616950892.8396783]
[1616950892.1332257, 1616950892.8407693]
[1616950892.0215201, 1616950892.6667838]
[1616950892.1122754, 1616950892.814963]
[1616950892.5888155, 1616950893.270061]
[1616950892.383058, 1616950893.0238006]
[1616950892.6801322, 1616950893.6176867]
[1616950892.8260138, 1616950893.475562]
[1616950892.513806, 1616950893.1938655]
[1616950892.4955733, 1616950895.935047]
[1616950893.0030553, 1616950894.7290163]
[1616950892.8762848, 1616950893.566749]
[1616950892.7618191, 1616950893.4107924]
[1616950893.017489, 1616950894.2298906]
[1616950893.113489, 1616950893.7552104]
[1616950893.0490944, 1616950893.7071292]
[1616950893.324015, 1616950893.9527707]
[1616950893.2981937, 1616950894.902642]
[1616950893.0408323, 1616950893.676981]
[1616950893.3053615, 1616950893.9370532]
[1616950893.2269828, 1616950893.9262528]
[1616950893.4480846, 1616950894.0934663]
[1616950893.148179, 1616950893.7859523]
[1616950893.2664537, 1616950893.8951652]
[1616950893.1434717, 1616950893.8131847]
[1616950893.4696436, 1616950894.1709712]
[1616950893.4592562, 1616950895.8304117]
[1616950893.4617412, 1616950894.1402013]
[1616950893.300773, 1616950894.607629]
[1616950893.3704875, 1616950894.0589654]
[1616950893.5038276, 1616950894.6421516]
[1616950893.7945392, 1616950894.4559505]
[1616950893.8886957, 1616950895.4882038]
[1616950893.555737, 1616950895.3276188]
[1616950893.741566, 1616950894.4322834]
[1616950893.9407163, 1616950894.6389089]
[1616950893.6617348, 1616950894.3580031]
[1616950893.8183296, 1616950895.0888276]
[1616950894.176968, 1616950895.3143141]
[1616950893.8603222, 1616950894.4960039]
[1616950893.8879204, 1616950894.5277529]
[1616950894.239219, 1616950894.8724911]
[1616950894.1448476, 1616950894.798421]
[1616950894.2408051, 1616950894.9048522]
[1616950894.1385324, 1616950894.8138812]
[1616950894.1233058, 1616950894.7744133]
[1616950894.2014184, 1616950896.1733537]
[1616950894.2804058, 1616950894.9047494]
[1616950894.3322265, 1616950894.9772394]
[1616950894.6963804, 1616950895.349126]
[1616950894.6813834, 1616950895.3470113]
[1616950894.6992667, 1616950896.5074813]
[1616950894.6706011, 1616950895.3482893]
[1616950894.7261686, 1616950895.373537]
[1616950894.5564055, 1616950895.2106996]
[1616950894.5834188, 1616950895.2754471]
[1616950894.6669173, 1616950895.34737]
[1616950894.8183231, 1616950895.4935722]
[1616950894.8465536, 1616950896.2300498]
[1616950894.9299235, 1616950895.5945036]
[1616950894.821673, 1616950895.5037618]
[1616950894.9813993, 1616950895.6381934]
[1616950895.0148633, 1616950896.2360804]
[1616950895.115239, 1616950895.8043332]
[1616950895.1234343, 1616950895.75775]
[1616950895.07863, 1616950897.574491]
[1616950895.342063, 1616950896.0437198]
[1616950895.6228576, 1616950896.2576191]
[1616950895.326412, 1616950896.7638159]
[1616950895.3374016, 1616950895.969041]
[1616950895.2856445, 1616950895.9560149]
[1616950895.644654, 1616950897.1271732]
[1616950895.263902, 1616950896.0097148]
[1616950895.4045506, 1616950896.0540123]
[1616950895.665707, 1616950896.3178139]
[1616950895.8203845, 1616950896.5130126]
[1616950896.0467548, 1616950896.683976]
[1616950895.7171826, 1616950896.40208]
[1616950895.6436818, 1616950897.2915561]
[1616950896.0967278, 1616950896.7641187]
[1616950896.088081, 1616950896.7335749]
[1616950895.7428215, 1616950896.3994823]
[1616950896.117716, 1616950896.8152568]
[1616950895.9990942, 1616950896.6610715]
[1616950896.0284405, 1616950897.4716935]
[1616950896.2044454, 1616950898.4745288]
[1616950896.10817, 1616950896.7884624]
[1616950896.2138333, 1616950896.8480008]
[1616950896.1812139, 1616950897.8898208]
[1616950896.4329615, 1616950897.0958264]
[1616950896.582, 1616950897.3006995]
[1616950896.4089186, 1616950897.051844]
[1616950896.7109866, 1616950897.3646548]
[1616950896.6948936, 1616950897.5439749]
[1616950896.7207599, 1616950897.417551]
[1616950896.6680143, 1616950897.311292]
[1616950896.7118852, 1616950897.9734814]
[1616950896.5653253, 1616950897.2608898]
[1616950896.6599643, 1616950902.478946]
[1616950896.8153193, 1616950897.5342414]
[1616950896.9977448, 1616950897.6188123]
[1616950896.9803581, 1616950897.6477652]
[1616950896.9123178, 1616950897.5431457]
[1616950897.163719, 1616950897.8382535]
[1616950896.9724767, 1616950897.6238253]
[1616950897.0993366, 1616950897.780649]
[1616950897.298998, 1616950897.9501293]
[1616950897.194527, 1616950897.9009206]
[1616950897.4258237, 1616950898.108777]
[1616950897.388827, 1616950898.0447998]
[1616950897.3769224, 1616950898.0134711]
[1616950897.4883678, 1616950898.14226]
[1616950897.6544948, 1616950898.8093948]
[1616950897.4784691, 1616950898.7573116]
[1616950897.5172532, 1616950898.1830893]
[1616950897.610882, 1616950898.5844717]
[1616950897.80124, 1616950898.4440718]
[1616950897.869066, 1616950898.563883]
[1616950897.7225215, 1616950898.354084]
[1616950897.8528814, 1616950898.4970038]
[1616950897.7356844, 1616950898.3609674]
[1616950897.9685993, 1616950898.647099]
[1616950897.9844031, 1616950898.6893947]
[1616950897.9394476, 1616950898.6033094]
[1616950897.954348, 1616950898.6976266]
[1616950898.0600839, 1616950899.0242047]
[1616950898.0819023, 1616950898.712762]
[1616950898.1919165, 1616950898.8324573]
[1616950898.1444523, 1616950898.8147633]
[1616950898.2046704, 1616950898.860439]
[1616950898.4501433, 1616950902.0933695]
[1616950898.280553, 1616950898.9554605]
[1616950898.602914, 1616950899.3200152]
[1616950898.5911584, 1616950899.2764094]
[1616950898.5616393, 1616950899.2597477]
[1616950898.7409325, 1616950899.3742285]
[1616950898.6495202, 1616950899.3262136]
[1616950898.8968143, 1616950899.6651733]
[1616950898.7414048, 1616950899.4981394]
[1616950898.6814454, 1616950899.3445485]
[1616950898.9774866, 1616950899.6292439]
[1616950898.8753536, 1616950900.4529526]
[1616950898.9029086, 1616950899.5310776]
[1616950899.0629346, 1616950899.6917837]
[1616950899.1377916, 1616950899.8474877]
[1616950899.1021652, 1616950899.7645023]
[1616950899.265653, 1616950899.9946437]
[1616950899.1165614, 1616950899.8213816]
[1616950899.1259458, 1616950905.1483858]
[1616950899.2775865, 1616950899.9264097]
[1616950899.2685974, 1616950899.8951433]
[1616950899.4822319, 1616950900.1005008]
[1616950899.3868446, 1616950900.0300052]
[1616950899.5486865, 1616950900.2357974]
[1616950899.5584402, 1616950900.205036]
[1616950899.5232391, 1616950900.8146958]
[1616950899.7611172, 1616950900.406117]
[1616950899.6205912, 1616950900.2925022]
[1616950899.8047059, 1616950900.4862516]
[1616950899.7619398, 1616950900.4262462]
[1616950899.8108482, 1616950900.506928]
[1616950900.0495796, 1616950900.677848]
[1616950899.7922738, 1616950900.4930832]
[1616950900.0105913, 1616950901.4492333]
[1616950899.9811277, 1616950900.626276]
[1616950900.1390655, 1616950901.8137872]
[1616950899.9144385, 1616950900.5685716]
[1616950900.151551, 1616950901.5276976]
[1616950900.089911, 1616950900.7673547]
[1616950900.2526023, 1616950901.460078]
[1616950900.1605594, 1616950900.8473094]
[1616950900.2568207, 1616950900.9222445]
[1616950900.1992135, 1616950900.8447068]
[1616950900.4068933, 1616950901.1855285]
[1616950900.5825667, 1616950901.247391]
[1616950900.377201, 1616950901.0316122]
[1616950900.2961473, 1616950900.9674194]
[1616950900.5514483, 1616950901.2506905]
[1616950900.6790245, 1616950901.380957]
[1616950900.7535825, 1616950901.3918943]
[1616950900.5900974, 1616950901.2606738]
[1616950900.676359, 1616950901.3576875]
[1616950900.9578717, 1616950901.586826]
[1616950900.6971679, 1616950901.3197343]
[1616950900.7453287, 1616950901.4276164]
[1616950900.9283874, 1616950901.563558]
[1616950900.9072216, 1616950901.5607858]
[1616950901.0477128, 1616950901.8143334]
[1616950900.9957244, 1616950901.6735816]
[1616950901.0125504, 1616950901.675652]
[1616950901.165848, 1616950901.9012728]
[1616950901.173389, 1616950902.7989304]
[1616950901.2906044, 1616950902.5675623]
[1616950901.399835, 1616950902.103982]
[1616950901.3040817, 1616950901.9351778]
[1616950901.3008912, 1616950902.3463764]
[1616950901.3445654, 1616950901.9695346]
[1616950901.5957966, 1616950902.236703]
[1616950901.7449188, 1616950902.3796844]
[1616950901.581173, 1616950902.2154489]
[1616950901.7490432, 1616950902.4236016]
[1616950901.5391192, 1616950902.1890364]
[1616950901.8437514, 1616950903.1322956]
[1616950901.7283607, 1616950902.4036267]
[1616950901.9498055, 1616950902.6401303]
[1616950901.7345893, 1616950903.519365]
[1616950902.0646746, 1616950902.7355874]
[1616950902.1518092, 1616950902.8530366]
[1616950902.1229553, 1616950902.762721]
[1616950901.962418, 1616950902.657129]
[1616950902.059485, 1616950902.7152517]
[1616950901.9439263, 1616950902.5968773]
[1616950902.1869555, 1616950902.931563]
[1616950902.3728285, 1616950903.0060112]
[1616950902.3062234, 1616950902.9580667]
[1616950902.3631084, 1616950903.0722456]
[1616950902.5326967, 1616950903.226462]
[1616950902.4339457, 1616950903.092477]
[1616950902.4285219, 1616950903.9672325]
[1616950902.5602672, 1616950903.5920947]
[1616950902.6007702, 1616950903.30422]
[1616950902.595159, 1616950903.2671976]
[1616950902.6550324, 1616950903.3644097]
[1616950902.786534, 1616950903.4343393]
[1616950902.939203, 1616950904.354232]
[1616950902.9489677, 1616950904.4973977]
[1616950902.8990464, 1616950904.373989]
[1616950902.983634, 1616950903.633721]
[1616950902.8316104, 1616950903.4641504]
[1616950902.9817142, 1616950903.659367]
[1616950902.9905407, 1616950903.6838152]
[1616950903.1771817, 1616950903.8764725]
[1616950903.0824547, 1616950903.7763186]
[1616950903.202567, 1616950903.8856306]
[1616950903.3198776, 1616950904.9898322]
[1616950903.488028, 1616950904.1536493]
[1616950903.36835, 1616950906.4940898]
[1616950903.3553536, 1616950903.9890249]
[1616950903.248973, 1616950906.2823803]
[1616950903.71071, 1616950904.4446783]
[1616950903.4491272, 1616950904.0790367]
[1616950903.691785, 1616950904.3620274]
[1616950903.6613443, 1616950904.3064804]
[1616950903.6268477, 1616950906.2866757]
[1616950903.8010085, 1616950905.1476989]
[1616950903.8554678, 1616950904.5479488]
[1616950903.8981948, 1616950904.5746212]
[1616950903.7378821, 1616950904.3990037]
[1616950904.044324, 1616950904.6865506]
[1616950903.9290357, 1616950904.6638944]
[1616950903.9294639, 1616950904.6092663]
[1616950904.1233776, 1616950904.7717323]
[1616950904.0822234, 1616950904.7702396]
[1616950904.2041564, 1616950904.840312]
[1616950904.2788916, 1616950904.9487982]
[1616950904.400657, 1616950905.312404]
[1616950904.5011413, 1616950906.0696301]
[1616950904.468204, 1616950905.1190124]
[1616950904.4329479, 1616950905.124901]
[1616950904.6353972, 1616950905.3397307]
[1616950904.5905077, 1616950905.2428951]
[1616950904.6292048, 1616950905.2796826]
[1616950904.5436628, 1616950905.3740442]
[1616950904.979915, 1616950905.661179]
[1616950904.8200881, 1616950905.498874]
[1616950904.777332, 1616950905.4455123]
[1616950904.9300256, 1616950905.6017444]
[1616950905.0454772, 1616950906.515495]
[1616950905.1997204, 1616950905.8605635]
[1616950905.1977322, 1616950905.9238245]
[1616950905.1645849, 1616950905.8604763]
[1616950905.137155, 1616950906.7245924]
[1616950905.099364, 1616950905.8258672]
[1616950905.3228288, 1616950905.9576812]
[1616950905.4434648, 1616950906.1230373]
[1616950905.056489, 1616950905.7089267]
[1616950905.5142152, 1616950906.2003708]
[1616950905.308039, 1616950905.9556203]
[1616950905.517254, 1616950906.1596646]
[1616950905.5849726, 1616950907.20821]
[1616950905.5677404, 1616950907.24099]
[1616950905.6664891, 1616950906.3299456]
[1616950905.5953672, 1616950906.9368796]
[1616950905.8146672, 1616950906.4587054]
[1616950905.73717, 1616950906.382683]
[1616950905.8899038, 1616950906.5768807]
[1616950905.6834574, 1616950906.3645682]
[1616950905.8019233, 1616950906.4436903]
[1616950905.845629, 1616950906.5338862]
[1616950905.9332361, 1616950906.8793638]
[1616950905.8892996, 1616950906.565152]
[1616950905.9094791, 1616950906.6504169]
[1616950906.0498724, 1616950906.6812618]
[1616950906.0901437, 1616950906.7379572]
[1616950906.263186, 1616950907.1446526]
[1616950906.2351255, 1616950906.93285]
[1616950906.164922, 1616950906.7988255]
[1616950906.439077, 1616950907.0950644]
[1616950906.3739438, 1616950907.010194]
[1616950906.4251075, 1616950907.0721076]
[1616950906.44229, 1616950907.1171129]
[1616950906.276201, 1616950908.4708765]
[1616950906.272828, 1616950907.749606]
[1616950906.6415982, 1616950907.3441103]
[1616950906.7247343, 1616950907.4242396]
[1616950906.624133, 1616950907.2900245]
[1616950906.5744178, 1616950907.2373059]
[1616950906.8365934, 1616950907.5083778]
[1616950906.922236, 1616950908.6234412]
[1616950906.7168787, 1616950907.371969]
[1616950906.8589165, 1616950907.5247433]
[1616950906.7370937, 1616950907.4604595]
[1616950906.9656112, 1616950907.674001]
[1616950907.3086393, 1616950908.0253844]
[1616950906.9596045, 1616950907.5961206]
[1616950907.0146904, 1616950907.7015176]
[1616950907.175646, 1616950907.8843353]
[1616950907.1582475, 1616950907.9124112]
[1616950907.4533837, 1616950908.0987766]
[1616950906.9905553, 1616950907.706933]
[1616950907.4390383, 1616950908.1540499]
[1616950907.5143487, 1616950908.164315]
[1616950907.5572464, 1616950908.2133653]
[1616950907.5674565, 1616950908.210935]
[1616950907.648878, 1616950908.2740922]
[1616950907.6825905, 1616950908.3652365]
[1616950907.674187, 1616950908.3318741]
[1616950907.5114663, 1616950913.4369085]
[1616950907.744363, 1616950908.4084065]
[1616950907.7673488, 1616950908.4022536]
[1616950907.7400982, 1616950908.6328604]
[1616950907.636684, 1616950908.274245]
[1616950907.5631163, 1616950908.205602]
[1616950907.880931, 1616950908.6257877]
[1616950907.9865403, 1616950908.6691182]
[1616950908.0566428, 1616950911.0513995]
[1616950908.081154, 1616950908.7387824]
[1616950908.0330744, 1616950908.7030773]
[1616950908.182331, 1616950908.8677778]
[1616950908.051422, 1616950914.3627741]
[1616950908.1667707, 1616950908.8444905]
[1616950908.2091303, 1616950908.8958669]
[1616950908.6177635, 1616950909.2723033]
[1616950908.4287908, 1616950909.0769334]
[1616950908.4007292, 1616950909.038426]
[1616950908.6044471, 1616950909.2728324]
[1616950908.4871953, 1616950909.162807]
[1616950908.4486158, 1616950909.094324]
[1616950908.5508623, 1616950909.1916947]
[1616950908.5062869, 1616950909.1499274]
[1616950908.4940455, 1616950910.9203115]
[1616950908.5732348, 1616950909.2186925]
[1616950908.6790767, 1616950909.554435]
[1616950909.0166597, 1616950909.6904218]
[1616950908.7828012, 1616950909.4163442]
[1616950908.9610841, 1616950909.6344173]
[1616950908.9923656, 1616950909.6860807]
[1616950908.850298, 1616950909.559008]
[1616950908.762575, 1616950911.2176216]
[1616950909.1412578, 1616950909.7899053]
[1616950909.1049013, 1616950909.737922]
[1616950909.2113492, 1616950910.8264072]
[1616950909.1186695, 1616950909.761636]
[1616950909.0910254, 1616950909.7435222]
[1616950909.3333998, 1616950910.3641841]
[1616950909.2188594, 1616950909.8569605]
[1616950909.3833077, 1616950910.041123]
[1616950909.2499866, 1616950909.892392]
[1616950909.426156, 1616950910.112777]
[1616950909.5086923, 1616950910.2057261]
[1616950909.5192344, 1616950910.1519568]
[1616950909.5094366, 1616950910.1657147]
[1616950909.603537, 1616950910.2472174]
[1616950909.9865303, 1616950911.097601]
[1616950909.601162, 1616950910.2785373]
[1616950909.763896, 1616950910.4295857]
[1616950909.8095086, 1616950910.4599428]
[1616950909.8923008, 1616950910.530735]
[1616950909.8530242, 1616950910.5188773]
[1616950909.987454, 1616950910.6296072]
[1616950909.934289, 1616950910.5769126]
[1616950910.0181932, 1616950910.670522]
[1616950910.0892777, 1616950910.7360396]
[1616950910.1031752, 1616950910.7870662]
[1616950910.1105387, 1616950910.8082094]
[1616950910.1513374, 1616950911.6920228]
[1616950910.259052, 1616950910.8900368]
[1616950910.2068043, 1616950910.863318]
[1616950910.1856546, 1616950910.9748297]
[1616950910.2938344, 1616950910.9530017]
[1616950910.3925931, 1616950912.852]
[1616950910.5522811, 1616950911.2027082]
[1616950910.4203298, 1616950911.0627134]
[1616950910.5786521, 1616950911.277645]
[1616950910.7019022, 1616950911.3586226]
[1616950910.5223868, 1616950911.1495612]
[1616950910.886098, 1616950911.6587975]
[1616950910.8602278, 1616950911.53672]
[1616950910.8774154, 1616950911.513971]
[1616950910.7361455, 1616950911.4106119]
[1616950910.835267, 1616950912.1113625]
[1616950910.904494, 1616950911.5490975]
[1616950910.9274037, 1616950911.6862462]
[1616950911.3310878, 1616950911.980313]
[1616950911.132617, 1616950911.790746]
[1616950910.9465027, 1616950911.5812805]
[1616950911.205208, 1616950911.8406198]
[1616950911.3024852, 1616950911.9287498]
[1616950911.4666102, 1616950912.1122222]
[1616950911.2701175, 1616950912.6687388]
[1616950911.3741574, 1616950912.051023]
[1616950911.7164073, 1616950912.3663065]
[1616950911.8294532, 1616950912.4891071]
[1616950911.8114622, 1616950912.4560819]
[1616950911.7650247, 1616950912.4107842]
[1616950911.671052, 1616950913.2117271]
[1616950911.6656435, 1616950912.332558]
[1616950911.7595403, 1616950912.3849788]
[1616950911.9348311, 1616950912.909853]
[1616950911.8215246, 1616950912.471851]
[1616950912.122247, 1616950912.8019505]
[1616950912.2116513, 1616950912.8593998]
[1616950912.1631417, 1616950912.8195617]
[1616950911.74553, 1616950913.4169054]
[1616950912.1551552, 1616950912.817035]
[1616950912.2241871, 1616950914.0069423]
[1616950912.0910432, 1616950912.7498965]
[1616950912.190713, 1616950913.162112]
[1616950912.4451063, 1616950913.0555167]
[1616950912.2296193, 1616950912.9051187]
[1616950912.269902, 1616950912.9487422]
[1616950912.4290779, 1616950913.338727]
[1616950912.5939362, 1616950913.2234888]
[1616950912.522761, 1616950913.1820478]
[1616950912.7784536, 1616950913.4422226]
[1616950912.4636111, 1616950916.0759294]
[1616950912.9303336, 1616950913.5803356]
[1616950912.6724656, 1616950913.7944682]
[1616950912.72073, 1616950913.3734384]
[1616950912.874213, 1616950914.2033443]
[1616950912.845539, 1616950913.5036387]
[1616950912.9851081, 1616950913.6448553]
[1616950912.92092, 1616950913.5678613]
[1616950913.0107272, 1616950913.644958]
[1616950912.9758914, 1616950914.4120038]
[1616950912.8466403, 1616950913.4829776]
[1616950913.3619869, 1616950914.3469138]
[1616950913.1662223, 1616950913.828259]
[1616950913.3678675, 1616950914.0294616]
[1616950913.41705, 1616950914.0581677]
[1616950913.3225365, 1616950913.9703298]
[1616950913.2516248, 1616950913.9398065]
[1616950913.474082, 1616950914.130943]
[1616950913.7334225, 1616950914.3588753]
[1616950913.413005, 1616950914.322483]
[1616950913.6465864, 1616950914.3024194]
[1616950913.5472443, 1616950914.1862588]
[1616950913.641006, 1616950915.0110266]
[1616950913.8448367, 1616950914.6956034]
[1616950913.7250469, 1616950914.4501011]
[1616950913.9465625, 1616950915.3182423]
[1616950913.9448347, 1616950914.575477]
[1616950914.0390089, 1616950915.7760413]
[1616950914.084246, 1616950914.8027084]
[1616950914.053879, 1616950914.779052]
[1616950914.0029492, 1616950914.654785]
[1616950914.0653605, 1616950914.7053585]
[1616950914.0011663, 1616950914.640675]
[1616950914.0719235, 1616950914.7128925]
[1616950914.1542156, 1616950914.8600137]
[1616950914.1908467, 1616950914.9302769]
[1616950914.4753504, 1616950915.123955]
[1616950914.3365374, 1616950915.4467068]
[1616950914.2901907, 1616950915.0608056]
[1616950914.42295, 1616950915.0944114]
[1616950914.4619558, 1616950915.4738805]
[1616950914.4395642, 1616950915.1260262]
[1616950914.4914806, 1616950921.722259]
[1616950914.5480967, 1616950915.204533]
[1616950914.7276905, 1616950915.3781488]
[1616950914.5531936, 1616950915.736492]
[1616950914.8831856, 1616950915.662897]
[1616950914.6827483, 1616950915.3493664]
[1616950915.0546734, 1616950915.777166]
[1616950914.8605807, 1616950915.5107987]
[1616950914.777215, 1616950915.4022534]
[1616950914.937994, 1616950915.6398096]
[1616950914.9632335, 1616950915.6622186]
[1616950914.9993646, 1616950916.845847]
[1616950915.1418207, 1616950915.7821422]
[1616950915.2345781, 1616950916.1263835]
[1616950915.2577596, 1616950916.4858315]
[1616950915.2176094, 1616950915.8483117]
[1616950915.4163144, 1616950916.0349948]
[1616950915.3401458, 1616950916.0064495]
[1616950915.5456636, 1616950916.1894846]
[1616950915.2869434, 1616950915.9527333]
[1616950915.5941198, 1616950916.2514706]
[1616950915.6547954, 1616950916.8631432]
[1616950915.4585497, 1616950916.1583571]
[1616950915.7701917, 1616950916.406529]
[1616950915.6843507, 1616950916.8931975]
[1616950915.6721215, 1616950916.3342779]
[1616950915.7926826, 1616950916.6651177]
[1616950915.745762, 1616950916.385679]
[1616950915.7805057, 1616950916.415161]
[1616950915.8925526, 1616950916.5406265]
[1616950915.9444575, 1616950916.8750432]
[1616950915.9701376, 1616950916.6280348]
[1616950916.1246006, 1616950917.881509]
[1616950916.1710033, 1616950916.8167205]
[1616950916.1780028, 1616950916.836826]
[1616950916.259045, 1616950916.9161916]
[1616950916.389304, 1616950917.0408537]
[1616950916.2009346, 1616950916.8926487]
[1616950916.316958, 1616950916.955834]
[1616950916.4671972, 1616950917.1631722]
[1616950916.490097, 1616950917.6840663]
[1616950916.4452422, 1616950917.1354654]
[1616950916.5101697, 1616950917.1824217]
[1616950916.6760747, 1616950917.347328]
[1616950916.6168814, 1616950917.25004]
[1616950916.6851559, 1616950917.3179884]
[1616950916.7351472, 1616950917.3909938]
[1616950916.873585, 1616950917.5942495]
[1616950916.7957757, 1616950917.434182]
[1616950916.8834405, 1616950917.6148531]
[1616950916.7373507, 1616950917.372209]
[1616950917.1813328, 1616950917.817242]
[1616950916.8470087, 1616950917.568683]
[1616950917.1117601, 1616950918.0856018]
[1616950917.046486, 1616950917.7016084]
[1616950917.0149748, 1616950918.2166076]
[1616950917.0576406, 1616950917.6854167]
[1616950917.1614196, 1616950918.4234586]
[1616950917.429132, 1616950918.0903423]
[1616950917.4608614, 1616950918.1009264]
[1616950917.5263612, 1616950919.175149]
[1616950917.4258015, 1616950919.2214649]
[1616950917.4511344, 1616950918.1052718]
[1616950917.3080332, 1616950917.9353926]
[1616950917.5945554, 1616950918.2419567]
[1616950917.5122457, 1616950923.5346587]
[1616950917.6529343, 1616950923.7303863]
[1616950917.6739714, 1616950919.2430031]
[1616950917.717675, 1616950918.3641744]
[1616950917.6437309, 1616950918.3509433]
[1616950917.8813717, 1616950918.516004]
[1616950917.9391081, 1616950918.627858]
[1616950917.9290106, 1616950918.6306107]
[1616950917.8787456, 1616950918.7858903]
[1616950918.0624533, 1616950918.6764224]
[1616950917.996175, 1616950918.622936]
[1616950918.222604, 1616950918.9445174]
[1616950917.924601, 1616950918.5863378]
[1616950918.3083856, 1616950918.9635417]
[1616950918.0741665, 1616950918.7433412]
[1616950918.1741252, 1616950918.8263772]
[1616950918.3279474, 1616950918.9762647]
[1616950918.2983894, 1616950918.947451]
[1616950918.4089122, 1616950919.05268]
[1616950918.4585037, 1616950919.1400733]
[1616950918.6231549, 1616950919.3078325]
[1616950918.3387914, 1616950920.8815162]
[1616950918.5147305, 1616950919.1822364]
[1616950918.5007644, 1616950920.0576289]
[1616950918.5023985, 1616950919.195205]
[1616950918.4747381, 1616950919.419744]
[1616950918.8873863, 1616950919.5329552]
[1616950918.6547728, 1616950919.37591]
[1616950918.762255, 1616950919.474672]
[1616950919.1230116, 1616950921.9807148]
[1616950919.2475774, 1616950919.939071]
[1616950919.0954478, 1616950919.7296464]
[1616950918.9887285, 1616950919.632177]
[1616950919.0354974, 1616950919.6799326]
[1616950919.2522547, 1616950919.9048657]
[1616950919.2269115, 1616950919.8964293]
[1616950919.2100844, 1616950919.8822117]
[1616950919.1723976, 1616950919.858054]
[1616950919.5252013, 1616950920.1723602]
[1616950919.490793, 1616950920.5872164]
[1616950919.3270102, 1616950919.9924111]
[1616950919.6370924, 1616950920.2895973]
[1616950919.3819292, 1616950920.0606625]
[1616950919.433512, 1616950920.151096]
[1616950919.3240929, 1616950920.0234413]
[1616950919.690582, 1616950920.3265421]
[1616950919.799664, 1616950920.5220797]
[1616950919.904242, 1616950920.5820746]
[1616950919.6637013, 1616950920.3237085]
[1616950919.7547305, 1616950920.3975224]
[1616950920.0408993, 1616950920.672704]
[1616950919.873169, 1616950920.5404298]
[1616950920.0854642, 1616950920.7788403]
[1616950920.042759, 1616950920.7775102]
[1616950920.2228553, 1616950920.895762]
[1616950920.232934, 1616950920.8993208]
[1616950920.501879, 1616950921.14324]
[1616950920.302746, 1616950920.931316]
[1616950920.3240774, 1616950920.9787893]
[1616950920.4983358, 1616950922.153424]
[1616950920.3166409, 1616950920.985876]
[1616950920.2610574, 1616950925.5838566]
[1616950920.4900525, 1616950922.177418]
[1616950920.5203106, 1616950921.165048]
[1616950920.4724522, 1616950921.1016965]
[1616950920.5921574, 1616950921.265013]
[1616950920.6814969, 1616950921.361921]
[1616950920.3990023, 1616950921.0355837]
[1616950920.8046093, 1616950921.47835]
[1616950920.7384725, 1616950921.4287207]
[1616950920.9375637, 1616950921.5795684]
[1616950920.9246838, 1616950925.164977]
[1616950920.8651495, 1616950921.5084517]
[1616950921.0703979, 1616950923.0400767]
[1616950921.2380457, 1616950921.9631298]
[1616950921.0878725, 1616950921.7541738]
[1616950921.2918541, 1616950921.9866817]
[1616950921.3532248, 1616950922.0144405]
[1616950921.5102363, 1616950922.2970498]
[1616950921.342207, 1616950922.3808997]
[1616950921.3509629, 1616950922.0029156]
[1616950921.22712, 1616950921.9154043]
[1616950921.4454062, 1616950927.5607684]
[1616950921.3982644, 1616950922.1038494]
[1616950921.6934934, 1616950923.347427]
[1616950921.3672178, 1616950922.0162642]
[1616950921.633098, 1616950922.3397882]
[1616950921.715235, 1616950922.3806925]
[1616950921.6344087, 1616950922.2984917]
[1616950921.8199933, 1616950922.5149171]
[1616950921.8661711, 1616950922.6314607]
[1616950921.8518784, 1616950922.548026]
[1616950921.7581213, 1616950922.4944112]
[1616950921.7494714, 1616950922.3808498]
[1616950921.8481429, 1616950922.5420167]
[1616950921.9950042, 1616950922.6518872]
[1616950922.0351672, 1616950923.3623064]
[1616950922.215171, 1616950922.9185028]
[1616950922.394197, 1616950924.2058587]
[1616950922.172717, 1616950922.8665097]
[1616950922.110775, 1616950922.8096373]
[1616950922.3506522, 1616950923.0129166]
[1616950922.4176364, 1616950923.0716286]
[1616950922.4594517, 1616950923.1231449]
[1616950922.5771244, 1616950923.2746692]
[1616950922.427252, 1616950923.795555]
[1616950922.5673368, 1616950923.9809768]
[1616950922.533034, 1616950923.190416]
[1616950922.7609003, 1616950923.512395]
[1616950922.5361416, 1616950925.254488]
[1616950922.6796124, 1616950923.912866]
[1616950922.7112484, 1616950923.4217374]
[1616950922.8760052, 1616950924.3034027]
[1616950922.9226236, 1616950924.5390792]
[1616950923.023751, 1616950923.6701915]
[1616950923.0004766, 1616950924.3442934]
[1616950923.0473118, 1616950923.6813533]
[1616950923.126504, 1616950923.775054]
[1616950923.026605, 1616950923.7607784]
[1616950923.5023885, 1616950924.1422338]
[1616950923.2848492, 1616950923.9610004]
[1616950923.428314, 1616950924.6352282]
[1616950923.561257, 1616950924.3412888]
[1616950923.2219741, 1616950923.9406774]
[1616950923.281076, 1616950925.0358002]
[1616950923.5606546, 1616950924.338054]
[1616950923.6187491, 1616950924.2534776]
[1616950923.428929, 1616950924.0947318]
[1616950923.7872412, 1616950924.420042]
[1616950923.726696, 1616950924.3736432]
[1616950923.5835023, 1616950924.8010268]
[1616950923.6017175, 1616950924.2286582]
[1616950923.660117, 1616950925.4969475]
[1616950923.7194555, 1616950925.4200878]
[1616950923.9349878, 1616950924.7020447]
[1616950923.9110057, 1616950924.595862]
[1616950923.9451149, 1616950924.6474354]
[1616950924.2081008, 1616950924.8836727]
[1616950923.9489856, 1616950925.4969723]
[1616950924.1471453, 1616950927.5351453]
[1616950924.256853, 1616950924.8858757]
[1616950924.3459966, 1616950925.031208]
[1616950924.1279209, 1616950924.8302808]
[1616950924.1253378, 1616950924.79478]
[1616950924.3460317, 1616950925.1214736]
[1616950924.30778, 1616950925.605032]
[1616950924.3100934, 1616950925.0299742]
[1616950924.6748695, 1616950925.4118695]
[1616950924.6183305, 1616950925.9843252]
[1616950924.6388016, 1616950926.0887215]
[1616950924.5772133, 1616950925.2405622]
[1616950924.6121602, 1616950925.2478766]
[1616950924.5226688, 1616950925.1924884]
[1616950924.6267715, 1616950925.3082817]
[1616950924.6724916, 1616950925.3217323]
[1616950924.8470283, 1616950927.1162527]
[1616950924.8177772, 1616950925.468605]
[1616950925.1503246, 1616950925.8075602]
[1616950925.2508767, 1616950925.9297915]
[1616950924.9459953, 1616950926.1681726]
[1616950924.8951893, 1616950925.5168865]
[1616950925.2626736, 1616950925.9330726]
[1616950925.0262618, 1616950925.679403]
[1616950925.1585855, 1616950926.0832174]
[1616950925.3768492, 1616950926.0548716]
[1616950925.1867228, 1616950925.8984115]
[1616950925.1757495, 1616950927.0916]
[1616950925.410737, 1616950926.0814607]
[1616950925.3992016, 1616950932.078146]
[1616950925.5551348, 1616950926.2599216]
[1616950925.5199473, 1616950926.2367446]
[1616950925.4903917, 1616950926.1309192]
[1616950925.459423, 1616950926.0800269]
[1616950925.5367677, 1616950926.230612]
[1616950925.675805, 1616950926.3123116]
[1616950926.007083, 1616950926.7353039]
[1616950925.8146718, 1616950926.4570599]
[1616950925.9120874, 1616950926.5992322]
[1616950925.9627683, 1616950926.625295]
[1616950926.165335, 1616950926.793739]
[1616950925.9591966, 1616950926.6174994]
[1616950925.9580498, 1616950927.3735662]
[1616950926.0472174, 1616950926.743632]
[1616950926.134804, 1616950926.9605305]
[1616950926.2806864, 1616950928.0979931]
[1616950926.3451958, 1616950927.0742526]
[1616950926.5153058, 1616950927.1955938]
[1616950926.4366238, 1616950927.0875764]
[1616950926.7498882, 1616950927.4028423]
[1616950926.3255837, 1616950926.9787946]
[1616950926.4992933, 1616950927.1271079]
[1616950926.6525035, 1616950927.2859087]
[1616950926.4971788, 1616950927.368249]
[1616950926.915835, 1616950927.6319253]
[1616950926.8538592, 1616950927.4831202]
[1616950926.782803, 1616950927.486984]
[1616950926.777266, 1616950927.4744577]
[1616950926.8823094, 1616950928.4438076]
[1616950926.9130652, 1616950927.5563288]
[1616950926.675651, 1616950927.369995]
[1616950926.937907, 1616950927.5906126]
[1616950927.018101, 1616950927.69872]
[1616950927.0285854, 1616950927.6991205]
[1616950927.0243716, 1616950927.6570969]
[1616950927.1206481, 1616950927.858097]
[1616950927.0161114, 1616950927.8936179]
[1616950927.2540321, 1616950927.919459]
[1616950927.2575614, 1616950927.8863473]
[1616950927.2639184, 1616950927.9461029]
[1616950927.6173654, 1616950928.2736378]
[1616950927.6788073, 1616950928.9375572]
[1616950927.6819127, 1616950928.353025]
[1616950927.6749694, 1616950928.9704947]
[1616950927.4755402, 1616950928.1155043]
[1616950927.5621953, 1616950928.2736154]
[1616950927.6932008, 1616950928.3290663]
[1616950927.7727833, 1616950928.488539]
[1616950927.5533676, 1616950928.2352066]
[1616950927.6318214, 1616950928.324658]
[1616950927.900703, 1616950928.5692415]
[1616950927.8041632, 1616950928.5266051]
[1616950927.887446, 1616950928.6034992]
[1616950928.0567436, 1616950928.7807205]
[1616950927.8592567, 1616950928.536794]
[1616950928.058738, 1616950928.7326787]
[1616950928.0583453, 1616950928.7219326]
[1616950928.2059598, 1616950928.8277776]
[1616950928.1415002, 1616950928.8134336]
[1616950928.206597, 1616950928.8667233]
[1616950928.2219574, 1616950928.9414165]
[1616950928.3467987, 1616950929.0593998]
[1616950928.5695364, 1616950929.2310221]
[1616950928.3978844, 1616950929.183071]
[1616950928.5553346, 1616950929.2397494]
[1616950928.611193, 1616950929.315654]
[1616950928.613462, 1616950929.246217]
[1616950928.4725447, 1616950929.1876805]
[1616950928.678933, 1616950929.3488095]
[1616950928.6913302, 1616950929.3958592]
[1616950928.8209603, 1616950929.6579626]
[1616950928.8711252, 1616950929.4958751]
[1616950929.0374422, 1616950929.7201564]
[1616950928.9489572, 1616950930.8007958]
[1616950928.9640331, 1616950929.634266]
[1616950928.992867, 1616950929.6352873]
[1616950929.0203958, 1616950929.6635199]
[1616950929.2699418, 1616950929.9826295]
[1616950929.357184, 1616950930.06754]
[1616950929.2420301, 1616950929.888843]
[1616950929.2094111, 1616950930.7023659]
[1616950929.2453766, 1616950929.945577]
[1616950929.2534442, 1616950929.8839636]
[1616950929.5831904, 1616950930.2132092]
[1616950929.4508622, 1616950930.1842089]
[1616950929.696969, 1616950930.3814392]
[1616950929.6240087, 1616950931.2089338]
[1616950929.632611, 1616950930.2830722]
[1616950929.5854807, 1616950930.3070776]
[1616950929.7455091, 1616950930.428299]
[1616950929.9508405, 1616950930.6242328]
[1616950929.7340624, 1616950930.4259434]
[1616950929.6883986, 1616950930.3387764]
[1616950929.7794874, 1616950930.4455388]
[1616950929.9105434, 1616950930.5537665]
[1616950930.0657125, 1616950930.7473955]
[1616950930.0946724, 1616950930.982465]
[1616950930.3079321, 1616950930.9486077]
[1616950930.1900594, 1616950930.8603098]
[1616950930.256052, 1616950930.879554]
[1616950930.3034744, 1616950930.9427922]
[1616950930.4596176, 1616950931.1346972]
[1616950930.3696308, 1616950931.07043]
[1616950930.5258365, 1616950931.8130493]
[1616950930.5605433, 1616950931.6411014]
[1616950930.4610627, 1616950931.0921643]
[1616950930.4787056, 1616950931.156167]
[1616950930.6016686, 1616950931.3544886]
[1616950930.5752065, 1616950931.3190975]
[1616950930.7026024, 1616950931.449912]
[1616950930.8403246, 1616950932.455086]
[1616950930.6661448, 1616950931.369536]
[1616950930.6121511, 1616950931.275094]
[1616950930.752702, 1616950931.4510417]
[1616950930.9459462, 1616950931.5983796]
[1616950930.896672, 1616950931.57639]
[1616950930.8914912, 1616950931.5143921]
[1616950931.1178737, 1616950931.7816787]
[1616950930.9215055, 1616950931.5688288]
[1616950931.2224998, 1616950931.892776]
[1616950931.1787472, 1616950931.8516953]
[1616950931.325485, 1616950932.0466173]
[1616950931.1724215, 1616950931.8444374]
[1616950931.2597268, 1616950931.956913]
[1616950931.2356055, 1616950931.8981547]
[1616950931.326023, 1616950931.9913716]
[1616950931.673577, 1616950932.3148031]
[1616950931.6113331, 1616950932.2792935]
[1616950931.7046244, 1616950932.374844]
[1616950931.551306, 1616950932.163533]
[1616950931.8066258, 1616950933.2387633]
[1616950931.515579, 1616950932.1551998]
[1616950931.6268687, 1616950933.5472941]
[1616950931.803999, 1616950932.4540918]
[1616950931.821413, 1616950932.4817462]
[1616950931.7008607, 1616950932.3230925]
[1616950931.8813567, 1616950932.5458713]
[1616950931.8219905, 1616950932.5082688]
[1616950932.015827, 1616950933.2292473]
[1616950932.0251663, 1616950932.66014]
[1616950932.0874372, 1616950932.8217385]
[1616950931.9884996, 1616950933.323783]
[1616950932.2320118, 1616950932.852425]
[1616950932.1578023, 1616950932.8836691]
[1616950932.4415665, 1616950933.1155746]
[1616950932.2797818, 1616950932.9880273]
[1616950932.3844562, 1616950933.0794222]
[1616950932.4229336, 1616950933.1087136]
[1616950932.4702375, 1616950933.1338246]
[1616950932.6794586, 1616950933.3209507]
[1616950932.4031312, 1616950933.3000894]
[1616950932.5901628, 1616950933.876488]
[1616950932.5646262, 1616950933.2611995]
[1616950932.7183576, 1616950933.427471]
[1616950932.9844162, 1616950933.6366017]
[1616950932.8114066, 1616950933.476228]
[1616950932.834191, 1616950934.165289]
[1616950932.6643987, 1616950933.3512144]
[1616950932.942666, 1616950933.6119394]
[1616950932.9483218, 1616950933.5719573]
[1616950933.1784039, 1616950933.8118968]
[1616950933.1025212, 1616950933.770528]
[1616950933.1415572, 1616950933.792303]
[1616950933.1979206, 1616950933.8290875]
[1616950933.3569565, 1616950933.995928]
[1616950933.1158013, 1616950935.7599623]
[1616950933.4237893, 1616950934.0767572]
[1616950933.2563612, 1616950934.530938]
[1616950933.3992577, 1616950934.3930295]
[1616950933.29592, 1616950933.9458892]
[1616950933.705824, 1616950935.347496]
[1616950933.448016, 1616950934.1705215]
[1616950933.7410111, 1616950934.3910446]
[1616950933.5843422, 1616950934.8849182]
[1616950933.6985545, 1616950934.3696654]
[1616950933.8254194, 1616950934.4684103]
[1616950933.593884, 1616950934.254276]
[1616950933.7832093, 1616950935.2930188]
[1616950933.771489, 1616950934.782639]
[1616950933.7741277, 1616950935.6649663]
[1616950933.797312, 1616950934.433414]
[1616950933.9300241, 1616950934.629853]
[1616950934.156592, 1616950934.8014956]
[1616950933.9911082, 1616950934.6661222]
[1616950934.1422272, 1616950936.0530396]
[1616950934.342546, 1616950935.0421748]
[1616950934.3961902, 1616950935.0730321]
[1616950934.3394752, 1616950935.0159543]
[1616950934.4735413, 1616950935.1661425]
[1616950934.4543135, 1616950935.1858091]
[1616950934.6006448, 1616950935.2519298]
[1616950934.4863641, 1616950935.1607904]
[1616950934.649756, 1616950937.4956353]
[1616950934.600394, 1616950935.3131928]
[1616950934.52119, 1616950935.1955516]
[1616950934.6115992, 1616950935.2879713]
[1616950934.836168, 1616950935.4875655]
[1616950934.74326, 1616950935.3956912]
[1616950934.817809, 1616950935.448964]
[1616950934.8851876, 1616950935.5695102]
[1616950934.7916348, 1616950935.4116888]
[1616950934.8840833, 1616950936.4719632]
[1616950935.023856, 1616950935.7563922]
[1616950935.151663, 1616950935.8683026]
[1616950935.0976086, 1616950936.4028578]
[1616950935.3548708, 1616950936.019416]
[1616950935.1612856, 1616950935.8253317]
[1616950935.113807, 1616950935.792031]
[1616950935.2139924, 1616950935.9231083]
[1616950935.3107944, 1616950936.0223076]
[1616950935.4765284, 1616950936.1318734]
[1616950935.4471016, 1616950936.1319933]
[1616950935.4455435, 1616950936.0966275]
[1616950935.3349977, 1616950937.1325123]
[1616950935.5484478, 1616950936.6703126]
[1616950935.6283507, 1616950936.3367078]
[1616950935.7580495, 1616950936.4755304]
[1616950935.6017904, 1616950936.3451996]
[1616950935.7076962, 1616950937.345466]
[1616950935.8235624, 1616950937.1835463]
[1616950935.8546445, 1616950936.4972827]
[1616950936.0302699, 1616950936.6946878]
[1616950935.9987547, 1616950936.7174542]
[1616950935.901864, 1616950937.557945]
[1616950936.0403779, 1616950936.763972]
[1616950935.9552057, 1616950936.595962]
[1616950936.1239657, 1616950940.3473122]
[1616950936.2311573, 1616950936.919699]
[1616950936.417568, 1616950937.9363756]
[1616950936.140414, 1616950936.8022852]
[1616950936.5259125, 1616950950.3995779]
[1616950936.4466538, 1616950937.0767834]
[1616950936.1854975, 1616950936.8190026]
[1616950936.3568149, 1616950938.1129482]
[1616950936.550412, 1616950937.749156]
[1616950936.6468616, 1616950937.2760816]
[1616950936.5179687, 1616950937.56564]
[1616950936.7106595, 1616950937.3488176]
[1616950936.7320838, 1616950938.0812228]
[1616950936.7935398, 1616950937.4655178]
[1616950936.8293734, 1616950937.4966238]
[1616950936.79393, 1616950937.4676025]
[1616950936.7364511, 1616950937.3993945]
[1616950936.7855752, 1616950937.4301047]
[1616950936.8979304, 1616950940.443433]
[1616950937.205558, 1616950937.863079]
[1616950936.8652565, 1616950937.5339]
[1616950937.2164536, 1616950947.3828473]
[1616950937.2088327, 1616950937.9066217]
[1616950937.2147803, 1616950937.831446]
[1616950937.1760743, 1616950940.2540498]
[1616950937.284328, 1616950937.9363015]
[1616950937.3312736, 1616950938.326172]
[1616950937.5833685, 1616950938.2356584]
[1616950937.5423257, 1616950940.5809567]
[1616950937.6468532, 1616950938.3285558]
[1616950937.4908805, 1616950938.212349]
[1616950937.6428404, 1616950938.9961925]
[1616950937.6140954, 1616950939.4521568]
[1616950937.7634006, 1616950938.391008]
[1616950937.6691432, 1616950938.965239]
[1616950937.8701973, 1616950938.5733879]
[1616950937.877743, 1616950938.518434]
[1616950937.8639052, 1616950938.7219152]
[1616950937.778364, 1616950938.4172401]
[1616950938.2762468, 1616950939.6966057]
[1616950937.8535855, 1616950938.5111616]
[1616950938.0344422, 1616950938.7907398]
[1616950937.9707015, 1616950938.6770065]
[1616950938.3104541, 1616950938.991735]
[1616950938.3505077, 1616950939.0566692]
[1616950938.264618, 1616950938.8894014]
[1616950938.3554373, 1616950939.0899982]
[1616950938.4086359, 1616950939.1268826]
[1616950938.365292, 1616950939.0864787]
[1616950938.7613158, 1616950939.4235284]
[1616950938.4895654, 1616950939.158652]
[1616950938.7244194, 1616950939.5674026]
[1616950938.6921043, 1616950939.3628013]
[1616950938.800415, 1616950939.4743702]
[1616950938.7816849, 1616950939.8622198]
[1616950938.884827, 1616950939.5288138]
[1616950938.850498, 1616950939.4722383]
[1616950938.9340045, 1616950939.6207004]
[1616950938.9443262, 1616950940.3169916]
[1616950938.9659615, 1616950939.6807494]
[1616950939.0699425, 1616950939.7151613]
[1616950938.993325, 1616950939.629931]
[1616950939.0889728, 1616950939.7470415]
[1616950939.2332745, 1616950939.9218972]
[1616950939.214985, 1616950939.9372332]
[1616950939.2032282, 1616950939.8807454]
[1616950939.5159366, 1616950940.157412]
[1616950939.484783, 1616950940.1949646]
[1616950939.3987768, 1616950940.0429685]
[1616950939.5742323, 1616950940.2356653]
[1616950939.4327292, 1616950940.0893984]
[1616950939.3287935, 1616950940.018675]
[1616950939.5640135, 1616950940.2114787]
[1616950939.6025198, 1616950940.226124]
[1616950939.561858, 1616950941.0657055]
[1616950939.487152, 1616950940.1230595]
[1616950939.5514839, 1616950940.4773145]
[1616950939.733024, 1616950940.404034]
[1616950939.8758788, 1616950940.5153232]
[1616950939.8747206, 1616950941.2073815]
[1616950939.9372861, 1616950940.6421435]
[1616950939.7401083, 1616950940.4586997]
[1616950939.9492707, 1616950940.6410012]
[1616950940.1209543, 1616950940.813865]
[1616950940.1946168, 1616950940.8607042]
[1616950940.1886332, 1616950940.81531]
[1616950940.332047, 1616950940.968895]
[1616950940.1568818, 1616950941.1695545]
[1616950940.3610547, 1616950943.9659154]
[1616950940.2621734, 1616950940.9325926]
[1616950940.785611, 1616950941.7325933]
[1616950940.3883905, 1616950941.0538182]
[1616950940.8937101, 1616950942.5012126]
[1616950940.659745, 1616950941.3657851]
[1616950940.854819, 1616950941.532785]
[1616950940.826611, 1616950941.4333966]
[1616950940.787681, 1616950941.4700572]
[1616950940.8129106, 1616950942.5869296]
[1616950940.948166, 1616950941.6128619]
[1616950940.7781, 1616950942.1648276]
[1616950941.0678732, 1616950942.9125214]
[1616950940.8508067, 1616950941.4823976]
[1616950941.0864031, 1616950941.7581806]
[1616950941.113347, 1616950942.4276788]
[1616950941.1484272, 1616950941.8448238]
[1616950941.571436, 1616950942.3314865]
[1616950941.5244708, 1616950942.1579401]
[1616950941.48292, 1616950944.4345949]
[1616950941.6097596, 1616950942.2953017]
[1616950941.3442066, 1616950942.0147495]
[1616950941.3892102, 1616950942.0815406]
[1616950941.3438487, 1616950941.987711]
[1616950941.4818816, 1616950942.1056488]
[1616950941.457219, 1616950942.0887465]
[1616950941.5374453, 1616950942.164311]
[1616950941.6646974, 1616950942.3586147]
[1616950941.7625923, 1616950942.438161]
[1616950941.6390345, 1616950942.6562374]
[1616950941.8304162, 1616950942.9693556]
[1616950941.6858187, 1616950942.3673606]
[1616950941.761521, 1616950942.48499]
[1616950942.1077776, 1616950942.7168849]
[1616950941.8225045, 1616950942.517435]
[1616950942.0485027, 1616950942.7138777]
[1616950941.9274602, 1616950942.6302123]
[1616950942.1179216, 1616950942.7531326]
[1616950942.2147846, 1616950942.882288]
[1616950942.2941082, 1616950942.9181988]
[1616950942.3432057, 1616950942.9897454]
[1616950942.563214, 1616950943.2204826]
[1616950942.4286177, 1616950943.1268504]
[1616950942.5383584, 1616950943.1796274]
[1616950942.445861, 1616950943.0908356]
[1616950942.2504127, 1616950943.9652052]
[1616950942.4786603, 1616950944.4744658]
[1616950942.6123917, 1616950943.2554882]
[1616950942.72236, 1616950943.3495424]
[1616950942.6705213, 1616950943.3383472]
[1616950942.575195, 1616950943.3102965]
[1616950942.7764318, 1616950943.4431164]
[1616950942.6562233, 1616950943.3810744]
[1616950942.7467477, 1616950943.3804507]
[1616950942.7986166, 1616950943.494413]
[1616950943.035183, 1616950943.6783395]
[1616950943.0829458, 1616950943.7297716]
[1616950942.9242568, 1616950943.5530396]
[1616950942.9660974, 1616950944.5945008]
[1616950943.0704813, 1616950943.7805898]
[1616950943.1324382, 1616950943.8389697]
[1616950943.2287953, 1616950944.8242989]
[1616950943.2355528, 1616950943.886835]
[1616950943.3653986, 1616950944.0392265]
[1616950943.3473456, 1616950944.0846138]
[1616950943.4948945, 1616950944.156448]
[1616950943.5061996, 1616950944.2203655]
[1616950943.7826169, 1616950944.4726157]
[1616950943.5915706, 1616950945.1739695]
[1616950943.5578403, 1616950944.2525043]
[1616950943.5263739, 1616950944.2219975]
[1616950943.8720753, 1616950944.5569525]
[1616950943.6736286, 1616950945.58008]
[1616950944.046024, 1616950944.6824007]
[1616950943.8795333, 1616950944.7690446]
[1616950944.1332514, 1616950944.8452199]
[1616950943.8510592, 1616950944.56325]
[1616950944.4621346, 1616950945.551038]
[1616950944.4120185, 1616950945.069214]
[1616950944.3739405, 1616950945.0394535]
[1616950944.1824555, 1616950944.8917117]
[1616950944.182007, 1616950944.839291]
[1616950944.3222601, 1616950945.3185632]
[1616950944.1169877, 1616950945.655845]
[1616950944.3419805, 1616950945.0064664]
[1616950944.4643376, 1616950945.1403997]
[1616950944.5460756, 1616950945.2341368]
[1616950944.5799723, 1616950946.1192012]
[1616950944.5972836, 1616950945.2574766]
[1616950944.620662, 1616950945.3395884]
[1616950944.7313485, 1616950945.3399]
[1616950944.7471912, 1616950945.4132488]
[1616950944.7603953, 1616950945.4577863]
[1616950944.8892896, 1616950945.5918994]
[1616950944.8204308, 1616950945.4900908]
[1616950944.9158833, 1616950945.5713334]
[1616950945.004551, 1616950945.662946]
[1616950945.0108178, 1616950945.6828027]
[1616950944.9111779, 1616950945.6315134]
[1616950945.2406683, 1616950945.9392521]
[1616950945.0629115, 1616950945.7373917]
[1616950945.2422678, 1616950945.9330337]
[1616950945.2521467, 1616950945.9350896]
[1616950945.4589603, 1616950946.6620677]
[1616950945.4611013, 1616950946.0799384]
[1616950945.430343, 1616950946.073946]
[1616950945.4625895, 1616950946.1373124]
[1616950945.7024262, 1616950946.3749716]
[1616950945.7130897, 1616950946.406524]
[1616950945.8026376, 1616950946.496291]
[1616950945.5979357, 1616950946.2771509]
[1616950945.847187, 1616950946.7311976]
[1616950945.4843907, 1616950946.180418]
[1616950945.7603676, 1616950946.4283147]
[1616950945.4951339, 1616950946.135206]
[1616950945.9387054, 1616950946.6028388]
[1616950945.5807843, 1616950946.237354]
[1616950945.9829514, 1616950946.6617782]
[1616950945.8375537, 1616950946.5095446]
[1616950945.9351542, 1616950946.8291905]
[1616950946.0312521, 1616950946.7301073]
[1616950946.0762503, 1616950946.8290842]
[1616950946.2088706, 1616950947.4756832]
[1616950946.175483, 1616950946.8788679]
[1616950946.4641066, 1616950947.1218452]
[1616950946.3736124, 1616950947.854806]
[1616950946.475979, 1616950947.168442]
[1616950946.2079356, 1616950946.8772502]
[1616950946.3032112, 1616950947.0612812]
[1616950946.601108, 1616950947.2876303]
[1616950946.420993, 1616950949.7605462]
[1616950946.4628627, 1616950947.5627947]
[1616950946.5621219, 1616950947.2343614]
[1616950946.7670805, 1616950947.4421415]
[1616950946.702084, 1616950947.4103875]
[1616950946.7839065, 1616950950.6579666]
[1616950946.6646857, 1616950947.3667707]
[1616950946.8704684, 1616950947.9166956]
[1616950946.8301678, 1616950947.4712877]
[1616950947.059587, 1616950947.723677]
[1616950947.1328335, 1616950947.786858]
[1616950947.1393294, 1616950948.8241148]
[1616950946.9899602, 1616950947.6294932]
[1616950946.94601, 1616950948.2073328]
[1616950947.3049884, 1616950947.9802167]
[1616950947.3761628, 1616950948.8781435]
[1616950947.4236941, 1616950948.0578794]
[1616950947.26774, 1616950949.0562384]
[1616950947.3677635, 1616950950.2106972]
[1616950947.602588, 1616950948.2984836]
[1616950947.6017878, 1616950948.2385218]
[1616950947.6927722, 1616950948.4195924]
[1616950948.0534678, 1616950948.7022939]
[1616950947.7031655, 1616950948.3652456]
[1616950947.632525, 1616950948.29567]
[1616950947.8627093, 1616950950.4354486]
[1616950947.9093814, 1616950948.5444682]
[1616950947.902605, 1616950948.5463367]
[1616950948.0506356, 1616950948.6842923]
[1616950947.9173636, 1616950948.5726037]
[1616950947.8080115, 1616950948.4859807]
[1616950948.0429313, 1616950948.675339]
[1616950947.8097153, 1616950948.4602718]
[1616950947.951941, 1616950948.635511]
[1616950948.0721455, 1616950949.6473744]
[1616950948.1297648, 1616950948.8145976]
[1616950948.0667498, 1616950948.6985734]
[1616950948.1304748, 1616950948.7463758]
[1616950948.0908372, 1616950948.7448723]
[1616950948.2188058, 1616950948.962775]
[1616950948.2341368, 1616950956.1795073]
[1616950948.3904483, 1616950949.0430613]
[1616950948.6765654, 1616950949.5699255]
[1616950948.5061684, 1616950949.137929]
[1616950948.7066765, 1616950949.931618]
[1616950948.5743785, 1616950949.2745042]
[1616950948.7180293, 1616950949.3896458]
[1616950948.799021, 1616950949.6186638]
[1616950948.6140423, 1616950950.5550144]
[1616950948.974734, 1616950949.8355944]
[1616950948.6975908, 1616950949.3388882]
[1616950948.7508564, 1616950949.4203491]
[1616950949.0812101, 1616950949.7586358]
[1616950948.7796571, 1616950949.423056]
[1616950949.148213, 1616950949.8379638]
[1616950949.0015414, 1616950949.643092]
[1616950949.1452262, 1616950949.7866037]
[1616950949.1109703, 1616950950.2824683]
[1616950949.379532, 1616950950.029925]
[1616950949.2750106, 1616950949.9288387]
[1616950949.3689244, 1616950950.0058498]
[1616950949.1822793, 1616950949.862274]
[1616950949.4130464, 1616950950.0661077]
[1616950949.4951918, 1616950950.1588497]
[1616950949.3138092, 1616950949.9684474]
[1616950949.488359, 1616950950.162283]
[1616950949.4757743, 1616950950.113398]
[1616950949.5524166, 1616950950.587008]
[1616950949.787514, 1616950950.4403837]
[1616950949.8897789, 1616950950.6115024]
[1616950949.8206077, 1616950950.4699814]
[1616950949.6712081, 1616950950.4089022]
[1616950949.605428, 1616950950.307741]
[1616950950.0459406, 1616950950.6960564]
[1616950949.9932785, 1616950950.6851559]
[1616950949.8854694, 1616950951.8385963]
[1616950950.0650692, 1616950951.6766276]
[1616950950.0937524, 1616950951.732248]
[1616950949.9734764, 1616950950.6375296]
[1616950949.9142635, 1616950951.3379338]
[1616950950.2344327, 1616950950.873749]
[1616950950.1533043, 1616950950.7884448]
[1616950950.3420599, 1616950951.003414]
[1616950950.333096, 1616950951.049511]
[1616950950.310976, 1616950950.9410293]
[1616950950.461805, 1616950951.1169877]
[1616950950.5118864, 1616950951.1602712]
[1616950950.452166, 1616950951.1644495]
[1616950950.4095457, 1616950958.7801754]
[1616950950.4070623, 1616950951.13899]
[1616950950.7042847, 1616950951.3397746]
[1616950950.606882, 1616950953.461196]
[1616950950.867698, 1616950951.511778]
[1616950950.7004313, 1616950951.3434932]
[1616950950.6594565, 1616950951.293929]
[1616950950.9217565, 1616950952.1124063]
[1616950951.0577948, 1616950951.780509]
[1616950950.9831104, 1616950952.6699831]
[1616950950.8417673, 1616950951.474846]
[1616950950.955221, 1616950951.5941513]
[1616950951.0982788, 1616950951.82737]
[1616950951.2308817, 1616950951.9641142]
[1616950951.1910617, 1616950951.906597]
[1616950951.166191, 1616950951.8566923]
[1616950951.5162551, 1616950952.171956]
[1616950951.4736578, 1616950952.9645288]
[1616950951.4986255, 1616950952.1246834]
[1616950951.4495263, 1616950952.4333713]
[1616950951.6050334, 1616950952.2807562]
[1616950951.5811527, 1616950952.2380311]
[1616950951.569186, 1616950952.2415214]
[1616950951.760638, 1616950952.406964]
[1616950951.7201111, 1616950952.3719451]
[1616950951.7420251, 1616950953.7820427]
[1616950951.9160757, 1616950952.5848715]
[1616950951.7404232, 1616950953.0304968]
[1616950951.8800285, 1616950952.5296636]
[1616950951.9178667, 1616950953.5216293]
[1616950951.9258199, 1616950952.617302]
[1616950952.0706112, 1616950952.7510893]
[1616950952.294515, 1616950953.4606261]
[1616950952.2743452, 1616950952.907411]
[1616950952.1462264, 1616950952.8019109]
[1616950952.1664095, 1616950953.0650673]
[1616950952.365915, 1616950953.970718]
[1616950952.3353863, 1616950952.9728978]
[1616950952.3915114, 1616950953.0348072]
[1616950952.4569564, 1616950953.1373692]
[1616950952.4575524, 1616950953.1474383]
[1616950952.5520327, 1616950953.1869333]
[1616950952.4139755, 1616950953.0872881]
[1616950952.7453353, 1616950953.4442782]
[1616950952.7415714, 1616950957.764675]
[1616950952.6963809, 1616950953.3815145]
[1616950952.7488327, 1616950953.406443]
[1616950952.7362082, 1616950953.4031847]
[1616950952.7552943, 1616950953.3990912]
[1616950952.8172567, 1616950953.4962633]
[1616950952.8838627, 1616950953.5600185]
[1616950953.1626713, 1616950953.8469014]
[1616950953.0538461, 1616950953.6793644]
[1616950953.2105403, 1616950953.8646052]
[1616950952.9568417, 1616950953.608786]
[1616950952.8254502, 1616950953.503853]
[1616950953.1047838, 1616950953.7336495]
[1616950953.4212706, 1616950954.0456052]
[1616950953.0463543, 1616950953.6880765]
[1616950953.3261473, 1616950954.016306]
[1616950953.526994, 1616950954.1754217]
[1616950953.3659449, 1616950954.3589838]
[1616950953.379979, 1616950954.0392394]
[1616950953.609007, 1616950954.3660138]
[1616950953.4991815, 1616950954.1689293]
[1616950953.6100492, 1616950954.2986388]
[1616950953.6584778, 1616950954.2934797]
[1616950953.743356, 1616950954.4737895]
[1616950953.6259522, 1616950954.29652]
[1616950953.7473102, 1616950954.3704097]
[1616950953.8174117, 1616950954.4858313]
[1616950953.9259586, 1616950954.635845]
[1616950953.8805978, 1616950954.5213444]
[1616950954.0499356, 1616950954.6960437]
[1616950954.0031025, 1616950957.1250725]
[1616950954.0895565, 1616950954.7201998]
[1616950954.2142274, 1616950954.853376]
[1616950954.3936114, 1616950955.0189862]
[1616950954.2935297, 1616950954.9929333]
[1616950954.4229822, 1616950956.5203102]
[1616950954.5412893, 1616950955.2347436]
[1616950954.5103042, 1616950955.184519]
[1616950954.4411325, 1616950955.1057496]
[1616950954.4573264, 1616950955.1212442]
[1616950954.450578, 1616950955.0907304]
[1616950954.7660968, 1616950955.4629753]
[1616950954.8224444, 1616950955.5114305]
[1616950954.612997, 1616950955.2658]
[1616950954.729043, 1616950955.335534]
[1616950954.6290493, 1616950955.2561111]
[1616950954.7560453, 1616950955.3940125]
[1616950954.8573763, 1616950955.5300875]
[1616950955.1035457, 1616950957.4578645]
[1616950955.0113502, 1616950955.6797187]
[1616950955.1247337, 1616950955.8198998]
[1616950955.3480895, 1616950955.9676359]
[1616950955.1792872, 1616950955.8244462]
[1616950955.3648226, 1616950956.0077817]
[1616950955.2345314, 1616950955.9211926]
[1616950955.5350013, 1616950956.1828818]
[1616950955.3349948, 1616950955.9842355]
[1616950955.6517742, 1616950956.2738562]
[1616950955.5815735, 1616950957.866788]
[1616950955.7955346, 1616950956.4617372]
[1616950955.6560848, 1616950956.306417]
[1616950955.5608923, 1616950956.200379]
[1616950955.8071113, 1616950958.2408686]
[1616950955.7195847, 1616950958.7791076]
[1616950955.7629912, 1616950956.3910089]
[1616950955.8965402, 1616950956.5576606]
[1616950955.7470775, 1616950956.4373136]
[1616950955.8867064, 1616950956.6024015]
[1616950955.8244164, 1616950956.5143368]
[1616950955.9907403, 1616950956.6156428]
[1616950955.9942615, 1616950956.6170576]
[1616950956.0430374, 1616950956.6744761]
[1616950956.4121506, 1616950959.5841572]
[1616950956.2479527, 1616950959.475502]
[1616950956.256861, 1616950956.9449985]
[1616950956.4319923, 1616950957.1290774]
[1616950956.374561, 1616950957.0269969]
[1616950956.2640994, 1616950956.9400258]
[1616950956.303931, 1616950956.9757328]
[1616950956.7329226, 1616950958.88048]
[1616950956.5402958, 1616950957.2373474]
[1616950956.6172788, 1616950957.2970023]
[1616950956.5476632, 1616950957.2103226]
[1616950956.8538716, 1616950957.5626476]
[1616950956.795623, 1616950960.163168]
[1616950956.853122, 1616950957.5921912]
[1616950956.68115, 1616950957.3430872]
[1616950957.1964908, 1616950957.887487]
[1616950956.9467852, 1616950957.6122658]
[1616950956.975846, 1616950958.9366632]
[1616950957.040195, 1616950957.715144]
[1616950957.2313943, 1616950957.9532905]
[1616950957.0567524, 1616950957.7412713]
[1616950957.2345366, 1616950957.9192677]
[1616950957.339074, 1616950957.990671]
[1616950957.278751, 1616950957.9816427]
[1616950957.218552, 1616950958.1172848]
[1616950957.0830653, 1616950957.7417943]
[1616950957.2404923, 1616950957.9170203]
[1616950957.5229745, 1616950958.1662662]
[1616950957.4698367, 1616950958.358044]
[1616950957.594714, 1616950958.2856388]
[1616950957.6766574, 1616950958.322296]
[1616950957.773101, 1616950958.4148946]
[1616950957.7590148, 1616950958.4082296]
[1616950957.8572373, 1616950958.4887786]
[1616950957.898486, 1616950958.6541567]
[1616950957.8102937, 1616950958.4630914]
[1616950958.08047, 1616950958.7786205]
[1616950957.8571913, 1616950958.56615]
[1616950957.8907459, 1616950958.5165546]
[1616950957.9307702, 1616950958.6070316]
[1616950957.7633498, 1616950958.4123285]
[1616950958.0251167, 1616950958.6909847]
[1616950958.3622773, 1616950959.2844148]
[1616950958.205761, 1616950958.8463066]
[1616950958.2890203, 1616950959.0132306]
[1616950958.4315834, 1616950959.0802126]
[1616950958.3539803, 1616950959.0396883]
[1616950958.419092, 1616950959.664026]
[1616950958.4490824, 1616950959.1153007]
[1616950958.5941076, 1616950959.2835698]
[1616950958.5734203, 1616950959.2428572]
[1616950958.560692, 1616950959.2123053]
[1616950958.6467192, 1616950959.3151653]
[1616950958.7416053, 1616950959.3818557]
[1616950958.4141693, 1616950959.04213]
[1616950958.4200613, 1616950959.073504]
[1616950958.7620516, 1616950959.452302]
[1616950958.8738327, 1616950959.5828934]
[1616950959.0817542, 1616950960.7231877]
[1616950958.9924943, 1616950959.7202547]
[1616950958.9706755, 1616950959.607399]
[1616950958.9186113, 1616950959.9929814]
[1616950959.1620579, 1616950959.8598948]
[1616950959.1164014, 1616950959.7602448]
[1616950959.0921652, 1616950959.7623975]
[1616950959.2699726, 1616950959.9603577]
[1616950959.0078473, 1616950960.5272095]
[1616950959.2814398, 1616950960.3267193]
[1616950959.1069472, 1616950960.5433507]
[1616950959.3235638, 1616950960.0188236]
[1616950959.3229363, 1616950960.023482]
[1616950959.4825282, 1616950960.6111505]
[1616950959.4979615, 1616950960.2026005]
[1616950959.4572773, 1616950960.1343923]
[1616950959.4134657, 1616950960.1186273]
[1616950959.5431585, 1616950961.0949512]
[1616950959.6229138, 1616950960.2711408]
[1616950959.5651612, 1616950960.266105]
[1616950959.60776, 1616950966.1552067]
[1616950959.80246, 1616950961.5103002]
[1616950959.789267, 1616950960.85124]
[1616950959.74309, 1616950960.4510689]
[1616950959.857153, 1616950961.3639224]
[1616950959.7413964, 1616950960.4124846]
[1616950959.8235133, 1616950960.4701996]
[1616950959.7570946, 1616950960.3853269]
[1616950959.8692148, 1616950960.495878]
[1616950959.8245761, 1616950961.1003418]
[1616950960.063457, 1616950961.662007]
[1616950960.0513403, 1616950961.1699083]
[1616950959.8607278, 1616950960.5362608]
[1616950960.1309867, 1616950964.5108569]
[1616950960.177862, 1616950960.7992134]
[1616950960.215299, 1616950960.9949322]
[1616950960.3370645, 1616950961.0005248]
[1616950960.2801347, 1616950961.2106633]
[1616950960.2091737, 1616950960.8708189]
[1616950960.3101645, 1616950962.5139482]
[1616950960.1723588, 1616950960.849383]
[1616950960.5067132, 1616950961.1708264]
[1616950960.403521, 1616950961.0407007]
[1616950960.3940368, 1616950961.0377505]
[1616950960.4942653, 1616950961.1699631]
[1616950960.467123, 1616950961.1715853]
[1616950960.5635285, 1616950961.213505]
[1616950960.4761949, 1616950961.1163914]
[1616950960.6764765, 1616950961.3164954]
[1616950960.6797986, 1616950962.3967416]
[1616950960.6325102, 1616950961.3013558]
[1616950960.5485227, 1616950961.2433994]
[1616950960.7321854, 1616950962.4272928]
[1616950960.8111043, 1616950961.4538894]
[1616950960.917437, 1616950961.5713294]
[1616950960.6740494, 1616950965.7954733]
[1616950960.8197093, 1616950961.4719052]
[1616950960.675919, 1616950961.3279407]
[1616950961.1554182, 1616950961.7922342]
[1616950960.9572134, 1616950961.6230845]
[1616950961.0856562, 1616950962.1139925]
[1616950961.1171784, 1616950961.7669516]
[1616950960.9951785, 1616950962.0256467]
[1616950961.1408455, 1616950961.8596308]
[1616950961.0980191, 1616950961.7284896]
[1616950961.1550832, 1616950964.526019]
[1616950961.3010743, 1616950962.4602287]
[1616950961.3858368, 1616950964.2688038]
[1616950961.3278837, 1616950962.0163174]
[1616950961.3174348, 1616950963.895833]
[1616950961.1630435, 1616950961.825557]
[1616950961.2480526, 1616950967.1086595]
[1616950961.2287245, 1616950962.89347]
[1616950961.2918963, 1616950961.9367049]
[1616950961.3233728, 1616950962.0441744]
[1616950961.206671, 1616950961.8855958]
[1616950961.4658024, 1616950962.0890095]
[1616950961.536405, 1616950962.206913]
[1616950961.4466968, 1616950962.1146755]
[1616950961.37633, 1616950962.0697498]
[1616950961.4949787, 1616950962.4172976]
[1616950961.3596895, 1616950961.9859362]
[1616950961.5058982, 1616950962.1529841]
[1616950961.6989584, 1616950962.3509734]
[1616950961.580311, 1616950962.2420673]
[1616950961.622339, 1616950962.308057]
[1616950961.693024, 1616950962.3225346]
[1616950961.8487654, 1616950963.0579152]
[1616950961.719122, 1616950970.3066933]
[1616950961.8127878, 1616950962.458233]
[1616950961.8096583, 1616950962.8265164]
[1616950961.7756464, 1616950963.7845592]
[1616950961.820891, 1616950962.9531193]
[1616950961.8767052, 1616950962.551766]
[1616950961.8885927, 1616950962.5483377]
[1616950961.8902373, 1616950962.5959444]
[1616950961.946914, 1616950962.612963]
[1616950961.9104917, 1616950963.278115]
[1616950961.9539301, 1616950965.8169484]
[1616950961.998683, 1616950962.9296064]
[1616950962.046906, 1616950963.3386447]
[1616950962.0068624, 1616950962.639668]
[1616950961.9972634, 1616950963.0191035]
[1616950962.0544791, 1616950962.711616]
[1616950962.0192213, 1616950962.6577215]
[1616950962.132553, 1616950962.796049]
[1616950962.0677755, 1616950962.7122307]
[1616950962.0317204, 1616950962.703718]
[1616950962.1224587, 1616950962.7666278]
[1616950962.183901, 1616950964.8148687]
[1616950962.1116087, 1616950962.7501585]
[1616950962.178159, 1616950962.8248188]
[1616950962.1803727, 1616950963.4018564]
[1616950962.351992, 1616950963.0501864]
[1616950962.196413, 1616950966.6895542]
[1616950962.2010593, 1616950965.5087152]
[1616950962.3324676, 1616950962.9724288]
[1616950962.392221, 1616950963.0592859]
[1616950962.425372, 1616950963.0886834]
[1616950962.410699, 1616950964.1303616]
[1616950962.444958, 1616950963.1215737]
[1616950962.3082206, 1616950963.0127907]
[1616950962.363573, 1616950963.1618419]
[1616950962.3989625, 1616950963.0638115]
[1616950962.4161966, 1616950963.0986116]
[1616950962.5048442, 1616950963.1654277]
[1616950962.4082172, 1616950965.763613]
[1616950962.4604106, 1616950968.6440876]
[1616950962.388091, 1616950964.2666152]
[1616950962.5870001, 1616950964.008754]
[1616950962.4862049, 1616950963.137196]
[1616950962.5589046, 1616950963.2410882]
[1616950962.5257316, 1616950963.193077]
[1616950962.4071872, 1616950963.058744]
[1616950962.6211672, 1616950963.4668474]
[1616950962.5615253, 1616950963.2232013]
[1616950962.4559636, 1616950963.6173294]
[1616950962.7377863, 1616950964.3593607]
[1616950962.5906367, 1616950963.256034]
[1616950962.7163048, 1616950963.3811564]
[1616950962.7427042, 1616950963.4318607]
[1616950962.6407752, 1616950965.7196543]
[1616950962.8108015, 1616950963.4343507]
[1616950962.5870366, 1616950963.8398056]
[1616950962.7343614, 1616950963.7398465]
[1616950962.5295596, 1616950963.2214108]
[1616950962.7996917, 1616950964.354012]
[1616950962.8473508, 1616950965.3173206]
[1616950962.8555934, 1616950963.5235093]
[1616950962.6873724, 1616950964.1972437]
[1616950962.8543615, 1616950964.6521168]
[1616950962.8027256, 1616950964.0474367]
[1616950962.842531, 1616950963.4878275]
[1616950962.8567584, 1616950964.1798768]
[1616950963.0163896, 1616950965.4480417]
[1616950962.8761513, 1616950964.3886635]
[1616950962.8860931, 1616950963.5281677]
[1616950962.8371072, 1616950963.485386]
[1616950962.986739, 1616950968.5133753]
[1616950963.0551686, 1616950964.611576]
[1616950962.947423, 1616950963.5885444]
[1616950962.9847074, 1616950963.6179652]
[1616950962.8747556, 1616950963.5632756]
[1616950962.9431303, 1616950966.0242312]
[1616950962.9204237, 1616950967.499769]
[1616950962.8644452, 1616950963.527328]
[1616950963.047979, 1616950963.691579]
[1616950962.9765124, 1616950963.632003]
[1616950963.0374215, 1616950964.556094]
[1616950963.0666788, 1616950963.7090168]
[1616950963.0976725, 1616950964.4590778]
[1616950963.0319884, 1616950964.3733637]
[1616950963.042119, 1616950964.304089]
[1616950962.7602544, 1616950964.367776]
[1616950963.0118082, 1616950963.6915877]
[1616950963.0067527, 1616950964.4194918]
[1616950963.0938406, 1616950966.268372]
[1616950962.824328, 1616950964.1396754]
[1616950963.0043454, 1616950963.6880891]
[1616950962.9976547, 1616950963.653004]
[1616950963.0694304, 1616950964.0471072]
[1616950962.866449, 1616950963.5277479]
[1616950963.090615, 1616950963.9730337]
[1616950963.0693417, 1616950964.4916122]
[1616950963.0760098, 1616950964.1901004]
[1616950963.098519, 1616950964.8439727]
[1616950963.0876234, 1616950963.7392793]
[1616950963.104902, 1616950963.9403126]
[1616950963.1070433, 1616950964.7114434]
[1616950963.1093004, 1616950963.7932656]
[1616950963.1604078, 1616950964.3125684]
[1616950962.9343314, 1616950963.579993]
[1616950963.10156, 1616950963.7939093]
[1616950963.1323786, 1616950963.8605428]
[1616950963.14909, 1616950964.439026]
[1616950962.7077742, 1616950963.3476028]
[1616950963.108516, 1616950966.3395894]
[1616950963.132269, 1616950965.5128121]
[1616950963.1280694, 1616950963.7663162]
[1616950963.1615295, 1616950963.8607852]
[1616950963.1244233, 1616950966.4801667]
[1616950963.1758547, 1616950963.84056]
[1616950963.011718, 1616950963.6891391]
[1616950963.1400695, 1616950963.8361588]
[1616950963.1623604, 1616950963.880054]
