[1616950666.8201964, 1616950667.4648092]
[1616950666.7160892, 1616950667.3682413]
[1616950666.5526016, 1616950667.257261]
[1616950666.540294, 1616950667.5871258]
[1616950666.6123, 1616950667.2983048]
[1616950666.7656834, 1616950667.424815]
[1616950666.6917658, 1616950667.3523433]
[1616950666.6770163, 1616950667.3999465]
[1616950666.5748217, 1616950667.2236273]
[1616950666.4573836, 1616950667.0996826]
[1616950666.5346892, 1616950667.195913]
[1616950666.8379073, 1616950667.4642074]
[1616950666.7578065, 1616950668.0786169]
[1616950666.939913, 1616950667.6035008]
[1616950666.7059677, 1616950667.4100268]
[1616950666.6739573, 1616950667.3171673]
[1616950666.9278953, 1616950667.6094759]
[1616950666.8131995, 1616950667.5008378]
[1616950667.085282, 1616950667.768419]
[1616950667.0172987, 1616950667.6527278]
[1616950667.1806467, 1616950667.8381236]
[1616950667.292547, 1616950667.9847882]
[1616950667.705789, 1616950668.3722463]
[1616950667.6445017, 1616950668.286819]
[1616950667.480678, 1616950668.2043977]
[1616950667.5677152, 1616950668.2613008]
[1616950667.6541154, 1616950668.3037875]
[1616950668.1164086, 1616950668.813663]
[1616950667.9087462, 1616950668.5638242]
[1616950668.516039, 1616950669.1602323]
[1616950668.501372, 1616950669.1644132]
[1616950668.128609, 1616950668.858227]
[1616950668.1628706, 1616950668.9828477]
[1616950668.3860042, 1616950669.2766037]
[1616950668.2015312, 1616950670.8316154]
[1616950668.6658158, 1616950669.367909]
[1616950668.2500532, 1616950668.9310365]
[1616950668.8678844, 1616950669.6113575]
[1616950668.7741234, 1616950669.492268]
[1616950669.1555622, 1616950669.8407826]
[1616950668.8211865, 1616950669.530769]
[1616950669.0802255, 1616950669.820585]
[1616950669.3261561, 1616950670.0077069]
[1616950669.6533103, 1616950670.3898625]
[1616950669.4084744, 1616950670.0598521]
[1616950669.7769957, 1616950670.5663233]
[1616950669.7360342, 1616950670.4307442]
[1616950669.929602, 1616950673.328918]
[1616950669.9179573, 1616950670.6025572]
[1616950669.9769623, 1616950670.6387956]
[1616950669.8195662, 1616950670.4645321]
[1616950670.2016943, 1616950670.8506978]
[1616950670.17367, 1616950671.3613882]
[1616950670.2344618, 1616950670.8951964]
[1616950670.4598465, 1616950671.1524594]
[1616950670.9183424, 1616950671.589033]
[1616950670.4704368, 1616950671.0963216]
[1616950670.5183127, 1616950671.2333019]
[1616950670.6513686, 1616950671.3061888]
[1616950670.6002245, 1616950671.6932642]
[1616950670.885696, 1616950671.5100482]
[1616950671.1596859, 1616950671.8190897]
[1616950671.0895703, 1616950672.6632323]
[1616950671.276545, 1616950672.7656686]
[1616950671.0575373, 1616950672.6381567]
[1616950671.3265734, 1616950671.9898448]
[1616950671.4299603, 1616950672.0834417]
[1616950671.5584836, 1616950672.2263393]
[1616950671.1129398, 1616950671.8123183]
[1616950671.486059, 1616950672.1641498]
[1616950671.6668553, 1616950672.4068146]
[1616950671.958724, 1616950673.697338]
[1616950671.7097533, 1616950672.431365]
[1616950671.8309107, 1616950672.5139704]
[1616950671.9582, 1616950673.632039]
[1616950672.1622245, 1616950672.8284578]
[1616950672.0909514, 1616950672.73913]
[1616950671.9796906, 1616950672.6391656]
[1616950672.3134878, 1616950672.9539065]
[1616950672.278066, 1616950673.9497294]
[1616950672.3866992, 1616950673.0978885]
[1616950672.3521595, 1616950673.0853827]
[1616950672.5593362, 1616950673.2106404]
[1616950672.424272, 1616950673.2961378]
[1616950672.4346778, 1616950673.158394]
[1616950672.2661133, 1616950672.8982823]
[1616950672.473529, 1616950673.1872256]
[1616950672.7858589, 1616950674.1307964]
[1616950672.719148, 1616950673.4323637]
[1616950672.8112879, 1616950673.4610538]
[1616950672.8641832, 1616950673.5719423]
[1616950672.8341136, 1616950673.496431]
[1616950673.1038194, 1616950673.8078897]
[1616950673.756661, 1616950674.441621]
[1616950673.3805609, 1616950674.1780632]
[1616950673.2947967, 1616950673.96694]
[1616950673.2699752, 1616950674.9786174]
[1616950673.553025, 1616950674.2446842]
[1616950673.6544561, 1616950674.3057694]
[1616950673.7354002, 1616950675.4832635]
[1616950673.794569, 1616950674.4945946]
[1616950673.659855, 1616950674.403666]
[1616950673.5736625, 1616950674.2616158]
[1616950673.8113284, 1616950674.4939973]
[1616950673.964471, 1616950674.7263782]
[1616950674.1153567, 1616950674.8248875]
[1616950674.074146, 1616950674.767368]
[1616950673.9664855, 1616950674.6811304]
[1616950674.344954, 1616950675.0124576]
[1616950674.350192, 1616950675.0471458]
[1616950674.3241565, 1616950676.0185828]
[1616950674.3800707, 1616950675.069867]
[1616950674.294775, 1616950674.9828784]
[1616950674.6170573, 1616950675.3193038]
[1616950674.5619037, 1616950675.2015512]
[1616950674.732705, 1616950675.4346545]
[1616950674.7392004, 1616950675.4304442]
[1616950674.7066858, 1616950675.3949573]
[1616950674.9790363, 1616950675.6507058]
[1616950674.8520591, 1616950675.5779028]
[1616950675.037308, 1616950675.852669]
[1616950675.0719502, 1616950675.959601]
[1616950675.1353056, 1616950675.8219674]
[1616950675.207861, 1616950675.9147725]
[1616950675.3342304, 1616950676.044952]
[1616950675.3939822, 1616950676.1025596]
[1616950675.2901783, 1616950675.9811187]
[1616950675.4560676, 1616950676.1466453]
[1616950675.3864806, 1616950676.0626118]
[1616950675.5253925, 1616950678.765138]
[1616950675.5000675, 1616950676.2372653]
[1616950675.5320694, 1616950678.071028]
[1616950675.5466754, 1616950676.1939645]
[1616950675.7115757, 1616950676.422603]
[1616950675.7550097, 1616950676.4066541]
[1616950675.9663334, 1616950676.7039516]
[1616950675.7147388, 1616950677.13893]
[1616950675.8720865, 1616950676.587597]
[1616950676.0195484, 1616950676.6623313]
[1616950676.049184, 1616950676.7187536]
[1616950676.0134363, 1616950680.1840527]
[1616950676.0732758, 1616950676.7532825]
[1616950676.3783221, 1616950677.0329325]
[1616950676.1612222, 1616950685.5996177]
[1616950676.2055807, 1616950676.846138]
[1616950676.2298725, 1616950676.9654465]
[1616950676.3927808, 1616950677.0921648]
[1616950676.5739715, 1616950677.2723002]
[1616950676.397782, 1616950679.1257164]
[1616950676.4193027, 1616950677.0636022]
[1616950676.613722, 1616950677.565556]
[1616950676.5576844, 1616950677.2611454]
[1616950676.5798519, 1616950677.2812989]
[1616950676.5981557, 1616950677.306094]
[1616950676.6978378, 1616950677.4145827]
[1616950676.790979, 1616950677.4704947]
[1616950676.886762, 1616950677.559293]
[1616950676.8717551, 1616950677.5348454]
[1616950677.015184, 1616950677.6566305]
[1616950676.8985186, 1616950678.479113]
[1616950676.9285133, 1616950677.6136165]
[1616950677.1395938, 1616950677.854421]
[1616950677.0696802, 1616950677.7095082]
[1616950677.0708828, 1616950677.740956]
[1616950677.1140392, 1616950677.7436385]
[1616950677.1624894, 1616950677.8798523]
[1616950677.354333, 1616950678.6464107]
[1616950677.301339, 1616950677.9881]
[1616950677.2738333, 1616950677.9332094]
[1616950677.3743963, 1616950678.080601]
[1616950677.5143874, 1616950678.3715613]
[1616950677.5400898, 1616950678.2048013]
[1616950677.7460158, 1616950678.392273]
[1616950677.7976763, 1616950678.426645]
[1616950677.663822, 1616950678.3277023]
[1616950677.7847848, 1616950678.466571]
[1616950677.769671, 1616950678.4110286]
[1616950677.9513185, 1616950679.230381]
[1616950677.638346, 1616950679.3202114]
[1616950678.091772, 1616950678.77115]
[1616950677.9881976, 1616950678.6579292]
[1616950677.8833447, 1616950678.587906]
[1616950677.9992409, 1616950678.8287306]
[1616950678.1513689, 1616950678.790319]
[1616950678.0355158, 1616950678.6605847]
[1616950677.9547725, 1616950678.595339]
[1616950678.3624358, 1616950679.0181751]
[1616950678.4199018, 1616950679.1022258]
[1616950678.163055, 1616950679.1646576]
[1616950678.4795234, 1616950679.2354703]
[1616950678.1891012, 1616950678.8607047]
[1616950678.37447, 1616950680.6248481]
[1616950678.2039416, 1616950678.8859162]
[1616950678.4050653, 1616950679.0672464]
[1616950678.5831752, 1616950679.2366624]
[1616950678.5110335, 1616950679.9142878]
[1616950678.535027, 1616950679.777672]
[1616950678.7821634, 1616950679.471319]
[1616950678.7899463, 1616950680.1201746]
[1616950678.9823234, 1616950679.6646404]
[1616950678.7692318, 1616950679.3917549]
[1616950678.932802, 1616950679.5738647]
[1616950679.0848064, 1616950679.7483385]
[1616950678.9271178, 1616950679.6432512]
[1616950679.1438243, 1616950679.8312318]
[1616950679.3443325, 1616950680.0143416]
[1616950679.2898927, 1616950682.3571107]
[1616950679.0987701, 1616950679.8279495]
[1616950679.4479105, 1616950680.2290359]
[1616950679.3115866, 1616950679.9906435]
[1616950679.2975562, 1616950679.954004]
[1616950679.4419463, 1616950680.0737498]
[1616950679.589157, 1616950680.2633734]
[1616950679.607935, 1616950680.2926369]
[1616950679.6444693, 1616950680.7242413]
[1616950679.5930626, 1616950680.2703583]
[1616950679.7073333, 1616950680.3530858]
[1616950679.6837537, 1616950680.378944]
[1616950679.6370845, 1616950680.3017783]
[1616950679.695792, 1616950682.98622]
[1616950679.7310247, 1616950680.3776278]
[1616950679.9705095, 1616950680.6212578]
[1616950679.9021318, 1616950680.5994332]
[1616950679.884644, 1616950680.569573]
[1616950680.1218214, 1616950680.749397]
[1616950680.2285824, 1616950680.9362721]
[1616950680.1796722, 1616950680.867912]
[1616950680.0442567, 1616950681.7672298]
[1616950680.3029184, 1616950680.9698837]
[1616950680.326806, 1616950681.5009928]
[1616950680.4059536, 1616950681.1320457]
[1616950680.6013122, 1616950681.2598882]
[1616950680.2857873, 1616950680.9333155]
[1616950680.3719869, 1616950681.004103]
[1616950680.5667756, 1616950681.2301397]
[1616950680.4294531, 1616950681.0480824]
[1616950680.4662895, 1616950681.507398]
[1616950680.6374402, 1616950681.3250294]
[1616950680.665517, 1616950681.306886]
[1616950680.76616, 1616950681.41053]
[1616950680.7621236, 1616950681.4110801]
[1616950680.7530124, 1616950681.4092824]
[1616950680.8838356, 1616950681.560045]
[1616950680.955235, 1616950681.6232853]
[1616950680.9145298, 1616950681.5773609]
[1616950681.0113556, 1616950681.7030244]
[1616950681.1604934, 1616950681.8414946]
[1616950681.0908668, 1616950681.7691433]
[1616950681.0063565, 1616950681.7091646]
[1616950681.3600087, 1616950683.2021065]
[1616950681.2909741, 1616950681.9722738]
[1616950681.3281908, 1616950681.9767935]
[1616950681.2011473, 1616950681.8722403]
[1616950681.3586864, 1616950682.0509217]
[1616950681.31473, 1616950682.7135572]
[1616950681.5201764, 1616950682.17067]
[1616950681.537275, 1616950682.2324047]
[1616950681.5753863, 1616950682.2587852]
[1616950681.5182211, 1616950682.165645]
[1616950681.6333547, 1616950682.3246791]
[1616950681.7332065, 1616950682.4081364]
[1616950681.7687447, 1616950682.4440603]
[1616950681.7545028, 1616950682.3983119]
[1616950681.8508053, 1616950682.5336637]
[1616950681.9169524, 1616950682.5580068]
[1616950681.8381283, 1616950683.3880293]
[1616950682.0545256, 1616950683.2396498]
[1616950682.0094783, 1616950682.7002432]
[1616950682.1021023, 1616950682.7557979]
[1616950682.0225382, 1616950682.6981676]
[1616950682.229133, 1616950682.9047375]
[1616950682.2150872, 1616950682.861606]
[1616950682.1607885, 1616950682.8030798]
[1616950682.438893, 1616950683.0895839]
[1616950682.2181, 1616950682.8768263]
[1616950682.245701, 1616950682.9461763]
[1616950682.4341815, 1616950683.0802515]
[1616950682.5864398, 1616950683.2548158]
[1616950682.5367482, 1616950683.2102578]
[1616950682.5401912, 1616950683.8127685]
[1616950682.656925, 1616950683.9156568]
[1616950682.6934354, 1616950683.4092467]
[1616950682.6940753, 1616950683.362713]
[1616950682.8012664, 1616950683.4940207]
[1616950682.9161046, 1616950683.564779]
[1616950683.0444937, 1616950684.805749]
[1616950683.0001106, 1616950683.6687472]
[1616950683.059432, 1616950683.6875517]
[1616950683.0622327, 1616950683.6960938]
[1616950683.0104275, 1616950684.229133]
[1616950683.0940487, 1616950683.7664316]
[1616950683.3350036, 1616950683.988445]
[1616950683.372944, 1616950684.9129107]
[1616950683.1093953, 1616950684.3517706]
[1616950683.3839607, 1616950684.0454397]
[1616950683.0737522, 1616950683.729575]
[1616950683.344932, 1616950684.0148993]
[1616950683.5132968, 1616950685.2916734]
[1616950683.5502636, 1616950684.2559102]
[1616950683.5053422, 1616950686.0644188]
[1616950683.5778878, 1616950684.2549798]
[1616950683.5581238, 1616950684.2093198]
[1616950683.7439585, 1616950685.089928]
[1616950683.80354, 1616950684.5532854]
[1616950683.801344, 1616950684.415412]
[1616950683.7023273, 1616950684.3513322]
[1616950683.7147195, 1616950684.3922417]
[1616950684.0209646, 1616950684.7883022]
[1616950683.9790082, 1616950684.6658986]
[1616950683.9993844, 1616950684.6777177]
[1616950684.0938544, 1616950684.8912785]
[1616950684.2107522, 1616950685.365832]
[1616950684.17626, 1616950684.8786497]
[1616950684.2388768, 1616950684.941868]
[1616950684.267119, 1616950685.1808844]
[1616950684.0073764, 1616950684.6764433]
[1616950684.294746, 1616950684.969068]
[1616950684.482495, 1616950685.124265]
[1616950684.416622, 1616950685.1010876]
[1616950684.638656, 1616950685.3073926]
[1616950684.7538302, 1616950685.4103446]
[1616950684.5490248, 1616950685.254394]
[1616950684.8045075, 1616950685.4717894]
[1616950684.5266166, 1616950685.2245784]
[1616950684.4613292, 1616950685.872112]
[1616950684.9456208, 1616950685.6261604]
[1616950684.9546878, 1616950685.6525674]
[1616950684.9518197, 1616950689.8936937]
[1616950685.0200973, 1616950685.6718898]
[1616950684.918277, 1616950686.7717166]
[1616950685.0538716, 1616950685.7074487]
[1616950685.1345584, 1616950685.769513]
[1616950685.2118466, 1616950685.877249]
[1616950685.3153257, 1616950685.971473]
[1616950685.0787885, 1616950685.7421365]
[1616950685.384835, 1616950686.717787]
[1616950685.4368446, 1616950686.1273956]
[1616950685.1645277, 1616950685.814279]
[1616950685.376357, 1616950686.0288801]
[1616950685.2863536, 1616950685.9354699]
[1616950685.6793597, 1616950686.3366895]
[1616950685.474042, 1616950686.1590989]
[1616950685.5649624, 1616950686.2138476]
[1616950685.6306038, 1616950686.2764122]
[1616950685.502417, 1616950686.182256]
[1616950685.6602745, 1616950686.321846]
[1616950685.6350858, 1616950686.3218603]
[1616950685.8392289, 1616950686.4651914]
[1616950685.9357314, 1616950686.565574]
[1616950685.8060148, 1616950686.434825]
[1616950685.8471177, 1616950686.541594]
[1616950685.9592729, 1616950686.6601183]
[1616950686.012564, 1616950686.6730113]
[1616950686.0358374, 1616950686.7248418]
[1616950685.9380019, 1616950686.5935261]
[1616950686.193367, 1616950686.8256328]
[1616950686.1515198, 1616950686.8009672]
[1616950686.3567176, 1616950687.0258813]
[1616950686.4712317, 1616950687.1516535]
[1616950686.3075051, 1616950686.943632]
[1616950686.386385, 1616950687.0728607]
[1616950686.4876223, 1616950687.0961974]
[1616950686.6002507, 1616950687.2373917]
[1616950686.5583801, 1616950687.986148]
[1616950686.5950963, 1616950687.219086]
[1616950686.6948867, 1616950687.3462372]
[1616950686.6811492, 1616950687.3233557]
[1616950686.7705915, 1616950687.419852]
[1616950686.885594, 1616950687.579915]
[1616950686.9608753, 1616950687.6255312]
[1616950686.9030926, 1616950687.5836554]
[1616950686.844137, 1616950687.5416255]
[1616950687.0048947, 1616950687.7750907]
[1616950687.0834508, 1616950687.8030407]
[1616950687.397258, 1616950688.0572808]
[1616950687.1920693, 1616950687.82089]
[1616950687.2486823, 1616950687.91295]
[1616950687.3161254, 1616950687.9475317]
[1616950687.2728167, 1616950687.9075487]
[1616950687.505158, 1616950688.1431248]
[1616950687.424322, 1616950688.5529625]
[1616950687.4378183, 1616950688.1125624]
[1616950687.5312939, 1616950688.1974702]
[1616950687.5077388, 1616950688.1884756]
[1616950687.7249968, 1616950688.451096]
[1616950687.508221, 1616950688.147906]
[1616950687.5939684, 1616950695.87932]
[1616950687.640805, 1616950688.280005]
[1616950687.7377741, 1616950688.4128144]
[1616950687.9291265, 1616950688.5786474]
[1616950688.0471866, 1616950688.69203]
[1616950688.0257757, 1616950688.6818762]
[1616950688.1486392, 1616950688.792012]
[1616950688.0457044, 1616950688.6792595]
[1616950688.0905519, 1616950688.7323968]
[1616950687.7854822, 1616950689.6651497]
[1616950688.2115335, 1616950688.870463]
[1616950688.0765948, 1616950688.6961157]
[1616950688.3158426, 1616950688.9860067]
[1616950688.338281, 1616950689.5989516]
[1616950688.303074, 1616950688.9523242]
[1616950688.3379085, 1616950689.0817826]
[1616950688.4050517, 1616950689.081912]
[1616950688.1482646, 1616950688.815824]
[1616950688.3171382, 1616950688.9814477]
[1616950688.2548745, 1616950688.9005885]
[1616950688.8544536, 1616950689.5228853]
[1616950688.7627716, 1616950689.4646475]
[1616950688.8289754, 1616950689.5202668]
[1616950688.6805048, 1616950689.3232696]
[1616950688.84652, 1616950689.4625099]
[1616950688.9067492, 1616950689.5614192]
[1616950688.8973062, 1616950689.5675538]
[1616950688.9513981, 1616950690.911175]
[1616950688.999854, 1616950690.5505116]
[1616950688.8544579, 1616950689.5047019]
[1616950688.872795, 1616950689.6010985]
[1616950689.0417166, 1616950689.6832235]
[1616950689.0235994, 1616950689.7057126]
[1616950688.9056785, 1616950689.6341522]
[1616950689.062891, 1616950689.7590237]
[1616950689.0653405, 1616950689.703337]
[1616950689.194879, 1616950689.8315203]
[1616950689.218236, 1616950689.9591267]
[1616950689.3393526, 1616950690.011632]
[1616950689.7386606, 1616950690.4082656]
[1616950689.5882018, 1616950690.253329]
[1616950689.6048288, 1616950690.2806492]
[1616950689.4987717, 1616950690.1561453]
[1616950689.368462, 1616950695.4243476]
[1616950689.8289738, 1616950692.5069497]
[1616950689.6627107, 1616950690.327729]
[1616950689.7376666, 1616950690.4147334]
[1616950689.8325374, 1616950690.9514155]
[1616950689.8130934, 1616950690.5139234]
[1616950690.0427883, 1616950690.7566519]
[1616950689.9291196, 1616950691.9329696]
[1616950690.037227, 1616950690.7165718]
[1616950690.2983675, 1616950690.9860332]
[1616950690.2727358, 1616950690.9546342]
[1616950690.0493324, 1616950691.560901]
[1616950690.4989917, 1616950691.1689086]
[1616950690.1555867, 1616950690.8110175]
[1616950690.2987695, 1616950691.0041099]
[1616950690.2881086, 1616950690.9534302]
[1616950690.4194832, 1616950691.054826]
[1616950690.436853, 1616950691.1125588]
[1616950690.3894312, 1616950691.0442557]
[1616950690.6052291, 1616950691.238165]
[1616950690.5988066, 1616950691.2436779]
[1616950690.5823576, 1616950691.260205]
[1616950690.6542666, 1616950691.2917392]
[1616950690.6832423, 1616950691.417698]
[1616950690.4637885, 1616950691.1102912]
[1616950691.0778193, 1616950691.7411346]
[1616950690.8147388, 1616950692.0581715]
[1616950690.8489466, 1616950691.9982488]
[1616950690.9555955, 1616950691.8438442]
[1616950691.0845888, 1616950693.0727637]
[1616950691.088868, 1616950691.7411354]
[1616950691.0226135, 1616950692.4091454]
[1616950690.881349, 1616950691.5368807]
[1616950691.2944171, 1616950691.9639134]
[1616950691.158681, 1616950691.8613]
[1616950691.2913115, 1616950691.9784577]
[1616950691.0655043, 1616950691.6930997]
[1616950691.434229, 1616950692.145743]
[1616950691.3225393, 1616950691.9776247]
[1616950691.3926094, 1616950692.0778284]
[1616950691.5278811, 1616950692.19972]
[1616950691.4667368, 1616950692.1698036]
[1616950691.539185, 1616950692.271237]
[1616950691.7109878, 1616950692.3450665]
[1616950691.5971074, 1616950692.3038676]
[1616950691.6860414, 1616950692.8539917]
[1616950691.7205498, 1616950692.3501692]
[1616950691.8183727, 1616950692.5101714]
[1616950692.0539064, 1616950692.7154903]
[1616950691.9509597, 1616950692.6044848]
[1616950691.8370085, 1616950692.5371153]
[1616950691.770759, 1616950692.4343145]
[1616950692.064244, 1616950693.772071]
[1616950692.0458946, 1616950692.6925461]
[1616950692.197761, 1616950692.894806]
[1616950692.1046836, 1616950692.7404697]
[1616950692.340575, 1616950692.9924035]
[1616950692.456665, 1616950693.1551764]
[1616950692.3583946, 1616950693.0410433]
[1616950692.3432205, 1616950693.803913]
[1616950692.3404322, 1616950692.9959652]
[1616950692.385054, 1616950693.0686784]
[1616950692.5898027, 1616950693.2482023]
[1616950692.5415444, 1616950693.1896899]
[1616950692.5519443, 1616950693.2490964]
[1616950692.8939145, 1616950693.5574546]
[1616950692.8149176, 1616950693.4556005]
[1616950692.9289641, 1616950693.6071115]
[1616950692.8727403, 1616950693.5136685]
[1616950692.8204284, 1616950693.5600843]
[1616950692.9806902, 1616950693.7186244]
[1616950693.277298, 1616950694.531158]
[1616950692.8584378, 1616950693.4999404]
[1616950693.1745813, 1616950693.832031]
[1616950693.3470364, 1616950694.0007865]
[1616950693.2506056, 1616950693.8883195]
[1616950693.2798724, 1616950694.320137]
[1616950693.4115174, 1616950694.9802482]
[1616950693.4096038, 1616950694.0495734]
[1616950693.3171427, 1616950693.9321294]
[1616950693.667618, 1616950694.355954]
[1616950693.7868707, 1616950694.465542]
[1616950693.3861158, 1616950694.0345135]
[1616950693.781519, 1616950694.4718232]
[1616950693.8374445, 1616950695.4286292]
[1616950693.749136, 1616950694.4078624]
[1616950693.5187962, 1616950694.1813748]
[1616950694.0141118, 1616950694.684077]
[1616950693.8542924, 1616950695.2173076]
[1616950693.782205, 1616950694.432068]
[1616950693.8310173, 1616950694.463264]
[1616950693.9133115, 1616950694.569868]
[1616950693.9849882, 1616950694.6064801]
[1616950694.102377, 1616950694.7691698]
[1616950694.3476572, 1616950695.5914643]
[1616950694.3665972, 1616950695.0054717]
[1616950694.1171412, 1616950694.7408702]
[1616950694.4051259, 1616950695.0542228]
[1616950694.5196824, 1616950695.1753726]
[1616950694.5970745, 1616950695.358065]
[1616950694.365061, 1616950695.0202193]
[1616950694.6443424, 1616950695.2614515]
[1616950694.6825151, 1616950695.3770266]
[1616950694.6712117, 1616950695.2959397]
[1616950694.5667017, 1616950695.2370284]
[1616950694.6617303, 1616950695.3443286]
[1616950694.7741394, 1616950695.4302158]
[1616950694.7819169, 1616950695.5739958]
[1616950694.9465733, 1616950695.6697679]
[1616950694.75219, 1616950695.3876016]
[1616950694.9250453, 1616950695.5843585]
[1616950694.944573, 1616950695.6076393]
[1616950694.9198132, 1616950695.636946]
[1616950694.9188702, 1616950695.7809145]
[1616950695.0448236, 1616950695.6827748]
[1616950695.082724, 1616950695.7524052]
[1616950695.0418746, 1616950695.7515182]
[1616950695.2545762, 1616950695.9546323]
[1616950695.1753013, 1616950695.852531]
[1616950695.3530445, 1616950696.0230434]
[1616950695.3434973, 1616950695.9758425]
[1616950695.5227299, 1616950696.8696256]
[1616950695.5520182, 1616950696.1796386]
[1616950695.5181322, 1616950696.1760273]
[1616950695.6518319, 1616950696.3715477]
[1616950695.7257836, 1616950696.412339]
[1616950695.8337693, 1616950697.7405403]
[1616950696.03678, 1616950696.7393742]
[1616950696.140568, 1616950697.5919752]
[1616950695.9195251, 1616950696.5756884]
[1616950696.1246362, 1616950696.8073063]
[1616950696.1809883, 1616950697.1047797]
[1616950695.9817047, 1616950696.6090915]
[1616950695.9019105, 1616950696.5701125]
[1616950696.0296934, 1616950696.698371]
[1616950696.1585057, 1616950696.7935445]
[1616950696.374266, 1616950697.0380118]
[1616950696.1321414, 1616950696.780065]
[1616950696.1332855, 1616950696.8270533]
[1616950696.2254045, 1616950696.8514216]
[1616950696.3178637, 1616950697.004892]
[1616950696.3026316, 1616950696.9690242]
[1616950696.4966407, 1616950697.184742]
[1616950696.3586466, 1616950697.0266087]
[1616950696.426549, 1616950697.7751153]
[1616950696.4827363, 1616950697.2694438]
[1616950696.5418606, 1616950697.2220666]
[1616950696.5507102, 1616950697.2493677]
[1616950696.7145996, 1616950697.385696]
[1616950696.768818, 1616950697.471079]
[1616950696.8396306, 1616950697.5019248]
[1616950696.8734462, 1616950697.5170934]
[1616950696.8426952, 1616950698.458953]
[1616950696.928777, 1616950697.5930674]
[1616950697.1900468, 1616950698.0363362]
[1616950696.9427679, 1616950697.631131]
[1616950697.2168207, 1616950697.8593678]
[1616950697.2059495, 1616950697.8885264]
[1616950697.3762827, 1616950698.111135]
[1616950697.408098, 1616950698.0480494]
[1616950697.420266, 1616950698.1072085]
[1616950697.557321, 1616950698.2326918]
[1616950697.2888231, 1616950698.00123]
[1616950697.4731922, 1616950698.1410434]
[1616950697.4774916, 1616950698.1623456]
[1616950697.528814, 1616950698.2333775]
[1616950697.5195112, 1616950699.397835]
[1616950697.7063916, 1616950698.331649]
[1616950697.8145273, 1616950698.5007925]
[1616950697.725009, 1616950698.3703806]
[1616950697.5647657, 1616950698.3030896]
[1616950697.706264, 1616950698.377913]
[1616950698.275765, 1616950698.9838893]
[1616950697.850379, 1616950698.5286078]
[1616950698.001487, 1616950699.8336906]
[1616950698.2216961, 1616950698.8834884]
[1616950698.1881473, 1616950698.8530316]
[1616950697.9550095, 1616950698.6615286]
[1616950698.0002146, 1616950698.7340765]
[1616950698.1853237, 1616950699.5568821]
[1616950698.1357434, 1616950698.8393302]
[1616950698.3505516, 1616950699.0048993]
[1616950698.4579716, 1616950699.0764651]
[1616950698.2399719, 1616950699.1151175]
[1616950698.3711946, 1616950704.114659]
[1616950698.3717582, 1616950701.2245417]
[1616950698.4932592, 1616950699.1709046]
[1616950698.3295515, 1616950699.505062]
[1616950698.299545, 1616950698.9791174]
[1616950698.6705, 1616950700.4873774]
[1616950698.5326335, 1616950699.1967347]
[1616950698.7651145, 1616950699.4746008]
[1616950698.606096, 1616950699.2520337]
[1616950698.6867614, 1616950699.3643353]
[1616950698.8321474, 1616950699.5002978]
[1616950698.7790205, 1616950699.4353952]
[1616950698.8584583, 1616950699.6493237]
[1616950699.0126388, 1616950699.648773]
[1616950699.21064, 1616950699.931704]
[1616950698.957072, 1616950699.6498945]
[1616950699.0210643, 1616950699.7997813]
[1616950699.332148, 1616950699.9816146]
[1616950699.201956, 1616950699.8322356]
[1616950699.427478, 1616950700.057299]
[1616950699.266072, 1616950699.9155815]
[1616950699.3065603, 1616950699.951281]
[1616950699.4074314, 1616950700.0575788]
[1616950699.6670632, 1616950700.3284736]
[1616950699.4568183, 1616950700.0890594]
[1616950699.5610504, 1616950700.2589023]
[1616950699.5258403, 1616950700.1534927]
[1616950699.66104, 1616950700.329972]
[1616950699.6151235, 1616950700.331462]
[1616950699.5781384, 1616950701.7640522]
[1616950699.7993467, 1616950700.4789176]
[1616950699.954706, 1616950701.8798625]
[1616950700.1029992, 1616950700.7261202]
[1616950700.1778169, 1616950700.8874075]
[1616950700.0225105, 1616950700.6735713]
[1616950699.9937649, 1616950700.6243744]
[1616950700.2258687, 1616950701.3326075]
[1616950700.0452485, 1616950700.7084506]
[1616950700.1705258, 1616950700.796489]
[1616950700.0105963, 1616950700.6760507]
[1616950700.2598073, 1616950700.9420137]
[1616950700.253672, 1616950706.5176568]
[1616950700.2743294, 1616950700.9346097]
[1616950700.2505674, 1616950700.8984082]
[1616950700.336076, 1616950700.9739108]
[1616950700.4695597, 1616950701.1634114]
[1616950700.7492065, 1616950701.3922048]
[1616950700.3817868, 1616950701.137548]
[1616950700.6437242, 1616950701.3071904]
[1616950700.5806503, 1616950701.263881]
[1616950701.094812, 1616950701.7814543]
[1616950700.934191, 1616950701.5607188]
[1616950700.6827092, 1616950701.3381808]
[1616950701.160815, 1616950701.8392603]
[1616950701.228003, 1616950701.901924]
[1616950701.0427413, 1616950701.68034]
[1616950701.0060863, 1616950701.6652708]
[1616950700.9664984, 1616950701.6475513]
[1616950701.1331916, 1616950701.7929075]
[1616950701.1304102, 1616950701.7982533]
[1616950701.1503596, 1616950702.9102213]
[1616950701.2213883, 1616950701.9535615]
[1616950701.4557664, 1616950703.0149853]
[1616950701.4556015, 1616950702.3788393]
[1616950701.4419928, 1616950702.1056244]
[1616950701.2517269, 1616950701.9069972]
[1616950701.5831575, 1616950702.2831113]
[1616950701.6498196, 1616950703.3172154]
[1616950701.6854987, 1616950702.3163476]
[1616950701.553723, 1616950702.1998587]
[1616950701.573323, 1616950702.2282064]
[1616950702.0109673, 1616950702.6884604]
[1616950701.8697681, 1616950702.526833]
[1616950701.9385989, 1616950702.6014528]
[1616950701.894848, 1616950702.5252357]
[1616950701.9822094, 1616950702.7079203]
[1616950701.886431, 1616950702.5537229]
[1616950702.0266266, 1616950703.1528308]
[1616950702.1495845, 1616950703.6996803]
[1616950702.1130862, 1616950702.730127]
[1616950702.2266946, 1616950702.870917]
[1616950702.3430483, 1616950702.9899929]
[1616950702.132301, 1616950702.7960076]
[1616950702.2586393, 1616950702.9066682]
[1616950702.2781413, 1616950702.92421]
[1616950702.667118, 1616950703.3362706]
[1616950702.4981632, 1616950703.1693513]
[1616950702.5997572, 1616950703.532635]
[1616950702.5647874, 1616950704.2399871]
[1616950702.5848403, 1616950703.249851]
[1616950702.8131747, 1616950703.46775]
[1616950702.7887769, 1616950703.4349065]
[1616950702.710333, 1616950703.3651044]
[1616950702.7387547, 1616950703.3855457]
[1616950702.7296886, 1616950703.7768066]
[1616950702.867288, 1616950704.545018]
[1616950702.9401093, 1616950703.5774696]
[1616950703.057518, 1616950703.690385]
[1616950703.1579313, 1616950703.794196]
[1616950703.1900215, 1616950703.870978]
[1616950703.3320558, 1616950704.028888]
[1616950703.2728233, 1616950704.2220116]
[1616950703.5015392, 1616950704.265259]
[1616950703.3133893, 1616950704.6840513]
[1616950703.3805563, 1616950704.784035]
[1616950703.3383775, 1616950706.6001117]
[1616950703.3587084, 1616950704.0112517]
[1616950703.5310056, 1616950705.0321593]
[1616950703.4944327, 1616950704.155054]
[1616950703.4772053, 1616950704.1135104]
[1616950703.4219975, 1616950704.0678105]
[1616950703.7163067, 1616950705.189539]
[1616950703.6510139, 1616950704.3919244]
[1616950703.714743, 1616950705.8413012]
[1616950703.985136, 1616950704.6901567]
[1616950703.8011081, 1616950704.412886]
[1616950703.8903368, 1616950704.5770743]
[1616950704.0161157, 1616950706.8571055]
[1616950704.0254064, 1616950705.574924]
[1616950704.0186532, 1616950704.7482324]
[1616950704.2030597, 1616950704.9234076]
[1616950704.0615563, 1616950704.8038027]
[1616950704.1014, 1616950705.1106977]
[1616950704.2078497, 1616950704.8827276]
[1616950704.2006547, 1616950704.83178]
[1616950704.1250694, 1616950704.7894218]
[1616950704.2005222, 1616950704.8843923]
[1616950704.3413396, 1616950704.9955707]
[1616950704.305562, 1616950704.9629605]
[1616950704.4323223, 1616950705.0866525]
[1616950704.330345, 1616950704.9946282]
[1616950704.547541, 1616950705.2415876]
[1616950704.430386, 1616950705.0604215]
[1616950704.498708, 1616950705.1553]
[1616950704.59214, 1616950705.26516]
[1616950704.8126884, 1616950705.4705238]
[1616950704.6919048, 1616950705.329451]
[1616950704.691371, 1616950705.354119]
[1616950704.7439926, 1616950705.4538267]
[1616950704.9632165, 1616950705.6094573]
[1616950704.9513087, 1616950705.6093433]
[1616950705.1469092, 1616950705.813976]
[1616950704.8418207, 1616950705.4925845]
[1616950705.054171, 1616950705.723952]
[1616950704.9490342, 1616950705.6563742]
[1616950705.2079694, 1616950706.7900865]
[1616950705.1579268, 1616950705.9409914]
[1616950705.3681796, 1616950706.8176267]
[1616950705.1775675, 1616950705.8157566]
[1616950705.4577148, 1616950706.4463816]
[1616950705.4843535, 1616950706.1901798]
[1616950705.4799018, 1616950706.1296275]
[1616950705.512152, 1616950706.1635416]
[1616950705.334407, 1616950705.9800825]
[1616950705.6656146, 1616950706.3709834]
[1616950705.399081, 1616950706.0392997]
[1616950705.7500894, 1616950706.3929913]
[1616950705.7307172, 1616950706.4235346]
[1616950705.7919798, 1616950706.4896574]
[1616950705.8759446, 1616950707.443887]
[1616950705.9373624, 1616950706.5975919]
[1616950705.9667296, 1616950706.690881]
[1616950705.8943026, 1616950706.5592349]
[1616950706.0051563, 1616950706.7378647]
[1616950706.2045705, 1616950707.837834]
[1616950705.9923286, 1616950706.6609244]
[1616950706.1191156, 1616950706.8373785]
[1616950705.9499614, 1616950706.6494582]
[1616950706.307293, 1616950706.9426248]
[1616950706.4591198, 1616950707.8519475]
[1616950706.304003, 1616950706.9937427]
[1616950706.657047, 1616950707.31658]
[1616950706.4110255, 1616950707.068327]
[1616950706.3512673, 1616950706.9911375]
[1616950706.651907, 1616950707.2793002]
[1616950706.4737747, 1616950707.1476853]
[1616950706.6223485, 1616950707.2733462]
[1616950706.5146937, 1616950707.18319]
[1616950706.6733515, 1616950708.0592992]
[1616950706.8310928, 1616950708.0680354]
[1616950706.8378048, 1616950707.4949267]
[1616950706.8574097, 1616950707.502221]
[1616950706.7884352, 1616950707.4674811]
[1616950707.063721, 1616950707.724044]
[1616950707.046018, 1616950708.5780642]
[1616950707.083011, 1616950707.7667193]
[1616950706.900304, 1616950707.581576]
[1616950707.0454423, 1616950707.693849]
[1616950707.2065003, 1616950707.8417654]
[1616950707.0094385, 1616950707.9735265]
[1616950707.0607212, 1616950707.913244]
[1616950707.184164, 1616950709.4075902]
[1616950707.2557678, 1616950707.8748102]
[1616950707.4504228, 1616950708.0987182]
[1616950707.323707, 1616950707.9698398]
[1616950707.508261, 1616950708.2300375]
[1616950707.3398294, 1616950707.9958956]
[1616950707.3916342, 1616950708.0668263]
[1616950707.4477458, 1616950708.1697254]
[1616950707.523097, 1616950708.205525]
[1616950707.4818892, 1616950709.198789]
[1616950707.680722, 1616950708.375083]
[1616950707.5056202, 1616950708.1638632]
[1616950707.6765845, 1616950708.366857]
[1616950707.823535, 1616950708.524001]
[1616950707.7065973, 1616950708.3661385]
[1616950707.800368, 1616950708.5121243]
[1616950707.8739824, 1616950715.1546755]
[1616950707.7393267, 1616950708.3853257]
[1616950707.8361669, 1616950708.4758198]
[1616950707.8054276, 1616950708.456497]
[1616950707.9603815, 1616950708.6112058]
[1616950707.8789234, 1616950708.520521]
[1616950708.0036483, 1616950708.6495647]
[1616950707.961739, 1616950708.5920215]
[1616950708.0339413, 1616950708.6829386]
[1616950708.091895, 1616950708.806492]
[1616950708.048227, 1616950708.7097728]
[1616950707.9954212, 1616950708.6839242]
[1616950707.970285, 1616950709.0613866]
[1616950708.3241408, 1616950708.9480932]
[1616950708.292728, 1616950708.9224946]
[1616950708.3200722, 1616950709.0216815]
[1616950708.2841668, 1616950709.0150433]
[1616950708.5194952, 1616950709.2537715]
[1616950708.4341016, 1616950709.0682228]
[1616950708.4690762, 1616950709.135]
[1616950708.4204216, 1616950709.0856514]
[1616950708.5354075, 1616950709.239867]
[1616950708.4718223, 1616950710.0228105]
[1616950708.4543295, 1616950709.0850868]
[1616950708.52375, 1616950709.1691787]
[1616950708.5651603, 1616950709.1961517]
[1616950708.6820412, 1616950709.3090954]
[1616950708.6760962, 1616950709.3408375]
[1616950708.7603607, 1616950709.7939117]
[1616950708.73135, 1616950709.3954618]
[1616950708.6701238, 1616950709.3026962]
[1616950708.7674112, 1616950711.0630436]
[1616950708.9407864, 1616950709.5972233]
[1616950708.919837, 1616950710.5653114]
[1616950708.9264956, 1616950709.5659983]
[1616950708.943379, 1616950709.635027]
[1616950709.0830994, 1616950709.7399554]
[1616950708.9955401, 1616950709.6538732]
[1616950709.113307, 1616950709.778369]
[1616950709.2197943, 1616950709.8629131]
[1616950709.0317142, 1616950709.7193248]
[1616950709.1385398, 1616950709.8229249]
[1616950709.2079027, 1616950709.9562237]
[1616950709.1019878, 1616950709.7635674]
[1616950709.1088128, 1616950710.4052513]
[1616950709.2705095, 1616950710.0233028]
[1616950709.2078674, 1616950709.8626292]
[1616950709.4407063, 1616950710.5225985]
[1616950709.2896588, 1616950710.0369577]
[1616950709.4998045, 1616950710.1704314]
[1616950709.3734338, 1616950710.0634677]
[1616950709.5600061, 1616950710.2004614]
[1616950709.469517, 1616950710.0984726]
[1616950709.4803038, 1616950710.1191902]
[1616950709.445405, 1616950710.0857768]
[1616950709.5397654, 1616950712.340783]
[1616950709.5918543, 1616950710.2318008]
[1616950709.5630465, 1616950711.3438084]
[1616950709.624431, 1616950710.2635295]
[1616950709.7041001, 1616950710.3840654]
[1616950709.6494586, 1616950710.3405747]
[1616950709.7922978, 1616950710.8150203]
[1616950709.7153046, 1616950711.3249915]
[1616950709.7627964, 1616950710.415885]
[1616950709.879746, 1616950710.5400229]
[1616950709.6439807, 1616950710.3809052]
[1616950709.7635489, 1616950710.4693809]
[1616950709.8553455, 1616950710.7406518]
[1616950709.8284292, 1616950710.526002]
[1616950709.9501772, 1616950710.621925]
[1616950709.7870061, 1616950710.4530137]
[1616950709.970524, 1616950710.6528733]
[1616950709.901989, 1616950710.5495675]
[1616950709.9480867, 1616950710.598774]
[1616950710.055635, 1616950710.8007045]
[1616950710.0023696, 1616950710.6515112]
[1616950709.9865, 1616950710.6200893]
[1616950709.996832, 1616950710.652884]
[1616950710.0366302, 1616950712.4213848]
[1616950710.0627468, 1616950711.7452772]
[1616950710.1147618, 1616950710.737209]
[1616950710.1613903, 1616950710.8056362]
[1616950710.2547266, 1616950712.9381802]
[1616950710.1644382, 1616950711.3180199]
[1616950710.2416418, 1616950710.9077823]
[1616950710.3111556, 1616950714.110609]
[1616950710.2781627, 1616950710.9574783]
[1616950710.2020166, 1616950711.6478124]
[1616950710.3703036, 1616950711.0276833]
[1616950710.1953409, 1616950710.8954682]
[1616950710.3632092, 1616950712.1200173]
[1616950710.3629346, 1616950711.0286138]
[1616950710.3078306, 1616950710.991473]
[1616950710.340202, 1616950712.1569767]
[1616950710.3676634, 1616950713.9287224]
[1616950710.3452415, 1616950710.9935162]
[1616950710.4339142, 1616950711.1190362]
[1616950710.3851604, 1616950711.3438413]
[1616950710.5064745, 1616950711.1424763]
[1616950710.391409, 1616950713.1306186]
[1616950710.3967772, 1616950712.1562624]
[1616950710.4761102, 1616950713.4869423]
[1616950710.5124338, 1616950711.150354]
[1616950710.5613837, 1616950711.2038512]
[1616950710.659468, 1616950711.4633865]
[1616950710.5975335, 1616950711.9590814]
[1616950710.6452634, 1616950711.2675068]
[1616950710.6553369, 1616950713.3752632]
[1616950710.6585581, 1616950712.089586]
[1616950710.68526, 1616950712.8553035]
[1616950710.6477342, 1616950711.2811792]
[1616950710.7913878, 1616950711.4531202]
[1616950710.6836724, 1616950713.6197844]
[1616950710.6464233, 1616950711.2946353]
[1616950710.717503, 1616950711.4283996]
[1616950710.8036795, 1616950711.516125]
[1616950710.6314137, 1616950711.2870958]
[1616950710.7909687, 1616950712.457803]
[1616950710.8505452, 1616950711.516287]
[1616950710.8793511, 1616950711.526047]
[1616950710.8484883, 1616950711.5691285]
[1616950710.8397236, 1616950712.5630257]
[1616950710.8600686, 1616950711.5284116]
[1616950710.822552, 1616950711.4558203]
[1616950710.8290367, 1616950712.0196388]
[1616950710.852587, 1616950716.625487]
[1616950710.8445184, 1616950712.5959516]
[1616950710.893881, 1616950716.3260472]
[1616950710.8494449, 1616950713.6995933]
[1616950710.9359417, 1616950711.565362]
[1616950710.9572148, 1616950712.7333844]
[1616950711.0360386, 1616950711.6928422]
[1616950710.9873178, 1616950714.571814]
[1616950711.0096402, 1616950711.6392217]
[1616950711.024594, 1616950711.658321]
[1616950710.981185, 1616950711.635533]
[1616950711.1140385, 1616950712.6140234]
[1616950710.9397209, 1616950713.5841153]
[1616950711.0549023, 1616950713.6552734]
[1616950711.0253744, 1616950712.4790459]
[1616950711.0704417, 1616950714.5254478]
[1616950711.183623, 1616950713.065941]
[1616950711.133741, 1616950711.7803218]
[1616950711.113524, 1616950711.780782]
[1616950711.1163301, 1616950711.8114507]
[1616950711.0903366, 1616950711.809228]
[1616950711.2016332, 1616950712.7799501]
[1616950711.2146008, 1616950711.8493195]
[1616950711.1266978, 1616950711.7695663]
[1616950711.0076468, 1616950711.6727862]
[1616950711.1395307, 1616950711.8087163]
[1616950710.9735417, 1616950711.640261]
[1616950711.1862073, 1616950712.8048897]
[1616950711.1967309, 1616950711.8586583]
[1616950711.1983283, 1616950714.099162]
[1616950711.0215044, 1616950711.7078636]
[1616950711.1992445, 1616950711.8970208]
[1616950711.1684299, 1616950711.8299215]
[1616950711.196952, 1616950712.8519402]
[1616950711.1188674, 1616950711.760161]
[1616950711.213015, 1616950711.8833594]
[1616950711.1911583, 1616950711.850511]
[1616950711.1524103, 1616950711.8529527]
[1616950711.1898558, 1616950711.8325732]
[1616950711.0954502, 1616950711.736272]
[1616950711.1370368, 1616950712.4728727]
[1616950711.270269, 1616950711.9263494]
[1616950711.2212687, 1616950713.0637484]
[1616950711.186815, 1616950711.8547208]
[1616950711.2342765, 1616950712.282386]
[1616950711.1516619, 1616950711.7787478]
[1616950711.2626514, 1616950712.4867554]
[1616950711.2275789, 1616950711.8972516]
[1616950711.1955054, 1616950712.8742766]
[1616950711.240944, 1616950711.8994877]
[1616950711.1514566, 1616950712.2493448]
[1616950711.09825, 1616950711.8118825]
[1616950711.2508507, 1616950712.7788506]
[1616950711.202764, 1616950718.2171333]
[1616950711.2728622, 1616950711.9497817]
