[1616956645.7450325, 1616956646.5168085]
[1616956645.6029987, 1616956646.304629]
[1616956645.7631392, 1616956646.4033113]
[1616956645.7535927, 1616956646.4033608]
[1616956646.1021535, 1616956647.5712445]
[1616956645.6864388, 1616956646.4109018]
[1616956645.8973713, 1616956647.699091]
[1616956645.8170516, 1616956647.1512747]
[1616956645.9558036, 1616956646.5966597]
[1616956646.1897, 1616956646.8983407]
[1616956645.9468837, 1616956646.6247187]
[1616956645.921019, 1616956646.5753396]
[1616956645.913412, 1616956646.5957701]
[1616956646.038634, 1616956646.6979978]
[1616956645.9446104, 1616956646.6257477]
[1616956645.7414434, 1616956647.2097323]
[1616956646.0630636, 1616956647.0652642]
[1616956645.8097231, 1616956646.477693]
[1616956645.8781967, 1616956646.5345175]
[1616956646.09296, 1616956646.7897928]
[1616956646.1545136, 1616956646.796817]
[1616956646.8901699, 1616956647.5632315]
[1616956646.5605638, 1616956647.2985623]
[1616956646.6952229, 1616956647.3581848]
[1616956646.8057058, 1616956647.4582524]
[1616956646.7559896, 1616956647.3890224]
[1616956646.8633325, 1616956647.6012456]
[1616956647.5197155, 1616956648.1685038]
[1616956647.2785118, 1616956647.9912076]
[1616956647.1609674, 1616956647.8735719]
[1616956647.0637414, 1616956648.2114527]
[1616956647.7538698, 1616956648.4148295]
[1616956647.5588028, 1616956648.2340827]
[1616956647.2228155, 1616956647.8999329]
[1616956647.5138364, 1616956648.1376822]
[1616956647.8406627, 1616956648.5285645]
[1616956647.4892824, 1616956648.1335576]
[1616956647.9337063, 1616956648.6323016]
[1616956647.857452, 1616956652.4772534]
[1616956648.224545, 1616956648.939321]
[1616956647.8870122, 1616956648.5996163]
[1616956648.046406, 1616956648.785463]
[1616956648.2157125, 1616956648.8767626]
[1616956648.4445598, 1616956649.0985687]
[1616956648.5780168, 1616956649.305414]
[1616956648.7728066, 1616956649.4376898]
[1616956648.4768403, 1616956649.166104]
[1616956648.961541, 1616956649.5981972]
[1616956648.8956025, 1616956649.5582154]
[1616956648.9526753, 1616956650.2181687]
[1616956648.8648667, 1616956649.586155]
[1616956649.026156, 1616956649.6973357]
[1616956648.9132116, 1616956650.6163223]
[1616956649.1209805, 1616956649.7734177]
[1616956649.630509, 1616956650.3294005]
[1616956649.5648649, 1616956650.2595348]
[1616956649.7130888, 1616956650.3804677]
[1616956649.6479712, 1616956650.9664197]
[1616956649.8343816, 1616956650.4688742]
[1616956650.043703, 1616956650.7094653]
[1616956649.9441342, 1616956650.6249106]
[1616956650.203354, 1616956650.8638198]
[1616956650.1433814, 1616956650.7786655]
[1616956650.1988668, 1616956650.8209288]
[1616956650.4256368, 1616956651.0513675]
[1616956650.4107254, 1616956651.0861254]
[1616956650.5184712, 1616956651.1908767]
[1616956650.3614173, 1616956651.7309184]
[1616956650.612284, 1616956651.351984]
[1616956650.679234, 1616956651.3529613]
[1616956650.7307193, 1616956651.416266]
[1616956650.9162424, 1616956651.5796854]
[1616956650.7840931, 1616956651.4227388]
[1616956651.08011, 1616956651.7860553]
[1616956650.8995616, 1616956651.538242]
[1616956651.104197, 1616956651.813691]
[1616956650.9362519, 1616956651.60988]
[1616956651.0860178, 1616956651.7630484]
[1616956651.1864932, 1616956651.8924322]
[1616956651.1047893, 1616956651.7913113]
[1616956651.3730936, 1616956652.0590343]
[1616956651.4363217, 1616956652.0914965]
[1616956651.7926722, 1616956652.5029185]
[1616956651.4796457, 1616956652.1741707]
[1616956651.7002282, 1616956652.4028919]
[1616956651.6163511, 1616956652.27467]
[1616956651.965412, 1616956652.6313663]
[1616956651.6689105, 1616956652.3374064]
[1616956651.5681782, 1616956652.203627]
[1616956651.8706975, 1616956652.5433488]
[1616956651.9829233, 1616956652.650066]
[1616956651.9378538, 1616956652.6545868]
[1616956651.9725435, 1616956652.6643095]
[1616956652.126977, 1616956652.784238]
[1616956652.2157931, 1616956652.853838]
[1616956652.3118105, 1616956653.2957363]
[1616956652.1701832, 1616956653.2957568]
[1616956652.208357, 1616956653.1113336]
[1616956652.327216, 1616956652.963097]
[1616956652.5911682, 1616956653.517572]
[1616956652.5215716, 1616956653.1915598]
[1616956652.7793782, 1616956653.649285]
[1616956652.5991104, 1616956653.3896465]
[1616956652.8323102, 1616956653.5023952]
[1616956652.937403, 1616956653.5748158]
[1616956653.0290027, 1616956653.6806848]
[1616956652.814446, 1616956653.4665806]
[1616956653.1807666, 1616956653.8393176]
[1616956653.3018909, 1616956653.94961]
[1616956653.3168633, 1616956654.0191836]
[1616956653.2844741, 1616956655.3363557]
[1616956653.1745813, 1616956654.2791529]
[1616956653.4424791, 1616956654.1238053]
[1616956653.2420962, 1616956653.8783581]
[1616956653.5419505, 1616956654.3839998]
[1616956653.7946908, 1616956654.4703362]
[1616956653.6986253, 1616956654.321123]
[1616956653.5455208, 1616956654.2281475]
[1616956653.6453004, 1616956654.3045673]
[1616956653.7385697, 1616956654.5021071]
[1616956653.8310957, 1616956654.5336785]
[1616956653.8556185, 1616956655.4869325]
[1616956654.1842532, 1616956654.9627104]
[1616956653.830156, 1616956654.6107347]
[1616956654.1637764, 1616956654.8444693]
[1616956654.2315142, 1616956654.8530612]
[1616956654.3144455, 1616956655.0021515]
[1616956654.1941636, 1616956654.8535984]
[1616956654.6399715, 1616956655.4391193]
[1616956654.3118052, 1616956655.0013108]
[1616956654.626201, 1616956655.2754264]
[1616956654.4855132, 1616956655.1501513]
[1616956654.5585644, 1616956656.0037224]
[1616956654.8214524, 1616956655.531083]
[1616956654.9075854, 1616956655.6091864]
[1616956654.7534566, 1616956655.3847613]
[1616956654.8830924, 1616956655.5296881]
[1616956655.0165064, 1616956655.7059524]
[1616956654.9070709, 1616956655.5413039]
[1616956654.750498, 1616956656.5581582]
[1616956654.9740973, 1616956655.6719456]
[1616956655.1143305, 1616956656.5493762]
[1616956655.0458193, 1616956655.7276912]
[1616956655.252822, 1616956655.908534]
[1616956655.1397843, 1616956655.8292623]
[1616956655.3464162, 1616956656.3593013]
[1616956655.4783933, 1616956657.0464735]
[1616956655.2273846, 1616956655.8548386]
[1616956655.4127605, 1616956656.0709863]
[1616956655.3268223, 1616956655.9889169]
[1616956655.4698172, 1616956656.1599238]
[1616956655.4148748, 1616956656.058455]
[1616956655.565826, 1616956656.2185585]
[1616956655.5447073, 1616956656.3101783]
[1616956655.721301, 1616956656.4238634]
[1616956655.7380986, 1616956656.4004362]
[1616956655.6737926, 1616956656.3137238]
[1616956655.7793033, 1616956656.522756]
[1616956655.8741453, 1616956656.5202668]
[1616956655.7926352, 1616956656.4686458]
[1616956655.7854495, 1616956657.0970726]
[1616956655.85878, 1616956656.782402]
[1616956655.8406525, 1616956658.9373791]
[1616956656.158853, 1616956656.8103654]
[1616956656.2402809, 1616956656.906069]
[1616956656.293446, 1616956656.9517264]
[1616956656.2273855, 1616956656.868982]
[1616956656.1959639, 1616956657.7054036]
[1616956656.1388009, 1616956658.816871]
[1616956656.197787, 1616956657.2854254]
[1616956656.3248386, 1616956656.9956534]
[1616956656.50441, 1616956657.2451923]
[1616956656.4479406, 1616956657.8287737]
[1616956656.5254025, 1616956657.1545584]
[1616956656.6157365, 1616956657.3171973]
[1616956656.5752761, 1616956657.245203]
[1616956656.689464, 1616956657.3674512]
[1616956656.8750417, 1616956657.509571]
[1616956656.6682909, 1616956657.3367908]
[1616956656.7458465, 1616956657.4460614]
[1616956656.8834338, 1616956657.7930233]
[1616956656.852452, 1616956657.490621]
[1616956657.033659, 1616956658.9414284]
[1616956656.9311435, 1616956657.5558703]
[1616956656.9778764, 1616956657.6527104]
[1616956657.122286, 1616956658.6686802]
[1616956657.310699, 1616956657.9586165]
[1616956657.3309095, 1616956658.0064487]
[1616956657.1954508, 1616956657.8315117]
[1616956657.2371683, 1616956657.9363801]
[1616956657.2626028, 1616956657.9517527]
[1616956657.559212, 1616956658.2178855]
[1616956657.3989198, 1616956658.132823]
[1616956657.3898757, 1616956658.030617]
[1616956657.4348228, 1616956658.1182377]
[1616956657.7479572, 1616956658.3725684]
[1616956657.6217985, 1616956658.2809577]
[1616956657.7873578, 1616956658.4118152]
[1616956657.8560977, 1616956658.524108]
[1616956657.773913, 1616956658.4875205]
[1616956657.8219566, 1616956658.5966184]
[1616956657.9380915, 1616956658.6735053]
[1616956658.080938, 1616956658.7945635]
[1616956657.9845834, 1616956658.6787074]
[1616956658.0903385, 1616956658.8098202]
[1616956658.2993968, 1616956658.950661]
[1616956658.2290428, 1616956658.9438057]
[1616956658.2716317, 1616956659.9966738]
[1616956658.1603072, 1616956658.8386557]
[1616956658.3036919, 1616956658.962625]
[1616956658.301935, 1616956659.0432272]
[1616956658.4618053, 1616956659.0910742]
[1616956658.3409524, 1616956658.9975772]
[1616956658.3715715, 1616956659.0857236]
[1616956658.5958462, 1616956659.244986]
[1616956658.5549493, 1616956659.2279716]
[1616956658.6031508, 1616956659.3872962]
[1616956658.6479537, 1616956659.2902348]
[1616956658.8597417, 1616956659.5266504]
[1616956658.9542649, 1616956659.6118433]
[1616956658.9434125, 1616956659.7037232]
[1616956659.0731032, 1616956659.719746]
[1616956658.9620879, 1616956659.6142497]
[1616956659.1475294, 1616956659.7781909]
[1616956659.07016, 1616956660.737422]
[1616956659.16862, 1616956659.8966177]
[1616956659.1792798, 1616956659.8774047]
[1616956659.1547554, 1616956659.8519871]
[1616956659.2691522, 1616956659.912241]
[1616956659.283812, 1616956660.9860609]
[1616956659.36169, 1616956660.007743]
[1616956659.4855118, 1616956660.1387508]
[1616956659.4180424, 1616956660.2675536]
[1616956659.481557, 1616956660.1347547]
[1616956659.4345546, 1616956660.060654]
[1616956659.6678462, 1616956660.936245]
[1616956659.7046552, 1616956660.3333635]
[1616956659.4431596, 1616956660.6086636]
[1616956659.7480237, 1616956660.4324343]
[1616956659.7172415, 1616956660.397758]
[1616956659.9259505, 1616956660.5768418]
[1616956659.9751751, 1616956660.6681535]
[1616956660.1341271, 1616956660.8192768]
[1616956659.903735, 1616956660.5408728]
[1616956660.0913687, 1616956660.7135222]
[1616956660.1823003, 1616956660.8602276]
[1616956660.1344554, 1616956660.8184412]
[1616956660.0604932, 1616956660.7188966]
[1616956660.1427467, 1616956661.0569472]
[1616956660.3077002, 1616956661.8092194]
[1616956660.128953, 1616956660.7883763]
[1616956660.4352438, 1616956661.087148]
[1616956660.591325, 1616956661.264292]
[1616956660.3837523, 1616956661.0213037]
[1616956660.5129113, 1616956661.1897373]
[1616956660.4604201, 1616956661.153567]
[1616956660.5276058, 1616956661.1845214]
[1616956660.4951334, 1616956661.3837528]
[1616956660.6260602, 1616956661.2789195]
[1616956660.8234801, 1616956661.60989]
[1616956660.8406541, 1616956661.535939]
[1616956661.0412164, 1616956661.6651783]
[1616956660.785451, 1616956661.4387114]
[1616956661.179272, 1616956661.8088481]
[1616956660.9149005, 1616956661.6084712]
[1616956660.9777672, 1616956661.6090376]
[1616956661.213919, 1616956661.8711596]
[1616956661.0735571, 1616956664.6926088]
[1616956660.9742332, 1616956661.7220726]
[1616956661.114829, 1616956661.7465167]
[1616956661.2622058, 1616956661.9096942]
[1616956661.2294798, 1616956661.9410694]
[1616956661.2584293, 1616956662.0522263]
[1616956661.4784648, 1616956664.4195318]
[1616956661.3838599, 1616956662.1354392]
[1616956661.2823627, 1616956661.9361653]
[1616956661.636432, 1616956662.323486]
[1616956661.5407906, 1616956662.1847026]
[1616956661.5389218, 1616956662.2404778]
[1616956661.8143628, 1616956662.4550962]
[1616956661.732364, 1616956662.387845]
[1616956662.0028517, 1616956662.6357257]
[1616956661.6595888, 1616956662.3407001]
[1616956661.7624056, 1616956662.4133809]
[1616956661.9735534, 1616956662.637367]
[1616956661.982881, 1616956662.609462]
[1616956662.3195271, 1616956662.992906]
[1616956662.239775, 1616956662.9020088]
[1616956662.203115, 1616956662.856974]
[1616956662.134056, 1616956662.8496542]
[1616956662.395397, 1616956663.0433807]
[1616956662.270714, 1616956663.5071714]
[1616956662.3305912, 1616956663.0168273]
[1616956662.221086, 1616956663.549199]
[1616956662.3906906, 1616956665.3698034]
[1616956662.4794161, 1616956663.1042056]
[1616956662.376581, 1616956664.1670263]
[1616956662.514884, 1616956663.1979208]
[1616956662.6231172, 1616956663.3165996]
[1616956662.7515326, 1616956663.440212]
[1616956662.541458, 1616956663.296929]
[1616956662.6783233, 1616956663.362712]
[1616956662.6385918, 1616956663.3375027]
[1616956662.787816, 1616956663.4656475]
[1616956663.041422, 1616956664.2100825]
[1616956662.9830267, 1616956663.6804001]
[1616956662.9417124, 1616956664.0956676]
[1616956663.0587492, 1616956663.8620625]
[1616956663.115216, 1616956663.7519646]
[1616956663.0443335, 1616956663.7287674]
[1616956663.082138, 1616956664.3345604]
[1616956663.0506434, 1616956663.7090511]
[1616956663.1877465, 1616956663.8572981]
[1616956663.320346, 1616956663.9597805]
[1616956663.4485517, 1616956664.8073351]
[1616956663.3064926, 1616956664.117946]
[1616956663.538422, 1616956664.2107499]
[1616956663.386176, 1616956664.0667818]
[1616956663.4856741, 1616956664.1550546]
[1616956663.5138526, 1616956664.1838543]
[1616956663.5310218, 1616956664.2671673]
[1616956663.6542697, 1616956664.301963]
[1616956663.788625, 1616956664.4372716]
[1616956663.8811152, 1616956664.6029875]
[1616956663.9146848, 1616956664.601789]
[1616956663.9622364, 1616956665.0692594]
[1616956663.9737062, 1616956664.6609921]
[1616956663.9824092, 1616956664.6213307]
[1616956663.9988828, 1616956664.6622372]
[1616956664.0400207, 1616956664.7087748]
[1616956664.0510087, 1616956664.7231412]
[1616956664.1190398, 1616956665.931487]
[1616956664.2316499, 1616956664.9268863]
[1616956664.5356207, 1616956665.1704507]
[1616956664.3963258, 1616956665.14918]
[1616956664.3725393, 1616956665.0783072]
[1616956664.4409344, 1616956669.4456964]
[1616956664.8277442, 1616956665.4838965]
[1616956664.5233154, 1616956666.2346387]
[1616956664.5959196, 1616956665.2946942]
[1616956664.681028, 1616956665.3695126]
[1616956664.720013, 1616956665.4385774]
[1616956664.6162288, 1616956665.3532875]
[1616956664.8048155, 1616956665.5154064]
[1616956664.9078033, 1616956668.6827161]
[1616956664.784489, 1616956665.4341314]
[1616956664.9685717, 1616956665.6330338]
[1616956664.9533443, 1616956665.6216238]
[1616956665.0970032, 1616956665.7826958]
[1616956665.0063224, 1616956665.7224379]
[1616956665.0016608, 1616956665.6517644]
[1616956665.1315925, 1616956668.2598495]
[1616956665.1928115, 1616956665.860899]
[1616956665.2371233, 1616956665.925443]
[1616956665.437209, 1616956666.058405]
[1616956665.4749877, 1616956666.1429036]
[1616956665.5893648, 1616956666.2791927]
[1616956665.5493798, 1616956666.2207835]
[1616956665.5088074, 1616956666.1580718]
[1616956665.4697368, 1616956666.2223217]
[1616956665.486882, 1616956666.1292782]
[1616956665.7008412, 1616956666.3553278]
[1616956665.7857819, 1616956666.4714248]
[1616956665.843032, 1616956666.4950385]
[1616956665.8011847, 1616956666.4865527]
[1616956665.9557679, 1616956666.680015]
[1616956665.9815068, 1616956666.6825]
[1616956665.9561, 1616956666.6197255]
[1616956665.7891545, 1616956666.4735355]
[1616956666.0872521, 1616956668.706998]
[1616956665.9630413, 1616956666.595143]
[1616956666.0812085, 1616956667.6601448]
[1616956666.1882777, 1616956666.849728]
[1616956666.1221147, 1616956666.7581193]
[1616956666.3955991, 1616956667.0628872]
[1616956666.206272, 1616956666.8537254]
[1616956666.4723144, 1616956668.3612769]
[1616956666.3743901, 1616956667.0682795]
[1616956666.4655106, 1616956667.098915]
[1616956666.5944982, 1616956667.2572696]
[1616956666.7475407, 1616956667.4275322]
[1616956666.5920036, 1616956667.232258]
[1616956666.8336806, 1616956667.4873178]
[1616956666.70242, 1616956667.3994405]
[1616956666.7657104, 1616956667.3940897]
[1616956666.843785, 1616956667.546667]
[1616956666.976589, 1616956667.6080515]
[1616956667.0148678, 1616956667.6995938]
[1616956667.00337, 1616956667.6336012]
[1616956666.8066833, 1616956667.5324059]
[1616956667.150659, 1616956673.8384342]
[1616956667.2820761, 1616956667.939117]
[1616956667.2096064, 1616956667.907836]
[1616956667.2876813, 1616956668.4888346]
[1616956667.1653101, 1616956667.9101362]
[1616956667.4310849, 1616956669.82346]
[1616956667.3182063, 1616956668.1859941]
[1616956667.1574078, 1616956667.8121629]
[1616956667.3914747, 1616956668.0928948]
[1616956667.0459025, 1616956667.720814]
[1616956667.4629304, 1616956668.1283062]
[1616956667.6794014, 1616956668.8724365]
[1616956667.6616597, 1616956668.3149087]
[1616956667.7426224, 1616956668.3803334]
[1616956667.9685745, 1616956668.7053995]
[1616956667.864419, 1616956671.3549795]
[1616956667.6398273, 1616956668.2585943]
[1616956667.8677018, 1616956668.5395455]
[1616956667.9123962, 1616956668.618979]
[1616956667.8900836, 1616956669.5200105]
[1616956667.9484625, 1616956668.5728655]
[1616956667.9831185, 1616956668.643099]
[1616956668.0526934, 1616956668.7292757]
[1616956668.1340094, 1616956668.866905]
[1616956668.20232, 1616956670.057416]
[1616956668.367248, 1616956669.066348]
[1616956668.327493, 1616956669.0043232]
[1616956668.4926088, 1616956669.3976998]
[1616956668.5745504, 1616956669.2633288]
[1616956668.5484242, 1616956669.320922]
[1616956668.4970582, 1616956669.1677148]
[1616956668.5154696, 1616956669.483489]
[1616956668.546561, 1616956669.2056496]
[1616956668.6807783, 1616956669.3466249]
[1616956668.7557223, 1616956669.4083657]
[1616956668.82574, 1616956669.5048048]
[1616956668.6889164, 1616956670.1120903]
[1616956668.6853893, 1616956670.4547355]
[1616956668.763818, 1616956669.4431047]
[1616956668.8208, 1616956669.5079937]
[1616956668.9216268, 1616956669.5595279]
[1616956668.9810894, 1616956669.6781187]
[1616956669.1851792, 1616956669.8513436]
[1616956669.228, 1616956669.8728747]
[1616956669.2096539, 1616956669.8985944]
[1616956669.3332574, 1616956670.1931906]
[1616956669.3759189, 1616956670.0084145]
[1616956669.327704, 1616956669.9692464]
[1616956669.4479127, 1616956670.1321929]
[1616956669.3551204, 1616956670.0271137]
[1616956669.4932377, 1616956670.1618645]
[1616956669.552789, 1616956670.2236261]
[1616956669.4923143, 1616956670.2050636]
[1616956669.4999106, 1616956670.3188324]
[1616956669.710998, 1616956670.4544556]
[1616956669.7105598, 1616956670.377745]
[1616956669.6765273, 1616956670.3369808]
[1616956669.560011, 1616956670.2370443]
[1616956669.7540996, 1616956670.476899]
[1616956669.7643878, 1616956670.504143]
[1616956669.9460716, 1616956673.6693037]
[1616956669.8663304, 1616956670.5473454]
[1616956669.966076, 1616956670.619085]
[1616956669.9714012, 1616956673.2324917]
[1616956669.980287, 1616956670.6356182]
[1616956670.0885425, 1616956670.8262348]
[1616956670.3000052, 1616956670.9526484]
[1616956670.0146258, 1616956670.675808]
[1616956670.3003619, 1616956671.1148965]
[1616956670.1126826, 1616956671.7450893]
[1616956670.2620788, 1616956671.0387607]
[1616956670.56319, 1616956671.2688773]
[1616956670.2557924, 1616956670.9578733]
[1616956670.2804484, 1616956671.5969808]
[1616956670.5368783, 1616956671.2330472]
[1616956670.45422, 1616956671.1851175]
[1616956670.5829923, 1616956673.9733975]
[1616956670.6744182, 1616956671.5099542]
[1616956670.6715627, 1616956671.4070978]
[1616956670.6315007, 1616956671.2740743]
[1616956670.7049541, 1616956671.3348427]
[1616956670.8988097, 1616956672.62702]
[1616956670.8889673, 1616956671.545418]
[1616956671.0463088, 1616956671.8042734]
[1616956671.0030103, 1616956672.2103112]
[1616956670.9956121, 1616956671.6483705]
[1616956671.2663317, 1616956671.9397638]
[1616956671.077223, 1616956671.767825]
[1616956671.0456572, 1616956672.6641128]
[1616956671.212586, 1616956671.8594053]
[1616956670.8314564, 1616956671.5055337]
[1616956671.2242873, 1616956671.9051929]
[1616956671.2987134, 1616956671.9486842]
[1616956671.4017653, 1616956672.052276]
[1616956671.627729, 1616956673.1851952]
[1616956671.4009373, 1616956672.0655072]
[1616956671.6274664, 1616956672.2888389]
[1616956671.7339025, 1616956672.3731716]
[1616956671.5944867, 1616956672.2875454]
[1616956671.5607364, 1616956672.226795]
[1616956671.6859696, 1616956672.357522]
[1616956671.7058165, 1616956673.3877113]
[1616956671.810698, 1616956672.5225132]
[1616956671.7542791, 1616956672.4377394]
[1616956671.8832333, 1616956672.603261]
[1616956671.831841, 1616956672.5175154]
[1616956671.9798818, 1616956672.6255538]
[1616956672.1677845, 1616956672.8072283]
[1616956672.315265, 1616956673.5705216]
[1616956672.0799804, 1616956672.7931376]
[1616956672.3557515, 1616956673.8767364]
[1616956672.344046, 1616956673.0332592]
[1616956672.3547063, 1616956673.0567403]
[1616956672.3751342, 1616956673.0298414]
[1616956672.4907088, 1616956673.1714013]
[1616956672.26514, 1616956672.9708326]
[1616956672.520443, 1616956673.1947482]
[1616956672.5477765, 1616956673.2839682]
[1616956672.7069323, 1616956673.3693123]
[1616956672.6995053, 1616956673.4022064]
[1616956672.7276046, 1616956673.347817]
[1616956672.8126345, 1616956673.4589548]
[1616956672.7953615, 1616956673.4937665]
[1616956673.0623367, 1616956673.7217782]
[1616956673.005264, 1616956673.6825156]
[1616956672.8388212, 1616956673.5097337]
[1616956672.8745203, 1616956674.1786497]
[1616956672.9528284, 1616956673.5898662]
[1616956672.5711381, 1616956673.2845898]
[1616956672.964701, 1616956673.646699]
[1616956672.9773033, 1616956674.447705]
[1616956673.0886836, 1616956673.7593815]
[1616956673.3872225, 1616956674.0554407]
[1616956672.9806926, 1616956673.6398168]
[1616956673.5018249, 1616956674.214824]
[1616956673.1375225, 1616956673.80345]
[1616956673.1615388, 1616956674.5259187]
[1616956673.3656232, 1616956674.0076964]
[1616956673.5850687, 1616956676.0811093]
[1616956673.4648147, 1616956674.1534824]
[1616956673.571364, 1616956674.3279727]
[1616956673.5859175, 1616956680.0332632]
[1616956673.4416978, 1616956674.200486]
[1616956673.583262, 1616956674.2808409]
[1616956673.591643, 1616956674.4205108]
[1616956673.9938025, 1616956674.6739187]
[1616956673.9108028, 1616956674.562465]
[1616956673.9008255, 1616956674.582486]
[1616956673.9569218, 1616956674.624018]
[1616956673.935185, 1616956674.8842614]
[1616956673.9786255, 1616956674.902201]
[1616956673.8673396, 1616956678.4118822]
[1616956674.0589633, 1616956674.6776557]
[1616956674.3332858, 1616956675.076564]
[1616956674.1993291, 1616956674.9699001]
[1616956674.1282363, 1616956674.762718]
[1616956674.4240599, 1616956675.1238823]
[1616956674.4105337, 1616956675.1186352]
[1616956674.4223156, 1616956675.1583214]
[1616956674.481589, 1616956675.2040038]
[1616956674.5604808, 1616956675.26711]
[1616956674.662905, 1616956676.1455817]
[1616956674.5909321, 1616956675.2412522]
[1616956674.5266502, 1616956675.1936584]
[1616956674.485021, 1616956675.7933688]
[1616956674.6583867, 1616956676.319108]
[1616956674.707448, 1616956675.327823]
[1616956674.6570756, 1616956676.2706785]
[1616956674.6807222, 1616956676.6743317]
[1616956674.8224392, 1616956675.5013914]
[1616956674.8771348, 1616956675.5403187]
[1616956675.0311608, 1616956675.668489]
[1616956675.0139904, 1616956675.652772]
[1616956675.066685, 1616956675.72351]
[1616956675.2837975, 1616956676.4147515]
[1616956675.0574348, 1616956677.2843726]
[1616956674.979328, 1616956680.1452951]
[1616956675.1978648, 1616956677.1272614]
[1616956675.2588272, 1616956675.9752276]
[1616956675.2653716, 1616956676.0178654]
[1616956675.079577, 1616956675.7414296]
[1616956675.6362774, 1616956677.384835]
[1616956675.4645274, 1616956676.079972]
[1616956675.572834, 1616956676.2551603]
[1616956675.551909, 1616956676.213241]
[1616956675.780909, 1616956676.4553473]
[1616956675.6864135, 1616956676.3274922]
[1616956675.863775, 1616956676.4983954]
[1616956675.705021, 1616956676.344407]
[1616956675.6337097, 1616956676.3044362]
[1616956676.0898824, 1616956676.7354326]
[1616956675.8559244, 1616956676.6028867]
[1616956675.965759, 1616956676.6880102]
[1616956676.0679212, 1616956676.7395384]
[1616956675.9797878, 1616956677.2824645]
[1616956675.8766887, 1616956676.6093013]
[1616956675.9478145, 1616956676.670514]
[1616956676.0499053, 1616956677.2867732]
[1616956676.0421946, 1616956677.8876784]
[1616956676.3989265, 1616956677.0623763]
[1616956676.485557, 1616956677.1310105]
[1616956676.2424974, 1616956676.8913596]
[1616956676.3385863, 1616956676.9785895]
[1616956676.5046105, 1616956677.148967]
[1616956676.6372323, 1616956678.888503]
[1616956676.441886, 1616956677.1134403]
[1616956676.737865, 1616956677.4082983]
[1616956676.7649748, 1616956677.4058125]
[1616956676.851746, 1616956677.5632548]
[1616956676.6172833, 1616956677.3383927]
[1616956676.7873833, 1616956677.4722185]
[1616956676.7375803, 1616956677.4554918]
[1616956676.962711, 1616956677.6427224]
[1616956677.170421, 1616956677.8147125]
[1616956677.0654507, 1616956677.737856]
[1616956677.0634255, 1616956677.7306447]
[1616956677.1071615, 1616956677.7621012]
[1616956677.0191987, 1616956677.6699789]
[1616956676.986994, 1616956677.6462226]
[1616956677.177019, 1616956677.843043]
[1616956677.3832304, 1616956678.045826]
[1616956677.3820457, 1616956678.0687754]
[1616956677.3306146, 1616956677.9737585]
[1616956677.3465223, 1616956678.0485287]
[1616956677.4244385, 1616956678.137536]
[1616956677.2950978, 1616956677.954017]
[1616956677.5561054, 1616956678.2733781]
[1616956677.5034342, 1616956678.1589298]
[1616956677.606865, 1616956678.3726814]
[1616956677.7507305, 1616956678.3969018]
[1616956677.705863, 1616956678.8456917]
[1616956677.7569773, 1616956678.917521]
[1616956677.9062824, 1616956678.681244]
[1616956677.9992306, 1616956679.7159357]
[1616956677.8512464, 1616956678.932323]
[1616956677.9420621, 1616956678.5738008]
[1616956677.8816824, 1616956678.5388374]
[1616956677.8141227, 1616956678.4810815]
[1616956678.3438377, 1616956679.018047]
[1616956678.1435385, 1616956678.8189564]
[1616956678.3192348, 1616956678.9770343]
[1616956678.3970811, 1616956679.102563]
[1616956677.9977467, 1616956678.678335]
[1616956678.2505088, 1616956678.9202547]
[1616956678.4395783, 1616956679.0876145]
[1616956678.5413668, 1616956679.535854]
[1616956678.5994985, 1616956679.2544918]
[1616956678.5489688, 1616956679.7885406]
[1616956678.6198893, 1616956679.3116946]
[1616956678.5418746, 1616956679.2242372]
[1616956678.8122828, 1616956679.5051448]
[1616956678.724704, 1616956679.441216]
[1616956678.7091537, 1616956679.3559377]
[1616956679.0080395, 1616956679.668038]
[1616956678.9072142, 1616956680.1617785]
[1616956678.9158978, 1616956679.5533988]
[1616956679.0467432, 1616956679.7755868]
[1616956679.2482615, 1616956680.0937164]
[1616956679.302093, 1616956679.9815128]
[1616956678.7007537, 1616956679.5294864]
[1616956679.0716925, 1616956679.819738]
[1616956679.1410875, 1616956679.8822048]
[1616956679.359637, 1616956680.0300148]
[1616956679.2225263, 1616956679.8714657]
[1616956679.4367123, 1616956680.0883772]
[1616956679.4357536, 1616956680.4357965]
[1616956679.5272677, 1616956680.1837065]
[1616956679.232834, 1616956679.913522]
[1616956679.5689607, 1616956680.2498202]
[1616956679.5811245, 1616956680.2589626]
[1616956679.6263275, 1616956682.4402835]
[1616956679.724565, 1616956680.4295676]
[1616956679.689853, 1616956680.3486953]
[1616956679.7067196, 1616956680.42897]
[1616956679.7516327, 1616956680.429112]
[1616956679.9673333, 1616956680.5914214]
[1616956680.102712, 1616956680.7814734]
[1616956679.8468866, 1616956680.5482152]
[1616956680.1745455, 1616956681.1085134]
[1616956680.1135795, 1616956680.80454]
[1616956680.1385925, 1616956680.8026717]
[1616956680.2420318, 1616956680.8986568]
[1616956680.1069236, 1616956680.730353]
[1616956680.1044369, 1616956680.7292387]
[1616956680.128052, 1616956680.7605622]
[1616956680.319919, 1616956681.0075252]
[1616956680.2559516, 1616956680.9033237]
[1616956680.505445, 1616956681.2246187]
[1616956680.502083, 1616956681.1749787]
[1616956680.3470886, 1616956681.909345]
[1616956680.4716635, 1616956681.1274006]
[1616956680.650085, 1616956681.3542564]
[1616956680.7209833, 1616956681.3826902]
[1616956680.566706, 1616956681.2636454]
[1616956680.7162707, 1616956681.4065754]
[1616956680.6250882, 1616956681.2902665]
[1616956680.7855175, 1616956681.468949]
[1616956680.7921846, 1616956681.51875]
[1616956680.860482, 1616956681.571665]
[1616956680.9428935, 1616956681.5920317]
[1616956680.9926322, 1616956681.7053306]
[1616956681.0927887, 1616956681.788068]
[1616956681.1881106, 1616956681.8456328]
[1616956681.0637698, 1616956681.75225]
[1616956681.0450826, 1616956681.7322211]
[1616956681.2440388, 1616956681.9409242]
[1616956681.3432343, 1616956682.0257306]
[1616956681.2606544, 1616956681.983489]
[1616956681.3772776, 1616956682.079705]
[1616956681.518746, 1616956683.1304798]
[1616956681.692277, 1616956682.3350358]
[1616956681.5369267, 1616956682.3234725]
[1616956681.5530202, 1616956682.2093313]
[1616956681.5942733, 1616956682.383603]
[1616956681.7910979, 1616956682.4336202]
[1616956681.7327225, 1616956684.8546083]
[1616956681.3683555, 1616956682.0593042]
[1616956682.0983872, 1616956682.7694213]
[1616956681.880292, 1616956682.5319417]
[1616956682.057219, 1616956682.7263596]
[1616956681.8288548, 1616956682.5969768]
[1616956681.98904, 1616956683.9879496]
[1616956682.0553935, 1616956682.6769896]
[1616956681.9568994, 1616956683.4671748]
[1616956682.0643902, 1616956682.7699242]
[1616956682.2119706, 1616956682.9074457]
[1616956682.311393, 1616956682.9377997]
[1616956682.3379653, 1616956683.1192153]
[1616956682.331138, 1616956683.0341344]
[1616956682.280198, 1616956682.9393866]
[1616956682.6508453, 1616956683.3845167]
[1616956682.784825, 1616956683.501058]
[1616956682.6339326, 1616956683.2870026]
[1616956682.4835627, 1616956683.1297867]
[1616956682.659648, 1616956683.3538287]
[1616956682.6965196, 1616956683.3840995]
[1616956682.8730938, 1616956683.4993868]
[1616956682.8495116, 1616956683.595557]
[1616956682.7496188, 1616956683.423556]
[1616956682.831362, 1616956683.5574772]
[1616956682.8109345, 1616956684.1125393]
[1616956682.9156814, 1616956683.766209]
[1616956682.982853, 1616956683.7065434]
[1616956682.9569662, 1616956684.4318533]
[1616956682.9116797, 1616956683.695748]
[1616956683.2411592, 1616956683.8740578]
[1616956682.975318, 1616956683.6025906]
[1616956683.2828538, 1616956684.648523]
[1616956683.3368633, 1616956683.9918327]
[1616956683.2917206, 1616956683.9917715]
[1616956683.22063, 1616956684.0644767]
[1616956683.522034, 1616956684.1995203]
[1616956683.705062, 1616956684.4016862]
[1616956683.8176284, 1616956684.6796143]
[1616956683.5274365, 1616956684.2077546]
[1616956683.599141, 1616956684.3116963]
[1616956683.6715496, 1616956684.3063197]
[1616956683.8039043, 1616956684.4739351]
[1616956683.8117115, 1616956684.5169928]
[1616956683.771656, 1616956689.0835674]
[1616956683.9613526, 1616956684.6347358]
[1616956683.944617, 1616956684.6388183]
[1616956683.7695804, 1616956684.4202507]
[1616956684.0399945, 1616956684.7125254]
[1616956684.0448008, 1616956685.386483]
[1616956684.1511345, 1616956684.8296993]
[1616956684.3915634, 1616956685.11628]
[1616956684.2481928, 1616956684.9409714]
[1616956684.1454666, 1616956684.8366761]
[1616956684.1967568, 1616956687.0803816]
[1616956684.22967, 1616956685.1154099]
[1616956684.2878215, 1616956684.9622164]
[1616956684.3983235, 1616956685.0697901]
[1616956684.5325644, 1616956685.238895]
[1616956684.4782927, 1616956685.182218]
[1616956684.5078254, 1616956685.193148]
[1616956684.6180935, 1616956685.2913861]
[1616956684.7121036, 1616956685.3716967]
[1616956684.9648023, 1616956685.5982454]
[1616956684.7334673, 1616956685.4316084]
[1616956684.8854516, 1616956685.5611513]
[1616956684.7950325, 1616956685.4692276]
[1616956684.835051, 1616956685.4656394]
[1616956684.9749153, 1616956685.6310596]
[1616956685.0620441, 1616956685.6981306]
[1616956685.2903404, 1616956685.9758527]
[1616956684.9620728, 1616956686.4910705]
[1616956685.057712, 1616956685.7806969]
[1616956685.2667718, 1616956685.944919]
[1616956685.2603269, 1616956686.2415729]
[1616956685.3211348, 1616956685.9912806]
[1616956685.3273354, 1616956686.0252357]
[1616956685.3789165, 1616956686.0936692]
[1616956685.466239, 1616956686.1620321]
[1616956685.5053596, 1616956687.8378873]
[1616956685.5656056, 1616956686.2091634]
[1616956685.5890656, 1616956686.2863388]
[1616956685.6223788, 1616956686.278739]
[1616956685.6940506, 1616956686.3765662]
[1616956685.530616, 1616956686.1607451]
[1616956685.6494663, 1616956686.3833997]
[1616956685.8710504, 1616956686.6641262]
[1616956686.0098066, 1616956687.6288598]
[1616956686.1035955, 1616956686.7361977]
[1616956686.2370539, 1616956686.8893461]
[1616956686.237766, 1616956686.8880975]
[1616956686.128215, 1616956686.776499]
[1616956686.1086802, 1616956686.771693]
[1616956686.0647972, 1616956687.7076828]
[1616956686.1897724, 1616956686.9029787]
[1616956686.1950128, 1616956687.768995]
[1616956686.2493138, 1616956687.7978377]
[1616956686.332076, 1616956686.9868073]
[1616956686.4784424, 1616956687.167308]
[1616956686.276299, 1616956686.9007487]
[1616956686.4621696, 1616956687.1166437]
[1616956686.5163352, 1616956687.225218]
[1616956686.572766, 1616956687.255526]
[1616956686.6513567, 1616956687.385207]
[1616956686.7995968, 1616956687.4883845]
[1616956686.7605128, 1616956687.4593217]
[1616956686.857485, 1616956687.5506864]
[1616956686.7243314, 1616956687.3910866]
[1616956686.7070396, 1616956688.5226722]
[1616956686.820183, 1616956687.4853022]
[1616956686.8964288, 1616956687.5543501]
[1616956686.8304074, 1616956687.5514207]
[1616956687.2285497, 1616956687.9173822]
[1616956686.9786649, 1616956687.6754615]
[1616956687.0837889, 1616956701.6583157]
[1616956687.1333718, 1616956687.8068469]
[1616956687.285748, 1616956687.9215908]
[1616956687.2147853, 1616956687.8970053]
[1616956687.3108988, 1616956688.059394]
[1616956687.3982353, 1616956688.0519838]
[1616956687.406523, 1616956688.138827]
[1616956687.5335488, 1616956688.279236]
[1616956687.7167118, 1616956688.3642697]
[1616956687.5154681, 1616956688.1636727]
[1616956687.662721, 1616956688.3220708]
[1616956687.7173595, 1616956688.4369793]
[1616956687.7742405, 1616956688.4407928]
[1616956687.716995, 1616956688.369171]
[1616956687.8984315, 1616956689.9111438]
[1616956687.7933874, 1616956694.919893]
[1616956687.8045323, 1616956688.8023016]
[1616956687.811239, 1616956688.4485903]
[1616956687.9058368, 1616956688.580909]
[1616956687.944204, 1616956688.5896947]
[1616956688.0321267, 1616956688.6831317]
[1616956688.0163028, 1616956688.8112607]
[1616956687.9835796, 1616956689.2768104]
[1616956688.2153025, 1616956688.8797588]
[1616956688.4622774, 1616956689.087809]
[1616956688.5086677, 1616956689.2199457]
[1616956688.5500348, 1616956689.244663]
[1616956688.3355694, 1616956688.9762669]
[1616956688.4528465, 1616956690.0636518]
[1616956688.5425444, 1616956689.934645]
[1616956688.6838942, 1616956689.3425028]
[1616956688.480224, 1616956689.1519036]
[1616956688.7383258, 1616956689.9575539]
[1616956688.7251654, 1616956689.37763]
[1616956688.7288709, 1616956689.3732536]
[1616956688.8260512, 1616956689.6366613]
[1616956688.855809, 1616956689.596995]
[1616956688.946254, 1616956689.5953412]
[1616956688.9642038, 1616956689.667186]
[1616956689.03998, 1616956689.6896465]
[1616956689.1394916, 1616956689.8327098]
[1616956689.2967632, 1616956692.5918841]
[1616956689.118686, 1616956690.8770726]
[1616956689.11178, 1616956693.3316596]
[1616956689.165723, 1616956689.8360481]
[1616956689.3648973, 1616956690.0002096]
[1616956689.6077332, 1616956690.2399993]
[1616956689.301977, 1616956689.9469478]
[1616956689.4120765, 1616956690.1183884]
[1616956689.326118, 1616956690.6960769]
[1616956689.4899364, 1616956690.1505334]
[1616956689.8213594, 1616956690.9382]
[1616956689.7592554, 1616956690.444718]
[1616956689.599529, 1616956690.2655349]
[1616956689.6749947, 1616956692.1567094]
[1616956689.8881066, 1616956690.5522192]
[1616956689.79484, 1616956690.4338434]
[1616956689.9489813, 1616956691.405646]
[1616956689.7306824, 1616956690.4045641]
[1616956689.7766833, 1616956690.5401807]
[1616956690.0769472, 1616956691.7320223]
[1616956690.0988896, 1616956690.8185558]
[1616956690.1053953, 1616956690.7430336]
[1616956690.219914, 1616956690.9673474]
[1616956690.3619816, 1616956691.0335584]
[1616956690.1819985, 1616956690.8186483]
[1616956690.2737994, 1616956690.9378362]
[1616956690.396697, 1616956691.0591636]
[1616956690.4428096, 1616956691.0590422]
[1616956690.6859024, 1616956691.3349795]
[1616956690.363921, 1616956690.9943657]
[1616956690.5303528, 1616956691.4345741]
[1616956690.536882, 1616956692.879819]
[1616956690.6360722, 1616956692.2928064]
[1616956690.7566803, 1616956691.4106972]
[1616956690.732155, 1616956691.3775022]
[1616956690.7560968, 1616956693.4732962]
[1616956690.600081, 1616956691.3323405]
[1616956691.018982, 1616956691.6904247]
[1616956690.7472205, 1616956691.45923]
[1616956691.0636873, 1616956691.785649]
[1616956691.0917573, 1616956691.8623524]
[1616956691.1182415, 1616956691.784042]
[1616956691.250062, 1616956691.9506354]
[1616956691.253, 1616956691.8901052]
[1616956691.2253008, 1616956692.4292426]
[1616956691.216046, 1616956697.5413487]
[1616956691.1588502, 1616956691.873936]
[1616956691.2684124, 1616956691.9965315]
[1616956691.2524672, 1616956691.8897622]
[1616956691.3794358, 1616956692.1014416]
[1616956691.6940763, 1616956692.4200525]
[1616956691.470329, 1616956692.1007216]
[1616956691.6334152, 1616956692.2664132]
[1616956691.5994942, 1616956692.8580358]
[1616956691.3970704, 1616956692.0707498]
[1616956691.5363476, 1616956692.2246487]
[1616956691.5844903, 1616956692.3495018]
[1616956691.5792062, 1616956692.254748]
[1616956691.854746, 1616956693.6923692]
[1616956692.0251524, 1616956693.1560738]
[1616956691.9720683, 1616956692.6141706]
[1616956692.130717, 1616956693.0368555]
[1616956692.0316296, 1616956692.7819016]
[1616956692.1717865, 1616956693.107591]
[1616956692.0168862, 1616956692.686167]
[1616956692.1398873, 1616956692.781885]
[1616956692.1209462, 1616956692.7375998]
[1616956692.2114804, 1616956692.850951]
[1616956692.4095016, 1616956693.061022]
[1616956692.2456598, 1616956692.9884744]
[1616956692.5324326, 1616956694.0014613]
[1616956692.530034, 1616956693.1817582]
[1616956692.3710191, 1616956693.6095676]
[1616956692.649083, 1616956693.3043082]
[1616956692.5635343, 1616956693.2482612]
[1616956692.6026392, 1616956693.5850976]
[1616956692.8906605, 1616956693.5411549]
[1616956692.8115015, 1616956694.5789042]
[1616956692.7506516, 1616956693.3809156]
[1616956692.7693143, 1616956694.3162467]
[1616956693.0652034, 1616956693.8055935]
[1616956693.1094737, 1616956693.8134732]
[1616956692.9545016, 1616956693.65019]
[1616956692.8736758, 1616956693.5891163]
[1616956693.1898189, 1616956693.8571808]
[1616956693.194889, 1616956693.8968637]
[1616956693.0696628, 1616956693.8119442]
[1616956693.3650956, 1616956694.016761]
[1616956693.2215033, 1616956693.9599645]
[1616956693.4255245, 1616956694.0553327]
[1616956693.5584517, 1616956694.576835]
[1616956693.2697926, 1616956693.9174802]
[1616956693.4900048, 1616956694.1514313]
[1616956693.5225887, 1616956694.1738622]
[1616956693.5828202, 1616956694.2419846]
[1616956693.6201227, 1616956694.3402717]
[1616956693.680122, 1616956694.3095152]
[1616956693.6891212, 1616956694.3423688]
[1616956693.7190964, 1616956694.4051936]
[1616956693.7378693, 1616956695.2417884]
[1616956693.8304045, 1616956694.7693672]
[1616956693.8990147, 1616956694.5252283]
[1616956693.7763722, 1616956694.4408603]
[1616956693.94418, 1616956694.620975]
[1616956694.3071349, 1616956695.0610075]
[1616956694.1499264, 1616956694.827439]
[1616956694.1702118, 1616956694.830906]
[1616956694.2137167, 1616956694.8718135]
[1616956694.1766067, 1616956694.8641415]
[1616956694.1325712, 1616956694.7707605]
[1616956694.291392, 1616956694.9403634]
[1616956694.1370194, 1616956695.1610148]
[1616956694.342916, 1616956695.067745]
[1616956694.4413908, 1616956695.0905414]
[1616956694.6173794, 1616956695.331616]
[1616956694.4643013, 1616956695.1100125]
[1616956694.4382567, 1616956695.0651321]
[1616956694.6584222, 1616956695.2989368]
[1616956694.8704236, 1616956695.5603905]
[1616956694.638565, 1616956695.3408322]
[1616956694.8957627, 1616956696.8324816]
[1616956694.6048303, 1616956695.2646608]
[1616956694.9875865, 1616956695.6332595]
[1616956694.9866047, 1616956695.7391472]
[1616956695.2107708, 1616956695.9154246]
[1616956694.9481466, 1616956695.647728]
[1616956695.2676368, 1616956696.9495966]
[1616956695.0869572, 1616956695.8053641]
[1616956695.3070674, 1616956695.9228408]
[1616956695.3806913, 1616956696.0422657]
[1616956695.4602644, 1616956696.1895697]
[1616956695.4509134, 1616956696.1354644]
[1616956695.3623655, 1616956696.442808]
[1616956695.4948058, 1616956696.1663022]
[1616956695.53019, 1616956696.2219958]
[1616956695.3696663, 1616956696.134924]
[1616956695.6006944, 1616956696.328599]
[1616956695.5726564, 1616956696.2587109]
[1616956695.7230926, 1616956696.3939102]
[1616956695.726314, 1616956696.3516273]
[1616956695.8390708, 1616956696.926903]
[1616956695.8803885, 1616956696.6637971]
[1616956695.9736025, 1616956696.6156824]
[1616956696.0385125, 1616956696.7626772]
[1616956695.9185228, 1616956696.5894597]
[1616956696.0365243, 1616956698.9021766]
[1616956696.1410387, 1616956696.8285148]
[1616956696.0229044, 1616956696.7528346]
[1616956695.9913552, 1616956696.6978147]
[1616956695.9166522, 1616956697.5646982]
[1616956696.1841056, 1616956696.8026786]
[1616956696.4786477, 1616956697.1239936]
[1616956696.3566623, 1616956697.0674415]
[1616956696.295194, 1616956697.29306]
[1616956696.459538, 1616956698.1838467]
[1616956696.4533806, 1616956697.30999]
[1616956696.6273158, 1616956697.2371757]
[1616956696.2901967, 1616956696.9297032]
[1616956696.5365558, 1616956697.1582723]
[1616956696.5599504, 1616956697.6090293]
[1616956696.7491302, 1616956697.3827317]
[1616956696.679759, 1616956697.4946978]
[1616956696.8276074, 1616956697.4997246]
[1616956697.0749557, 1616956697.7110205]
[1616956696.8011498, 1616956697.5644338]
[1616956696.6888978, 1616956697.5409083]
[1616956696.956506, 1616956700.169182]
[1616956696.9485106, 1616956697.5936975]
[1616956696.9538593, 1616956697.5821893]
[1616956697.1548564, 1616956697.816895]
[1616956697.1112723, 1616956698.414492]
[1616956697.074751, 1616956697.760457]
[1616956697.2638566, 1616956697.894]
[1616956697.3798738, 1616956699.9522982]
[1616956697.5008292, 1616956698.2861352]
[1616956697.2548976, 1616956698.4730809]
[1616956697.3658884, 1616956697.9972675]
[1616956697.4766526, 1616956698.1460817]
[1616956697.538811, 1616956698.2185664]
[1616956697.3533692, 1616956698.0023673]
[1616956697.5703177, 1616956698.417535]
[1616956697.7480443, 1616956698.4486449]
[1616956697.821552, 1616956698.7627707]
[1616956697.8799891, 1616956698.538518]
[1616956697.782025, 1616956698.4673734]
[1616956697.619966, 1616956698.2857928]
[1616956697.8546982, 1616956698.4871557]
[1616956697.9036036, 1616956698.5697417]
[1616956697.9229116, 1616956698.6276863]
[1616956698.0056953, 1616956698.6267126]
[1616956697.8623405, 1616956698.5525262]
[1616956697.9998708, 1616956698.7073972]
[1616956698.1250186, 1616956699.5676236]
[1616956697.878294, 1616956698.6231203]
[1616956697.986631, 1616956698.667246]
[1616956698.3138645, 1616956699.1015267]
[1616956698.1815166, 1616956698.8570905]
[1616956698.209797, 1616956698.949359]
[1616956698.4713411, 1616956699.1297367]
[1616956698.3422217, 1616956698.9864192]
[1616956698.544996, 1616956699.2326837]
[1616956698.455553, 1616956699.0988054]
[1616956698.4993854, 1616956699.1445434]
[1616956698.5226133, 1616956700.0192454]
[1616956698.6231048, 1616956700.051175]
[1616956698.7552946, 1616956699.4278471]
[1616956698.8649983, 1616956699.53808]
[1616956698.623045, 1616956699.273164]
[1616956698.7549722, 1616956699.5013897]
[1616956698.92607, 1616956699.7295697]
[1616956698.8813112, 1616956699.6144602]
[1616956698.928906, 1616956703.0121248]
[1616956699.001889, 1616956699.7689404]
[1616956699.0729322, 1616956699.7282493]
[1616956699.1773353, 1616956699.8112738]
[1616956699.2002525, 1616956699.9732656]
[1616956699.3273132, 1616956699.9723155]
[1616956699.2387736, 1616956700.322642]
[1616956699.4305835, 1616956700.0865796]
[1616956699.5544746, 1616956700.1858752]
[1616956699.3522542, 1616956700.7031996]
[1616956699.4794912, 1616956700.1688302]
[1616956699.6009374, 1616956700.4320347]
[1616956699.4324539, 1616956700.0853133]
[1616956699.5812223, 1616956700.269422]
[1616956699.467456, 1616956700.1377034]
[1616956699.6200893, 1616956700.3236566]
[1616956699.542453, 1616956700.273995]
[1616956699.7275555, 1616956700.3603551]
[1616956699.7578437, 1616956700.400695]
[1616956699.8574085, 1616956700.5396247]
[1616956699.9340284, 1616956700.6674125]
[1616956700.041045, 1616956700.6675835]
[1616956699.9954343, 1616956700.6485791]
[1616956700.1372972, 1616956700.8086405]
[1616956700.073921, 1616956700.8907325]
[1616956700.062749, 1616956700.7156935]
[1616956700.2163255, 1616956700.8848622]
[1616956700.1463063, 1616956700.836015]
[1616956700.320073, 1616956701.0537705]
[1616956700.1816764, 1616956701.7986217]
[1616956700.4585145, 1616956701.1601877]
[1616956700.6748815, 1616956701.2871547]
[1616956700.5319848, 1616956701.169753]
[1616956700.478259, 1616956701.1340551]
[1616956700.7056844, 1616956701.3652568]
[1616956700.784086, 1616956701.4980304]
[1616956700.6935735, 1616956701.3986018]
[1616956700.6636727, 1616956701.3241436]
[1616956700.8068337, 1616956701.5689132]
[1616956700.8608909, 1616956701.5387244]
[1616956700.9285495, 1616956701.5627842]
[1616956700.9903781, 1616956701.6458092]
[1616956700.8162568, 1616956701.467859]
[1616956700.7792156, 1616956701.443808]
[1616956700.782353, 1616956701.4360743]
[1616956701.1598532, 1616956701.8001645]
[1616956701.1596448, 1616956701.8677747]
[1616956701.2608435, 1616956701.912993]
[1616956701.4733565, 1616956702.6136596]
[1616956701.3738775, 1616956702.0234466]
[1616956701.3961477, 1616956702.060181]
[1616956701.4818916, 1616956702.0937123]
[1616956701.4806342, 1616956702.1387126]
[1616956701.4711385, 1616956702.1207552]
[1616956701.5626109, 1616956702.2217467]
[1616956701.4361117, 1616956703.9442043]
[1616956701.6265366, 1616956702.2528298]
[1616956701.6809216, 1616956702.3896148]
[1616956701.5855105, 1616956702.3174772]
[1616956701.857076, 1616956702.5183296]
[1616956701.8780677, 1616956702.5350816]
[1616956702.0222201, 1616956702.6544683]
[1616956701.9323437, 1616956702.586544]
[1616956701.908081, 1616956702.5752568]
[1616956702.205568, 1616956702.876159]
[1616956702.2785547, 1616956702.9371192]
[1616956702.1474397, 1616956702.7947183]
[1616956702.0610209, 1616956702.7148519]
[1616956702.119311, 1616956702.7611828]
[1616956702.383007, 1616956703.0581245]
[1616956702.398706, 1616956703.153313]
[1616956702.4060545, 1616956703.0676942]
[1616956702.354467, 1616956703.0540693]
[1616956702.57935, 1616956703.2279165]
[1616956702.5309587, 1616956703.5530832]
[1616956702.611361, 1616956703.242061]
[1616956702.5264068, 1616956703.19464]
[1616956702.620557, 1616956703.3532267]
[1616956702.5636456, 1616956703.1945083]
[1616956702.7059798, 1616956703.4135673]
[1616956702.7595127, 1616956703.4769313]
[1616956702.7440712, 1616956703.6007068]
[1616956702.788033, 1616956703.4272983]
[1616956703.1166706, 1616956703.8274796]
[1616956703.1033638, 1616956706.2333632]
[1616956703.2071648, 1616956703.880638]
[1616956703.0947144, 1616956703.7493713]
[1616956702.9578671, 1616956703.5984495]
[1616956703.2071362, 1616956703.8802369]
[1616956703.2428534, 1616956703.9181318]
[1616956703.2650542, 1616956703.9042895]
[1616956703.3992426, 1616956704.04317]
[1616956703.4476154, 1616956704.072754]
[1616956703.5751178, 1616956704.247029]
[1616956703.7087705, 1616956704.3487341]
[1616956703.6511815, 1616956704.293037]
[1616956703.5848277, 1616956704.3064282]
[1616956703.7736647, 1616956705.1215513]
[1616956703.4962225, 1616956704.1232502]
[1616956704.0785437, 1616956704.7104151]
[1616956703.7880523, 1616956704.4381032]
[1616956703.8389463, 1616956704.537388]
[1616956703.5938573, 1616956704.8668299]
[1616956703.8211927, 1616956704.5833502]
[1616956703.746613, 1616956706.4674537]
[1616956703.8549533, 1616956704.5771596]
[1616956703.929856, 1616956704.5872235]
[1616956704.1671948, 1616956704.7935584]
[1616956704.3190424, 1616956705.1116674]
[1616956704.1244354, 1616956704.7863724]
[1616956704.3757448, 1616956705.570516]
[1616956704.200563, 1616956704.8959439]
[1616956704.3733265, 1616956705.0681133]
[1616956704.3902164, 1616956705.0631666]
[1616956704.446322, 1616956705.1517663]
[1616956704.3676856, 1616956705.0374484]
[1616956704.33654, 1616956705.0085304]
[1616956704.4127307, 1616956705.649731]
[1616956704.8033352, 1616956705.9608567]
[1616956704.574008, 1616956705.213171]
[1616956704.7142196, 1616956705.407422]
[1616956704.6848512, 1616956706.2063951]
[1616956704.866135, 1616956705.5710342]
[1616956704.5902762, 1616956705.2467215]
[1616956704.7314715, 1616956705.3780816]
[1616956705.0917478, 1616956705.7894378]
[1616956704.8205788, 1616956705.4495845]
[1616956705.0461347, 1616956705.7167382]
[1616956705.1059422, 1616956705.73662]
[1616956705.3032913, 1616956705.976701]
[1616956705.2520185, 1616956705.9095416]
[1616956705.3104336, 1616956705.9834263]
[1616956705.6422303, 1616956706.3326027]
[1616956705.2620678, 1616956705.9630136]
[1616956705.3945475, 1616956706.0319512]
[1616956705.2703388, 1616956705.9082878]
[1616956705.4781146, 1616956706.1359925]
[1616956705.4080312, 1616956706.0601566]
[1616956705.7417777, 1616956706.41728]
[1616956705.6923277, 1616956707.037398]
[1616956706.010067, 1616956706.719816]
[1616956705.899777, 1616956707.4433937]
[1616956706.0297832, 1616956707.1423724]
[1616956705.8792949, 1616956706.5836697]
[1616956706.1186624, 1616956706.7357614]
[1616956706.0469732, 1616956706.688808]
[1616956705.9768145, 1616956706.6258013]
[1616956706.155204, 1616956706.8073058]
[1616956705.8970544, 1616956706.8887572]
[1616956706.2418337, 1616956706.9101596]
[1616956706.062678, 1616956708.8618684]
[1616956706.1614769, 1616956706.8101792]
[1616956706.2262597, 1616956706.9380078]
[1616956706.3677814, 1616956707.1156378]
[1616956706.2616546, 1616956707.715421]
[1616956706.155509, 1616956706.782987]
[1616956706.283737, 1616956706.9365299]
[1616956706.6038637, 1616956707.3420448]
[1616956706.4723573, 1616956707.2318916]
[1616956706.6426477, 1616956707.3045864]
[1616956706.629885, 1616956707.3421676]
[1616956706.7813997, 1616956707.4054828]
[1616956706.9202662, 1616956707.5722027]
[1616956706.8082483, 1616956707.468819]
[1616956706.7822547, 1616956708.391493]
[1616956706.4266708, 1616956707.42799]
[1616956706.9644976, 1616956707.6420143]
[1616956706.8360474, 1616956707.4918067]
[1616956706.9617167, 1616956707.638019]
[1616956707.0221884, 1616956707.7176323]
[1616956706.8591864, 1616956707.783393]
[1616956707.324256, 1616956707.963922]
[1616956707.1736128, 1616956707.8125262]
[1616956707.2418687, 1616956708.8271282]
[1616956707.3220134, 1616956707.9776042]
[1616956707.2746692, 1616956707.9151092]
[1616956707.5665896, 1616956708.2687922]
[1616956707.410016, 1616956708.0524464]
[1616956707.3595624, 1616956708.0322542]
[1616956707.2839718, 1616956707.9680924]
[1616956707.3718247, 1616956708.100446]
[1616956707.662496, 1616956708.3293996]
[1616956707.510608, 1616956708.1967926]
[1616956707.5747266, 1616956708.2592392]
[1616956707.786197, 1616956708.4509246]
[1616956707.8870156, 1616956708.544832]
[1616956707.561551, 1616956708.1949737]
[1616956707.9256709, 1616956708.568569]
[1616956707.8745294, 1616956708.4979916]
[1616956708.0343993, 1616956709.4502628]
[1616956708.0463567, 1616956708.8059387]
[1616956708.037372, 1616956708.7374852]
[1616956708.4239814, 1616956709.7606382]
[1616956707.9332967, 1616956708.5704324]
[1616956708.270993, 1616956708.9326053]
[1616956708.145534, 1616956708.925535]
[1616956708.5092828, 1616956709.1412766]
[1616956708.207281, 1616956708.880405]
[1616956708.3209593, 1616956708.9898622]
[1616956708.3625624, 1616956709.0811446]
[1616956708.3301458, 1616956708.9609573]
[1616956708.4225955, 1616956710.002538]
[1616956708.7295272, 1616956709.4100523]
[1616956708.609314, 1616956709.2413032]
[1616956708.3866746, 1616956709.0289462]
[1616956708.5890074, 1616956709.2107148]
[1616956708.722209, 1616956709.3692546]
[1616956708.8400855, 1616956709.6268616]
[1616956708.9951851, 1616956709.6411855]
[1616956708.8711653, 1616956710.1741648]
[1616956708.8922186, 1616956710.5708778]
[1616956709.1152713, 1616956709.7951784]
[1616956709.0027275, 1616956709.6703384]
[1616956708.961185, 1616956709.6402168]
[1616956708.8919713, 1616956709.5694983]
[1616956709.0657625, 1616956710.178507]
[1616956709.1014197, 1616956709.727607]
[1616956709.1965535, 1616956709.8700218]
[1616956709.4922378, 1616956710.1614447]
[1616956709.2911112, 1616956709.9119976]
[1616956709.3865292, 1616956710.0572593]
[1616956709.3661416, 1616956710.005359]
[1616956709.5709424, 1616956710.2477813]
[1616956709.4125838, 1616956710.1042278]
[1616956709.4944546, 1616956712.6517222]
[1616956709.4853666, 1616956710.1608298]
[1616956709.6460674, 1616956710.295522]
[1616956709.7903738, 1616956710.454333]
[1616956709.7027457, 1616956710.3725836]
[1616956709.6694129, 1616956710.332979]
[1616956709.7670193, 1616956710.4384084]
[1616956709.7263186, 1616956710.4909952]
[1616956709.7542586, 1616956710.4420066]
[1616956709.8582115, 1616956710.5219948]
[1616956709.9209409, 1616956715.6671908]
[1616956709.8941777, 1616956710.520684]
[1616956709.965499, 1616956710.6164773]
[1616956710.0450249, 1616956710.734844]
[1616956710.0457067, 1616956712.717884]
[1616956710.0663207, 1616956710.7803993]
[1616956709.9758966, 1616956710.712474]
[1616956710.2871687, 1616956713.9731398]
[1616956710.2192273, 1616956710.8754492]
[1616956710.1253808, 1616956710.811703]
[1616956710.2409976, 1616956710.8986394]
[1616956710.3422513, 1616956711.0031137]
[1616956710.4059422, 1616956711.0671027]
[1616956710.3610592, 1616956711.002018]
[1616956710.4760003, 1616956711.975352]
[1616956710.457339, 1616956711.1453626]
[1616956710.6095247, 1616956711.249298]
[1616956710.650204, 1616956711.281591]
[1616956710.3784502, 1616956711.0480793]
[1616956710.5503678, 1616956711.1912773]
[1616956710.7770727, 1616956716.2509038]
[1616956710.7730055, 1616956711.4045675]
[1616956710.7062814, 1616956718.2517996]
[1616956710.80924, 1616956711.5252151]
[1616956710.7940187, 1616956711.4964561]
[1616956710.8513587, 1616956711.526781]
[1616956710.9598863, 1616956711.5961924]
[1616956710.8478816, 1616956711.5270534]
[1616956711.0299811, 1616956712.5671089]
[1616956710.891837, 1616956711.5671895]
[1616956711.1056473, 1616956711.7591243]
[1616956710.9881966, 1616956711.6870928]
[1616956711.018522, 1616956711.6653087]
[1616956711.0497832, 1616956711.723327]
[1616956711.103624, 1616956711.7591562]
[1616956711.2506948, 1616956711.9303756]
[1616956711.2029843, 1616956711.899023]
[1616956711.2786522, 1616956714.2332292]
[1616956711.329963, 1616956711.9558058]
[1616956711.3942273, 1616956712.4311619]
[1616956711.2644167, 1616956711.913267]
[1616956711.5099673, 1616956722.2401]
[1616956711.5461748, 1616956712.1826162]
[1616956711.558557, 1616956714.4953766]
[1616956711.4493093, 1616956712.0923615]
[1616956711.573885, 1616956712.2121933]
[1616956711.5320752, 1616956712.5634472]
[1616956711.5372539, 1616956721.7805212]
[1616956711.5981796, 1616956712.7354026]
[1616956711.6124136, 1616956712.2434971]
[1616956711.799094, 1616956712.4728434]
[1616956711.820602, 1616956712.472902]
[1616956711.5585203, 1616956712.2011507]
[1616956711.6895025, 1616956712.3423238]
[1616956711.662469, 1616956712.3193269]
[1616956711.78956, 1616956712.4709282]
[1616956711.8957756, 1616956712.534827]
[1616956711.7265031, 1616956712.453247]
[1616956711.9834273, 1616956715.4267795]
[1616956711.80874, 1616956713.2373765]
[1616956712.038444, 1616956712.7569373]
[1616956711.884791, 1616956712.5272799]
[1616956711.9450035, 1616956712.5894754]
[1616956711.9185538, 1616956712.9090042]
[1616956712.030315, 1616956712.737804]
[1616956711.993173, 1616956712.6171577]
[1616956712.1448154, 1616956715.0873547]
[1616956712.0265481, 1616956712.6660194]
[1616956712.0861058, 1616956712.756666]
[1616956712.2191172, 1616956712.8783455]
[1616956712.2039683, 1616956712.8904474]
[1616956712.1991541, 1616956713.761082]
[1616956712.2422717, 1616956713.564347]
[1616956712.2653024, 1616956712.9174893]
[1616956712.3422139, 1616956713.686121]
[1616956712.138368, 1616956712.803109]
[1616956712.137388, 1616956713.4208658]
[1616956712.4164083, 1616956713.1082027]
[1616956712.5052807, 1616956713.1374366]
[1616956712.5923147, 1616956713.2281766]
[1616956712.4487228, 1616956715.9800158]
[1616956712.4350178, 1616956713.0662189]
[1616956712.5056207, 1616956715.9335022]
[1616956712.4555597, 1616956716.1237545]
[1616956712.4816089, 1616956713.1393874]
[1616956712.5653765, 1616956713.2969446]
[1616956712.4345958, 1616956713.1203842]
[1616956712.6432536, 1616956713.2671068]
[1616956712.5566964, 1616956713.1920767]
[1616956712.568961, 1616956713.2660322]
[1616956712.4806917, 1616956713.4903288]
[1616956712.595484, 1616956713.231221]
[1616956712.7993457, 1616956719.3717384]
[1616956712.7646165, 1616956713.4364996]
[1616956712.6939945, 1616956713.4002838]
[1616956712.813442, 1616956713.485621]
[1616956712.811534, 1616956713.523595]
[1616956712.7115045, 1616956714.0951061]
[1616956712.69536, 1616956713.3315697]
[1616956712.8156228, 1616956714.161046]
[1616956712.8817677, 1616956713.5281765]
[1616956712.8905518, 1616956713.5599406]
[1616956713.166446, 1616956713.8142772]
[1616956713.1325276, 1616956715.5584567]
[1616956712.7873168, 1616956713.4894896]
[1616956713.153747, 1616956713.8098543]
[1616956712.8845253, 1616956713.52037]
[1616956713.2007616, 1616956715.7992606]
[1616956713.0755115, 1616956715.3106163]
[1616956712.980101, 1616956713.7005074]
[1616956713.126313, 1616956714.1827486]
[1616956713.304766, 1616956713.9873917]
[1616956713.1954424, 1616956715.5105412]
[1616956712.9916515, 1616956713.6276984]
[1616956713.2009203, 1616956713.835229]
[1616956713.0850859, 1616956713.73105]
[1616956713.251077, 1616956714.822205]
[1616956713.1067593, 1616956714.3633254]
[1616956713.2717586, 1616956713.895375]
[1616956713.1707873, 1616956713.8173776]
[1616956713.1419961, 1616956713.7816377]
[1616956713.3228416, 1616956714.02871]
[1616956713.3350024, 1616956716.0705698]
[1616956713.383469, 1616956714.051501]
[1616956713.3424482, 1616956714.0124211]
[1616956713.3746965, 1616956714.135263]
[1616956713.1744647, 1616956713.8699644]
[1616956713.3865962, 1616956714.7220223]
[1616956713.2801216, 1616956713.9522352]
[1616956713.346322, 1616956716.0644314]
[1616956713.4845002, 1616956714.1219661]
[1616956713.3747623, 1616956714.907855]
[1616956713.5447495, 1616956714.2040827]
[1616956713.4435427, 1616956715.7248356]
[1616956713.5270648, 1616956714.1639287]
[1616956713.5287044, 1616956714.1811638]
[1616956713.4808726, 1616956714.449662]
[1616956713.3851993, 1616956716.2941475]
[1616956713.5226936, 1616956714.2053726]
[1616956713.50125, 1616956714.1425369]
[1616956713.3619196, 1616956714.701684]
[1616956713.4246986, 1616956714.7707136]
[1616956713.5809896, 1616956714.2186115]
[1616956713.5756757, 1616956714.8254285]
[1616956713.6176093, 1616956715.3294673]
[1616956713.3562284, 1616956714.010446]
[1616956713.6279528, 1616956714.2543106]
[1616956713.662373, 1616956714.3726902]
[1616956713.380027, 1616956714.5939531]
[1616956713.6506896, 1616956715.4427722]
[1616956713.663564, 1616956714.3002064]
[1616956713.6864243, 1616956714.3839512]
[1616956713.6644664, 1616956714.2941658]
[1616956713.6305232, 1616956714.96349]
[1616956713.6258504, 1616956714.3249414]
[1616956713.685928, 1616956714.3836584]
[1616956713.680873, 1616956714.3218994]
[1616956713.433568, 1616956714.0596416]
[1616956713.6769588, 1616956714.7564523]
[1616956713.6459587, 1616956714.2690322]
[1616956713.7859004, 1616956714.9876797]
[1616956713.5710769, 1616956714.2112548]
[1616956713.6704538, 1616956715.3961391]
[1616956713.6851976, 1616956714.4086876]
[1616956713.6626568, 1616956714.3198643]
[1616956713.7392263, 1616956714.4147952]
[1616956713.7306862, 1616956714.409889]
[1616956713.721573, 1616956714.4082468]
[1616956713.678065, 1616956714.3235178]
[1616956713.8396444, 1616956714.473945]
[1616956713.6491714, 1616956714.3845053]
[1616956713.7526104, 1616956715.142653]
[1616956713.8328466, 1616956714.6562169]
[1616956713.7970817, 1616956717.0808263]
[1616956713.8009858, 1616956715.4226913]
[1616956713.8560345, 1616956719.1331694]
[1616956713.8285396, 1616956714.4736705]
[1616956713.785726, 1616956714.4240694]
[1616956713.8513353, 1616956714.9201531]
[1616956713.797601, 1616956715.5920064]
[1616956713.8797505, 1616956714.55329]
[1616956713.7917917, 1616956716.4621139]
[1616956713.7694554, 1616956714.4292526]
[1616956713.7882168, 1616956715.242411]
[1616956713.8741455, 1616956714.5806062]
[1616956713.7957737, 1616956714.5235448]
[1616956713.8392413, 1616956714.513613]
[1616956713.777282, 1616956714.4319453]
[1616956713.8547747, 1616956714.5145195]
[1616956713.787531, 1616956714.8225565]
[1616956713.845528, 1616956714.6001966]
[1616956713.8357847, 1616956714.7827768]
[1616956713.8286202, 1616956715.6519923]
[1616956713.8717613, 1616956717.0795639]
[1616956713.8373601, 1616956714.4669032]
