[1616955838.567941, 1616955859.3467965]
[1616955838.3478866, 1616955857.9788659]
[1616955837.9904923, 1616955853.8195755]
[1616955838.556039, 1616955862.9984357]
[1616955838.1455703, 1616955849.0498111]
[1616955838.457392, 1616955857.9906416]
[1616955838.108382, 1616955859.062593]
[1616955838.464565, 1616955855.4220276]
[1616955838.651622, 1616955856.2772892]
[1616955838.5012803, 1616955862.4275916]
[1616955838.7635658, 1616955859.5065246]
[1616955838.72784, 1616955857.9068155]
[1616955838.3306136, 1616955860.0945134]
[1616955838.5267076, 1616955849.0458224]
[1616955838.573676, 1616955858.8595743]
[1616955838.4455812, 1616955850.0713444]
[1616955838.4637945, 1616955854.305485]
[1616955838.6611776, 1616955860.1621647]
[1616955838.3647368, 1616955858.2549527]
[1616955838.4329545, 1616955849.492807]
[1616955838.707032, 1616955859.8282406]
[1616955838.7535503, 1616955851.96291]
[1616955838.890404, 1616955855.479996]
[1616955839.1413643, 1616955858.9786222]
[1616955838.8874085, 1616955857.156663]
[1616955838.9216502, 1616955863.5044754]
[1616955839.2977593, 1616955859.5577886]
[1616955839.462115, 1616955853.7042043]
[1616955839.270543, 1616955851.796016]
[1616955839.3829534, 1616955855.9751866]
[1616955839.6244676, 1616955853.9432614]
[1616955839.5252566, 1616955859.469621]
[1616955839.359022, 1616955859.4120312]
[1616955839.8610678, 1616955860.248083]
[1616955839.7756693, 1616955859.5038202]
[1616955839.8317032, 1616955859.289711]
[1616955840.0806358, 1616955857.7082117]
[1616955839.8698082, 1616955861.8292918]
[1616955840.3013241, 1616955860.0368035]
[1616955840.0911257, 1616955859.8496733]
[1616955840.3855581, 1616955863.568274]
[1616955840.644788, 1616955861.2109363]
[1616955840.5405746, 1616955862.037213]
[1616955840.5825672, 1616955862.8964806]
[1616955840.65259, 1616955860.6338365]
[1616955840.8433003, 1616955860.506303]
[1616955840.9295008, 1616955861.4192936]
[1616955840.7659233, 1616955859.6275556]
[1616955841.1374195, 1616955859.8757167]
[1616955841.0700192, 1616955851.655062]
[1616955841.422132, 1616955862.5855424]
[1616955840.8776968, 1616955850.076505]
[1616955841.541468, 1616955860.1742203]
[1616955841.7532783, 1616955862.1689172]
[1616955841.5347247, 1616955862.198153]
[1616955841.7037582, 1616955863.4542656]
[1616955841.557864, 1616955862.5875907]
[1616955841.9186382, 1616955852.7878563]
[1616955841.926098, 1616955861.1205933]
[1616955842.1054902, 1616955862.8728116]
[1616955841.947447, 1616955862.828035]
[1616955842.1772964, 1616955858.474606]
[1616955842.248425, 1616955861.8527389]
[1616955842.2345462, 1616955861.753082]
[1616955842.1091197, 1616955864.0458293]
[1616955842.2325976, 1616955860.8541105]
[1616955842.4508247, 1616955864.152265]
[1616955842.544311, 1616955862.3665197]
[1616955842.7509577, 1616955862.2892826]
[1616955842.5996637, 1616955861.4304504]
[1616955842.537824, 1616955858.609829]
[1616955842.5290089, 1616955863.1498969]
[1616955842.7902582, 1616955863.8298213]
[1616955842.6929486, 1616955858.6605215]
[1616955842.8089197, 1616955856.0071814]
[1616955842.8290105, 1616955862.964792]
[1616955843.0342226, 1616955856.1800654]
[1616955843.017928, 1616955864.8062892]
[1616955843.1107185, 1616955861.3323824]
[1616955842.9171236, 1616955853.039656]
[1616955843.5343354, 1616955864.2457557]
[1616955843.2620442, 1616955862.439102]
[1616955843.5693574, 1616955863.8248577]
[1616955843.5950387, 1616955871.6946144]
[1616955843.5484052, 1616955862.160728]
[1616955843.6974664, 1616955860.918921]
[1616955843.623411, 1616955863.4720666]
[1616955843.728267, 1616955864.05374]
[1616955843.7647989, 1616955865.0678413]
[1616955843.6238956, 1616955862.882052]
[1616955843.7709804, 1616955858.708555]
[1616955844.0007505, 1616955860.671885]
[1616955843.6746824, 1616955864.3276765]
[1616955843.8009531, 1616955867.4476364]
[1616955844.2331054, 1616955864.413906]
[1616955844.1934025, 1616955863.4372811]
[1616955844.110635, 1616955854.9045637]
[1616955844.1256988, 1616955867.0465596]
[1616955844.4502285, 1616955872.4823205]
[1616955844.5222466, 1616955861.2331533]
[1616955844.48149, 1616955864.3070078]
[1616955844.4809887, 1616955862.555871]
[1616955844.6531827, 1616955862.784347]
[1616955844.6200073, 1616955864.3266516]
[1616955844.6504798, 1616955864.3233185]
[1616955844.7388933, 1616955863.557163]
[1616955844.8138962, 1616955863.9394827]
[1616955844.719933, 1616955863.9674485]
[1616955844.9895222, 1616955863.0385141]
[1616955844.6917021, 1616955864.5492074]
[1616955844.936341, 1616955864.432866]
[1616955845.0290654, 1616955865.6148922]
[1616955845.0925558, 1616955863.7468967]
[1616955845.0684698, 1616955864.601657]
[1616955845.108541, 1616955860.3136313]
[1616955845.2808893, 1616955863.105995]
[1616955845.1169066, 1616955866.1241848]
[1616955845.229593, 1616955866.1127982]
[1616955845.2749004, 1616955864.6471772]
[1616955845.413356, 1616955864.3053865]
[1616955845.5556405, 1616955866.2508564]
[1616955845.2868524, 1616955860.150881]
[1616955845.4871266, 1616955863.2987013]
[1616955845.3621705, 1616955856.2446847]
[1616955845.5127509, 1616955863.0252237]
[1616955845.6469333, 1616955866.8731863]
[1616955845.5512366, 1616955864.3301165]
[1616955845.670358, 1616955865.671863]
[1616955845.5740182, 1616955860.2593937]
[1616955845.7862444, 1616955867.8178108]
[1616955845.875587, 1616955861.5519893]
[1616955845.9159322, 1616955863.644383]
[1616955845.7639732, 1616955865.7243185]
[1616955845.8973885, 1616955866.5577424]
[1616955845.9787865, 1616955863.619304]
[1616955846.0884771, 1616955864.7154489]
[1616955846.0413744, 1616955866.1748517]
[1616955846.0788836, 1616955867.1119041]
[1616955846.1727002, 1616955864.3481433]
[1616955846.207008, 1616955867.4885197]
[1616955846.0713158, 1616955867.0266542]
[1616955846.263468, 1616955867.1757865]
[1616955846.0961046, 1616955868.6030307]
[1616955846.3058703, 1616955867.8825433]
[1616955846.3043056, 1616955862.2856805]
[1616955846.3260822, 1616955863.4557736]
[1616955846.3923182, 1616955863.9567714]
[1616955846.289632, 1616955865.8743894]
[1616955846.3300676, 1616955866.8889596]
[1616955846.3209856, 1616955868.3366995]
[1616955846.356543, 1616955858.8729994]
[1616955846.3457997, 1616955866.9941645]
[1616955846.3927987, 1616955865.9687605]
[1616955846.439791, 1616955862.9964705]
[1616955846.5702589, 1616955861.853604]
[1616955846.5055923, 1616955867.8361552]
[1616955846.6493502, 1616955867.509786]
[1616955846.707977, 1616955867.9591005]
[1616955846.6019013, 1616955866.2234817]
[1616955846.705893, 1616955866.845528]
[1616955846.7322078, 1616955866.5363486]
[1616955846.5940163, 1616955864.4328656]
[1616955846.7682023, 1616955868.2554762]
[1616955846.7195005, 1616955867.0361466]
[1616955846.9115825, 1616955867.271718]
[1616955846.8248093, 1616955866.3160436]
[1616955846.841638, 1616955867.3851597]
[1616955846.8849874, 1616955865.8478491]
[1616955846.8441896, 1616955864.7274518]
[1616955846.744864, 1616955867.0050383]
[1616955846.9172685, 1616955867.8139207]
[1616955846.8741963, 1616955858.093269]
[1616955846.970162, 1616955860.0051234]
[1616955846.941569, 1616955867.8503957]
[1616955846.9722064, 1616955868.0272818]
[1616955846.8902686, 1616955865.1977568]
[1616955847.054048, 1616955863.918106]
[1616955846.8620517, 1616955867.6930375]
[1616955846.9098134, 1616955869.2529871]
[1616955847.1453269, 1616955865.7951741]
[1616955847.081789, 1616955865.5607307]
[1616955847.170986, 1616955867.1044307]
[1616955847.0826116, 1616955866.3281548]
[1616955847.0902963, 1616955868.5931623]
[1616955847.018215, 1616955867.9575973]
[1616955847.0781176, 1616955867.8560512]
[1616955847.0529795, 1616955865.0024295]
[1616955847.019865, 1616955865.9294384]
[1616955847.1422026, 1616955865.2219067]
[1616955847.1474385, 1616955869.968887]
[1616955847.3269918, 1616955868.6080573]
[1616955847.2054746, 1616955868.521618]
[1616955847.2079885, 1616955863.5282304]
[1616955847.259963, 1616955866.816171]
[1616955847.404246, 1616955868.1121213]
[1616955847.2920141, 1616955868.36399]
[1616955847.2616544, 1616955868.0225036]
[1616955847.2963407, 1616955861.2677438]
[1616955847.2056324, 1616955867.089697]
[1616955847.3581488, 1616955866.758162]
[1616955847.1890562, 1616955861.8277454]
[1616955847.404182, 1616955867.675312]
[1616955847.2976928, 1616955868.2288544]
[1616955847.4783025, 1616955868.6071901]
[1616955847.4332008, 1616955869.0095327]
[1616955847.3623004, 1616955867.8881867]
[1616955847.4649549, 1616955865.0000198]
[1616955847.4793694, 1616955866.2103937]
[1616955847.4083486, 1616955862.270848]
[1616955847.5394104, 1616955868.5096462]
[1616955847.479763, 1616955867.1048312]
[1616955847.2611523, 1616955865.3753405]
[1616955847.467031, 1616955868.7366974]
[1616955847.325096, 1616955862.8326757]
[1616955847.353574, 1616955865.8952541]
[1616955847.652333, 1616955866.8164234]
[1616955847.6391962, 1616955864.260438]
[1616955847.643918, 1616955862.5695777]
[1616955847.5120213, 1616955869.4727046]
[1616955847.5452633, 1616955862.8718271]
[1616955847.5894067, 1616955869.7799897]
[1616955847.5965457, 1616955868.9719124]
[1616955847.6443505, 1616955867.4829]
[1616955847.49355, 1616955866.2490468]
[1616955847.5296357, 1616955865.9986045]
[1616955847.5456214, 1616955862.549726]
[1616955847.6494813, 1616955867.5029862]
[1616955847.6657746, 1616955861.8649886]
[1616955847.6632879, 1616955868.3780098]
[1616955847.6426232, 1616955869.1961496]
[1616955847.5118318, 1616955868.9702]
[1616955847.616213, 1616955867.8829134]
[1616955847.5280106, 1616955862.4637017]
[1616955847.698488, 1616955867.2507398]
[1616955847.512428, 1616955867.6032443]
[1616955847.4570506, 1616955864.7915308]
[1616955847.4272985, 1616955860.0322056]
[1616955847.648273, 1616955866.2857423]
[1616955847.697137, 1616955872.1336513]
[1616955847.6679277, 1616955867.6913657]
[1616955847.690498, 1616955865.8412113]
[1616955847.6724238, 1616955862.8175678]
[1616955847.715998, 1616955870.2919571]
[1616955847.7191436, 1616955863.3807507]
[1616955847.6116116, 1616955868.2944763]
[1616955847.6711183, 1616955872.314518]
[1616955847.6835258, 1616955863.5581303]
[1616955847.71261, 1616955866.6671572]
[1616955847.5564766, 1616955866.2787123]
[1616955847.7215738, 1616955870.2616885]
[1616955847.5235875, 1616955866.1718874]
[1616955847.6909227, 1616955868.5383842]
[1616955847.7228858, 1616955866.2038713]
[1616955847.7592201, 1616955864.6654732]
[1616955847.7250588, 1616955867.4860768]
[1616955847.7381194, 1616955867.369836]
[1616955847.759261, 1616955864.2300463]
[1616955847.721877, 1616955868.2165234]
[1616955847.6974106, 1616955866.038045]
[1616955847.778223, 1616955868.0947158]
[1616955847.7430542, 1616955864.4947114]
[1616955847.756409, 1616955863.3839269]
[1616955847.7234294, 1616955867.2131276]
[1616955847.8073423, 1616955867.960438]
[1616955847.6950727, 1616955867.2560704]
[1616955847.6209219, 1616955870.5476115]
