[1616690352.6823878, 1616690368.6130056]
[1616690352.6238596, 1616690368.269527]
[1616690352.681824, 1616690368.4947312]
[1616690352.9870784, 1616690368.3446298]
[1616690352.951985, 1616690368.919841]
[1616690352.92641, 1616690368.1357286]
[1616690352.9504452, 1616690368.2273242]
[1616690353.0662239, 1616690368.6713245]
[1616690352.7397437, 1616690369.0522673]
[1616690352.823906, 1616690368.5158064]
[1616690352.9711244, 1616690368.339842]
[1616690353.1898105, 1616690368.471062]
[1616690352.998953, 1616690368.114008]
[1616690353.2226846, 1616690368.3424902]
[1616690353.054336, 1616690368.982951]
[1616690353.2010322, 1616690368.5861182]
[1616690352.88877, 1616690369.074389]
[1616690353.2058542, 1616690368.7876801]
[1616690352.8960676, 1616690368.8255358]
[1616690352.6271014, 1616690368.4531024]
[1616690353.2708101, 1616690368.598067]
[1616690353.2321382, 1616690368.8690085]
[1616690353.7268589, 1616690369.4477386]
[1616690353.2686362, 1616690368.4863749]
[1616690353.363328, 1616690369.2349312]
[1616690353.3218977, 1616690368.620641]
[1616690353.8743427, 1616690369.0107164]
[1616690354.0605109, 1616690369.2284434]
[1616690354.1427095, 1616690370.44738]
[1616690354.185431, 1616690369.411221]
[1616690354.0547795, 1616690369.2461817]
[1616690354.1127434, 1616690369.315055]
[1616690353.7737496, 1616690368.9709494]
[1616690354.5727758, 1616690369.7793427]
[1616690354.425197, 1616690371.0659647]
[1616690354.3010588, 1616690370.0161393]
[1616690354.6352832, 1616690369.8115766]
[1616690354.7771113, 1616690370.9225395]
[1616690354.6538038, 1616690369.8134704]
[1616690354.897598, 1616690370.060767]
[1616690355.0283005, 1616690370.2108777]
[1616690354.7352278, 1616690371.3653176]
[1616690354.9712963, 1616690372.617501]
[1616690355.2998178, 1616690370.9493647]
[1616690355.2791839, 1616690371.0005283]
[1616690355.2077382, 1616690370.4244254]
[1616690354.977437, 1616690370.2204828]
[1616690355.2291315, 1616690370.80238]
[1616690355.4813972, 1616690370.6149657]
[1616690355.5188818, 1616690370.64655]
[1616690355.5521505, 1616690370.8602817]
[1616690355.7877004, 1616690370.9160213]
[1616690355.5958812, 1616690371.1331253]
[1616690355.9549277, 1616690371.234434]
[1616690355.8520994, 1616690371.6619487]
[1616690355.5637379, 1616690370.7228184]
[1616690355.9953175, 1616690371.9628458]
[1616690355.7096086, 1616690371.1635118]
[1616690356.046052, 1616690371.218798]
[1616690356.2456174, 1616690372.2738433]
[1616690355.8600636, 1616690371.7762449]
[1616690356.4867768, 1616690371.7641366]
[1616690356.470913, 1616690371.8289444]
[1616690356.393194, 1616690371.6843274]
[1616690356.5407472, 1616690372.0999708]
[1616690356.675244, 1616690372.3907816]
[1616690356.628965, 1616690372.2548797]
[1616690356.7090373, 1616690372.01188]
[1616690356.6116247, 1616690372.5017412]
[1616690356.7325697, 1616690371.9904013]
[1616690356.6314902, 1616690371.8212144]
[1616690356.6545575, 1616690372.0011015]
[1616690356.8306034, 1616690372.0203414]
[1616690356.932544, 1616690372.8024287]
[1616690356.9305027, 1616690372.197447]
[1616690356.9249399, 1616690372.1931365]
[1616690356.74125, 1616690372.00617]
[1616690356.914878, 1616690372.1535828]
[1616690356.9502106, 1616690372.369]
[1616690356.836442, 1616690373.7136638]
[1616690357.0836294, 1616690372.2360773]
[1616690357.008418, 1616690372.3699067]
[1616690357.1762989, 1616690372.6116495]
[1616690357.0309587, 1616690372.701386]
[1616690357.1857703, 1616690372.4514477]
[1616690357.2021916, 1616690372.6484814]
[1616690357.2700405, 1616690372.5820136]
[1616690357.3410943, 1616690373.06748]
[1616690357.192411, 1616690373.1183057]
[1616690357.4147444, 1616690372.693361]
[1616690357.3522916, 1616690373.2741108]
[1616690357.301531, 1616690372.8495135]
[1616690357.1933103, 1616690372.4131057]
[1616690357.3950028, 1616690372.751137]
[1616690357.4271872, 1616690374.1912456]
[1616690357.4344242, 1616690373.073135]
[1616690357.4547062, 1616690373.6700263]
[1616690357.3863068, 1616690372.7310944]
[1616690357.518927, 1616690372.957179]
[1616690357.571306, 1616690373.6334453]
[1616690357.5631862, 1616690372.9615757]
[1616690357.5281725, 1616690372.9776192]
[1616690357.5560021, 1616690372.8340042]
[1616690357.5678997, 1616690373.0736537]
[1616690357.537429, 1616690373.0006378]
[1616690357.5798674, 1616690372.8671038]
[1616690357.681335, 1616690373.0876498]
[1616690357.6665406, 1616690373.5669239]
[1616690357.7729042, 1616690373.648697]
[1616690357.7244227, 1616690373.2660158]
[1616690357.7189035, 1616690373.2325048]
[1616690357.7835093, 1616690373.419674]
[1616690357.671672, 1616690373.0053506]
[1616690357.755462, 1616690373.5641088]
[1616690357.834858, 1616690373.3347166]
[1616690357.8369868, 1616690373.460222]
[1616690357.891791, 1616690373.4082606]
[1616690357.8727837, 1616690373.249844]
[1616690357.8723085, 1616690373.1462405]
[1616690357.895126, 1616690373.1336439]
[1616690357.8043725, 1616690373.067473]
[1616690357.9556823, 1616690373.592024]
[1616690358.1024115, 1616690373.473731]
[1616690358.0536335, 1616690374.0194986]
[1616690357.956834, 1616690373.0813851]
[1616690357.979479, 1616690373.3016474]
[1616690358.201944, 1616690373.4317465]
[1616690358.0497117, 1616690374.75501]
[1616690357.977075, 1616690373.620728]
[1616690358.1493144, 1616690373.4462578]
[1616690358.1127596, 1616690373.7320805]
[1616690358.024358, 1616690373.4548566]
[1616690358.1751595, 1616690373.3739195]
[1616690358.167761, 1616690373.7176533]
[1616690358.2069597, 1616690373.7575397]
[1616690358.0860023, 1616690373.9484386]
[1616690358.2357621, 1616690373.587417]
[1616690358.2545416, 1616690373.480681]
[1616690358.0826092, 1616690374.1548955]
[1616690358.1751878, 1616690373.7044888]
[1616690358.235565, 1616690373.807422]
[1616690358.255673, 1616690373.3865483]
[1616690358.2237852, 1616690373.7318752]
[1616690358.0934298, 1616690373.3245738]
[1616690358.3045945, 1616690374.1520286]
[1616690358.2561553, 1616690373.537502]
[1616690358.252077, 1616690374.143597]
[1616690358.300412, 1616690373.7752712]
[1616690358.2513812, 1616690373.5248203]
[1616690358.3247483, 1616690374.1924312]
[1616690358.3198693, 1616690373.507281]
[1616690358.1977518, 1616690373.54938]
[1616690358.1230927, 1616690374.215054]
[1616690358.2966352, 1616690373.577985]
[1616690358.333406, 1616690373.9691331]
[1616690358.3137023, 1616690374.4291873]
[1616690358.2979248, 1616690374.3000968]
[1616690358.2857378, 1616690373.4679117]
[1616690358.2228327, 1616690373.8494496]
[1616690358.292531, 1616690374.133327]
[1616690358.3418715, 1616690374.314081]
[1616690358.162464, 1616690373.849853]
[1616690358.3342226, 1616690373.7040124]
[1616690358.259012, 1616690373.7572215]
[1616690358.3242826, 1616690373.4993021]
[1616690358.3604054, 1616690374.019607]
[1616690358.3720267, 1616690373.7507098]
[1616690358.3124, 1616690373.7530632]
[1616690358.3193092, 1616690373.708503]
[1616690358.3707979, 1616690373.9951522]
[1616690358.3375306, 1616690374.5079908]
[1616690358.407279, 1616690373.7545605]
[1616690358.3050773, 1616690373.9820447]
[1616690358.3652258, 1616690374.1883721]
[1616690358.3633313, 1616690373.623467]
