[1616689671.6184566, 1616689674.3686886]
[1616689671.3879414, 1616689674.1159596]
[1616689671.566338, 1616689674.2876394]
[1616689671.511491, 1616689674.2144263]
[1616689671.9747608, 1616689674.6603925]
[1616689671.9660974, 1616689674.623407]
[1616689671.3915055, 1616689674.1533778]
[1616689671.786464, 1616689674.5479662]
[1616689672.0684123, 1616689674.7859383]
[1616689671.805538, 1616689674.4995944]
[1616689671.6723857, 1616689674.365079]
[1616689671.51299, 1616689674.2076855]
[1616689671.9909263, 1616689674.6981661]
[1616689671.6069043, 1616689674.3078566]
[1616689671.7873387, 1616689674.452765]
[1616689671.57508, 1616689674.2704666]
[1616689671.641001, 1616689674.302996]
[1616689671.4630697, 1616689674.1481385]
[1616689671.708327, 1616689674.4032612]
[1616689671.9979627, 1616689674.7225828]
[1616689671.9690907, 1616689674.659013]
[1616689672.151641, 1616689674.8469286]
[1616689672.2465131, 1616689674.9293294]
[1616689672.241868, 1616689674.9228036]
[1616689672.4713328, 1616689675.1729121]
[1616689672.7811859, 1616689675.4505486]
[1616689672.3580685, 1616689675.0414984]
[1616689672.1047769, 1616689674.7673838]
[1616689672.7914145, 1616689675.4900255]
[1616689672.7519732, 1616689675.4852507]
[1616689672.8492439, 1616689675.5189927]
[1616689672.879921, 1616689675.5779574]
[1616689672.9640665, 1616689675.6486762]
[1616689672.9596658, 1616689675.6653912]
[1616689672.7194192, 1616689675.426157]
[1616689672.8757565, 1616689675.572104]
[1616689673.0916705, 1616689675.7956386]
[1616689673.0143883, 1616689675.6875844]
[1616689672.9284008, 1616689675.5984488]
[1616689673.1206293, 1616689675.8416846]
[1616689673.318512, 1616689675.997532]
[1616689673.634866, 1616689676.337944]
[1616689673.7249212, 1616689676.4941087]
[1616689673.545427, 1616689676.342344]
[1616689673.578319, 1616689676.2749696]
[1616689673.780023, 1616689676.471905]
[1616689673.9106658, 1616689676.597267]
[1616689673.7599826, 1616689676.4297678]
[1616689673.9823344, 1616689676.6552727]
[1616689674.334197, 1616689677.043406]
[1616689674.3628788, 1616689677.0237324]
[1616689674.2047057, 1616689676.955817]
[1616689674.402576, 1616689677.1405404]
[1616689674.4594803, 1616689677.1469886]
[1616689674.3751059, 1616689677.1158905]
[1616689674.3779814, 1616689677.0643268]
[1616689674.6704159, 1616689677.3552403]
[1616689674.8842378, 1616689677.6047711]
[1616689674.8826919, 1616689677.5737972]
[1616689675.0122445, 1616689677.6932092]
[1616689675.116103, 1616689677.778186]
[1616689675.2182765, 1616689677.9213142]
[1616689675.2367842, 1616689677.9546888]
[1616689675.1660542, 1616689677.8808703]
[1616689675.1630883, 1616689677.830798]
[1616689675.1450777, 1616689677.8261838]
[1616689675.4902332, 1616689678.1809475]
[1616689675.7073357, 1616689678.414831]
[1616689675.8921587, 1616689678.5932324]
[1616689675.5966022, 1616689678.3051968]
[1616689675.6937027, 1616689678.4049706]
[1616689675.9662693, 1616689678.6658506]
[1616689675.585548, 1616689678.3160481]
[1616689676.00303, 1616689678.6959414]
[1616689676.0653937, 1616689678.734105]
[1616689676.126985, 1616689678.8065403]
[1616689676.4313538, 1616689679.1399868]
[1616689676.2655017, 1616689678.9462736]
[1616689676.4178813, 1616689679.1072946]
[1616689676.4079897, 1616689679.1566925]
[1616689676.7391758, 1616689679.436577]
[1616689676.6404285, 1616689679.3301609]
[1616689676.5277765, 1616689679.2408063]
[1616689676.7155461, 1616689679.389919]
[1616689676.7430372, 1616689679.4156826]
[1616689676.8705506, 1616689679.583084]
[1616689676.9375432, 1616689679.6360672]
[1616689676.9069102, 1616689679.616267]
[1616689676.9696798, 1616689679.7000453]
[1616689677.1666296, 1616689679.8301132]
[1616689677.0855644, 1616689679.7776737]
[1616689677.2300165, 1616689679.9563851]
[1616689677.439976, 1616689680.1149216]
[1616689677.434734, 1616689680.1275034]
[1616689677.4371202, 1616689680.1402788]
[1616689677.5122705, 1616689680.2046096]
[1616689677.2990398, 1616689680.067601]
[1616689677.5303211, 1616689680.2169287]
[1616689677.5387785, 1616689680.275436]
[1616689677.8090997, 1616689680.4720032]
[1616689677.7861326, 1616689680.447753]
[1616689677.6318786, 1616689680.326886]
[1616689677.8687263, 1616689680.53047]
[1616689678.042576, 1616689680.7718592]
[1616689678.0501506, 1616689680.7499864]
[1616689678.1776173, 1616689680.886981]
[1616689678.186508, 1616689680.846894]
[1616689678.324569, 1616689681.0223324]
[1616689678.2347233, 1616689680.9131815]
[1616689678.4246716, 1616689681.1421025]
[1616689678.3396447, 1616689681.0372446]
[1616689678.3562958, 1616689681.050702]
[1616689678.4101217, 1616689681.084445]
[1616689678.6587, 1616689681.3609319]
[1616689678.8336241, 1616689681.5028253]
[1616689678.6643245, 1616689681.3722818]
[1616689678.726039, 1616689681.4119663]
[1616689678.8890166, 1616689681.6079938]
[1616689679.0643132, 1616689681.7452636]
[1616689678.860204, 1616689681.5380788]
[1616689679.111843, 1616689681.8091354]
[1616689679.2753096, 1616689682.0907426]
[1616689679.244428, 1616689681.9380088]
[1616689678.93361, 1616689681.6310523]
[1616689679.530159, 1616689682.201068]
[1616689679.2791727, 1616689681.9823134]
[1616689679.6219559, 1616689682.3234212]
[1616689679.41771, 1616689682.0970483]
[1616689679.5175173, 1616689682.224631]
[1616689679.839929, 1616689682.5075903]
[1616689679.568966, 1616689682.299224]
[1616689679.7170427, 1616689682.4450376]
[1616689679.8153405, 1616689682.5557125]
[1616689679.802451, 1616689682.4954383]
[1616689679.9882371, 1616689682.6685514]
[1616689679.9439805, 1616689682.633204]
[1616689680.011648, 1616689682.7038276]
[1616689679.8499231, 1616689682.544817]
[1616689680.2452571, 1616689682.9282591]
[1616689680.3132918, 1616689683.056753]
[1616689680.5298467, 1616689683.206547]
[1616689680.3691921, 1616689683.0607214]
[1616689680.4209397, 1616689683.1232631]
[1616689680.4027293, 1616689683.100872]
[1616689680.4482388, 1616689683.1416538]
[1616689680.6673336, 1616689683.3314443]
[1616689680.696679, 1616689683.3596814]
[1616689680.6309228, 1616689683.2941117]
[1616689680.844393, 1616689683.5601923]
[1616689681.0555625, 1616689683.7575088]
[1616689681.0054991, 1616689683.7107725]
[1616689680.9328718, 1616689683.6469426]
[1616689681.3033662, 1616689684.044756]
[1616689681.0923204, 1616689683.7828326]
[1616689681.3966827, 1616689684.1211245]
[1616689681.364049, 1616689684.0638309]
[1616689681.4485626, 1616689684.1590931]
[1616689681.3548338, 1616689684.0537896]
[1616689681.3156486, 1616689684.019194]
[1616689681.6739886, 1616689684.373991]
[1616689681.8198075, 1616689684.5205753]
[1616689681.6835217, 1616689684.3853106]
[1616689681.8139575, 1616689684.478236]
[1616689681.6955373, 1616689684.381695]
[1616689682.0381005, 1616689684.7382562]
[1616689681.7945852, 1616689684.4957747]
[1616689682.180782, 1616689684.861707]
[1616689681.9523556, 1616689684.6416147]
[1616689681.952107, 1616689684.653669]
[1616689681.8694832, 1616689684.5968642]
[1616689681.9832227, 1616689684.679783]
[1616689681.9628775, 1616689684.7319524]
[1616689682.034421, 1616689684.7256129]
[1616689682.3029537, 1616689684.9955752]
[1616689682.525486, 1616689685.2273805]
[1616689682.3672938, 1616689685.0741158]
[1616689682.2960699, 1616689685.0118613]
[1616689682.396008, 1616689685.1002078]
[1616689682.461336, 1616689685.1844954]
[1616689682.4827797, 1616689685.3005035]
[1616689682.5126784, 1616689685.1798003]
[1616689682.6418483, 1616689685.3255098]
[1616689682.7233336, 1616689685.4601552]
[1616689682.8381484, 1616689685.550023]
[1616689682.7171612, 1616689685.3937566]
[1616689682.6341114, 1616689685.3379195]
[1616689682.745858, 1616689685.5154445]
[1616689682.7119634, 1616689685.4092643]
[1616689682.9238172, 1616689685.6244392]
[1616689682.9222925, 1616689685.5991592]
[1616689682.8286278, 1616689685.4919145]
[1616689683.0934584, 1616689685.8161838]
[1616689683.0011086, 1616689685.6924918]
[1616689682.9509037, 1616689685.6074302]
[1616689683.0738707, 1616689685.7770975]
[1616689683.12005, 1616689685.8132803]
[1616689683.3627238, 1616689686.026044]
[1616689683.2705405, 1616689685.948985]
[1616689683.395525, 1616689686.1036983]
[1616689683.44761, 1616689686.148353]
[1616689683.3857508, 1616689686.0434175]
[1616689683.5667057, 1616689686.3329327]
[1616689683.4458544, 1616689686.1356893]
[1616689683.5740285, 1616689686.2549138]
[1616689683.6866486, 1616689686.3860123]
[1616689683.754989, 1616689686.5022]
[1616689683.6751971, 1616689686.3555977]
[1616689683.6797838, 1616689686.4208684]
[1616689683.7645617, 1616689686.4575126]
[1616689683.684035, 1616689686.3583226]
[1616689683.9193056, 1616689686.6710265]
[1616689684.0767202, 1616689686.7412503]
[1616689683.86712, 1616689686.5499685]
[1616689683.9978526, 1616689686.673022]
[1616689683.960494, 1616689686.6670268]
[1616689684.2329292, 1616689686.9280283]
[1616689684.2815397, 1616689686.9650016]
[1616689684.2861013, 1616689686.9820547]
[1616689684.3737457, 1616689687.0968878]
[1616689684.4892242, 1616689687.1710815]
[1616689684.4733636, 1616689687.1532407]
[1616689684.6215818, 1616689687.3177147]
[1616689684.5450318, 1616689687.2895164]
[1616689684.4606545, 1616689687.1715136]
[1616689684.5876958, 1616689687.2585223]
[1616689684.611442, 1616689687.3137298]
[1616689684.8004024, 1616689687.4908392]
[1616689684.8159134, 1616689687.602429]
[1616689684.8609223, 1616689687.5642772]
[1616689684.829268, 1616689687.538223]
[1616689684.9188957, 1616689687.6199234]
[1616689684.9205797, 1616689687.6043034]
[1616689685.0946503, 1616689687.7933316]
[1616689685.0408173, 1616689687.7111385]
[1616689685.020869, 1616689687.7232313]
[1616689685.2130177, 1616689687.9959633]
[1616689685.1410484, 1616689687.828549]
[1616689685.226002, 1616689687.901558]
[1616689685.4135551, 1616689688.100902]
[1616689685.3973947, 1616689688.0956945]
[1616689685.3086572, 1616689688.0310438]
[1616689685.2836342, 1616689687.9741027]
[1616689685.582976, 1616689688.272404]
[1616689685.5422027, 1616689688.2672472]
[1616689685.6202974, 1616689688.297067]
[1616689685.812259, 1616689688.5079327]
[1616689685.693781, 1616689688.3973505]
[1616689685.7735748, 1616689688.470015]
[1616689685.7487626, 1616689688.4213495]
[1616689685.8424056, 1616689688.5721016]
[1616689685.939391, 1616689688.6601999]
[1616689685.7733903, 1616689688.461144]
[1616689686.1352255, 1616689688.807268]
[1616689686.0386412, 1616689688.7295122]
[1616689686.1236851, 1616689688.805983]
[1616689686.2520375, 1616689688.9456036]
[1616689686.0709593, 1616689688.74224]
[1616689686.3087893, 1616689688.9942663]
[1616689686.349118, 1616689689.068741]
[1616689686.390774, 1616689689.0644858]
[1616689686.348611, 1616689689.0660987]
[1616689686.4214907, 1616689689.0975916]
[1616689686.4160416, 1616689689.159721]
[1616689686.6383922, 1616689689.3360467]
[1616689686.681989, 1616689689.3683932]
[1616689686.6071053, 1616689689.3367422]
[1616689686.605712, 1616689689.2807786]
[1616689686.8128576, 1616689689.5093417]
[1616689686.8096168, 1616689689.4734569]
[1616689686.9156165, 1616689689.6106524]
[1616689686.9429607, 1616689689.6286857]
[1616689687.2794414, 1616689689.9815361]
[1616689686.9851167, 1616689689.6738582]
[1616689687.202507, 1616689689.8919082]
[1616689687.1462998, 1616689689.8656282]
[1616689687.198533, 1616689689.9030128]
[1616689687.0368583, 1616689689.7364872]
[1616689687.1704545, 1616689689.8751454]
[1616689687.36916, 1616689690.0649226]
[1616689687.2152092, 1616689689.9564273]
[1616689687.484701, 1616689690.1815217]
[1616689687.4379225, 1616689690.1656418]
[1616689687.5726945, 1616689690.2644682]
[1616689687.6076782, 1616689690.304233]
[1616689687.895241, 1616689690.6091075]
[1616689687.643587, 1616689690.3175905]
[1616689687.6435087, 1616689690.3377094]
[1616689687.8861778, 1616689690.5977561]
[1616689687.8163657, 1616689690.507704]
[1616689687.8493884, 1616689690.5516582]
[1616689687.8961575, 1616689690.5775821]
[1616689687.8670018, 1616689690.531185]
[1616689687.9357305, 1616689690.6090755]
[1616689687.7977943, 1616689690.4988067]
[1616689688.0954356, 1616689690.818308]
[1616689688.1074262, 1616689690.8166335]
[1616689688.18321, 1616689690.9467247]
[1616689688.2776687, 1616689690.971168]
[1616689688.2992568, 1616689691.1279113]
[1616689688.253325, 1616689690.9709966]
[1616689688.3280985, 1616689690.9909997]
[1616689688.448674, 1616689691.1314201]
[1616689688.6867101, 1616689691.3766253]
[1616689688.3343935, 1616689691.0186374]
[1616689688.3660786, 1616689691.0590656]
[1616689688.5786803, 1616689691.307203]
[1616689688.6685624, 1616689691.3633273]
[1616689688.65659, 1616689691.367008]
[1616689688.6780243, 1616689691.3476856]
[1616689688.875803, 1616689691.5440688]
[1616689688.9688725, 1616689691.6972535]
[1616689688.7521317, 1616689691.4210835]
[1616689688.9245348, 1616689691.6243336]
[1616689688.9814475, 1616689691.6766205]
[1616689688.9372249, 1616689691.6018665]
[1616689689.1096232, 1616689691.7914293]
[1616689689.1342611, 1616689691.835575]
[1616689689.2088814, 1616689691.906024]
[1616689689.111091, 1616689691.8171856]
[1616689689.2185812, 1616689691.9009993]
[1616689689.250765, 1616689691.9395986]
[1616689689.341084, 1616689692.0729]
[1616689689.1487105, 1616689691.8244302]
[1616689689.4312832, 1616689692.1390913]
[1616689689.3108006, 1616689692.0323937]
[1616689689.4558513, 1616689692.1733673]
[1616689689.6547375, 1616689692.339057]
[1616689689.297399, 1616689691.9942148]
[1616689689.7544618, 1616689692.4594207]
[1616689689.6772742, 1616689692.350058]
[1616689689.7068942, 1616689692.3928084]
[1616689689.7549458, 1616689692.4514]
[1616689689.656071, 1616689692.358276]
[1616689689.5528831, 1616689692.2551782]
[1616689689.909577, 1616689692.6145375]
[1616689689.817524, 1616689692.5394948]
[1616689689.9032357, 1616689692.5687242]
[1616689689.9703119, 1616689692.6904237]
[1616689690.0211627, 1616689692.7083418]
[1616689690.0597038, 1616689692.758104]
[1616689690.1438847, 1616689692.834063]
[1616689690.3605235, 1616689693.0494492]
[1616689690.2003736, 1616689692.9181445]
[1616689690.2250998, 1616689692.9393497]
[1616689690.3775122, 1616689693.0444677]
[1616689690.4784043, 1616689693.1915727]
[1616689690.2836936, 1616689692.9966612]
[1616689690.605753, 1616689693.4704173]
[1616689690.6433141, 1616689693.3369226]
[1616689690.8164766, 1616689693.51932]
[1616689690.698965, 1616689693.418448]
[1616689690.6645498, 1616689693.3622692]
[1616689690.4851258, 1616689693.1969514]
[1616689690.762227, 1616689693.4222603]
[1616689690.7961578, 1616689693.4971063]
[1616689690.6626682, 1616689693.3398044]
[1616689691.0296357, 1616689693.7207127]
[1616689690.9806693, 1616689693.688788]
[1616689690.95153, 1616689693.6771405]
[1616689690.996907, 1616689693.667871]
[1616689691.013559, 1616689693.7549477]
[1616689691.0182297, 1616689693.7002864]
[1616689691.0906405, 1616689693.7780967]
[1616689691.0162992, 1616689693.716115]
[1616689691.1776242, 1616689693.8595805]
[1616689691.4618003, 1616689694.1270282]
[1616689691.6140733, 1616689694.3094394]
[1616689691.362842, 1616689694.0270987]
[1616689691.3750572, 1616689694.0588655]
[1616689691.3801584, 1616689694.111237]
[1616689691.739562, 1616689694.4530177]
[1616689691.5845792, 1616689694.2555974]
[1616689691.5120456, 1616689694.1984966]
[1616689691.756263, 1616689694.5002825]
[1616689691.6798346, 1616689694.3737345]
[1616689691.732605, 1616689694.4261484]
[1616689691.71793, 1616689694.421859]
[1616689691.77359, 1616689694.6082268]
[1616689691.878074, 1616689694.6008527]
[1616689691.9531856, 1616689694.6441128]
[1616689692.0046828, 1616689694.6819997]
[1616689692.1455407, 1616689694.8312852]
[1616689692.1174042, 1616689694.798278]
[1616689692.111248, 1616689694.8114316]
[1616689692.055226, 1616689694.7624164]
[1616689692.1540413, 1616689694.8207498]
[1616689692.4087675, 1616689695.0987842]
[1616689692.099947, 1616689694.7949896]
[1616689692.3852274, 1616689695.0702703]
[1616689692.500885, 1616689695.2014415]
[1616689692.5916564, 1616689695.3550408]
[1616689692.6263998, 1616689695.338107]
[1616689692.6496367, 1616689695.305995]
[1616689692.4626563, 1616689695.153957]
[1616689692.635203, 1616689695.3777404]
[1616689692.75942, 1616689695.4777076]
[1616689692.7829454, 1616689695.4677792]
[1616689692.9326537, 1616689695.626826]
[1616689693.036647, 1616689695.730429]
[1616689692.8562875, 1616689695.546952]
[1616689692.9159768, 1616689695.6014082]
[1616689693.134894, 1616689695.824781]
[1616689692.7174892, 1616689695.417204]
[1616689693.1419709, 1616689695.8398764]
[1616689693.1737094, 1616689695.8818722]
[1616689693.2813394, 1616689695.978488]
[1616689692.9822886, 1616689695.6775234]
[1616689693.2097244, 1616689695.9013166]
[1616689693.2814474, 1616689695.976919]
[1616689693.4136212, 1616689696.109319]
[1616689693.2780566, 1616689695.9758632]
[1616689693.187378, 1616689695.9024587]
[1616689693.6498075, 1616689696.3455708]
[1616689693.5716438, 1616689696.2833834]
[1616689693.7125385, 1616689696.4515774]
[1616689693.8336542, 1616689696.5242014]
[1616689693.7761228, 1616689696.4643166]
[1616689693.8158524, 1616689696.5585515]
[1616689693.76002, 1616689696.4939976]
[1616689694.1187534, 1616689696.8133073]
[1616689693.882543, 1616689696.5701709]
[1616689693.7922366, 1616689696.4835644]
[1616689693.975688, 1616689696.6922245]
[1616689694.0352247, 1616689696.701521]
[1616689694.0486808, 1616689696.7067766]
[1616689694.1938007, 1616689696.8558006]
[1616689694.243167, 1616689696.9276314]
[1616689694.3042493, 1616689696.99617]
[1616689694.4045844, 1616689697.0817106]
[1616689694.4226267, 1616689697.0849113]
[1616689694.2133713, 1616689696.9033206]
[1616689694.5485191, 1616689697.252548]
[1616689694.619792, 1616689697.348832]
[1616689694.5034094, 1616689697.2401814]
[1616689694.48358, 1616689697.2448697]
[1616689694.5448596, 1616689697.2745554]
[1616689694.8388262, 1616689697.5377355]
[1616689694.761842, 1616689697.4385622]
[1616689694.6533222, 1616689697.3383992]
[1616689694.843115, 1616689697.5245967]
[1616689695.0803525, 1616689697.7664132]
[1616689694.9193716, 1616689697.6271644]
[1616689695.1090684, 1616689697.8315904]
[1616689695.1730466, 1616689697.8726733]
[1616689695.234267, 1616689697.9386187]
[1616689695.0622606, 1616689697.7728841]
[1616689695.1075566, 1616689697.7924197]
[1616689695.3035128, 1616689697.9739249]
[1616689695.3131068, 1616689697.9681756]
[1616689695.0836606, 1616689697.8039172]
[1616689695.3010604, 1616689698.001254]
[1616689695.0411506, 1616689697.7267487]
[1616689695.4212723, 1616689698.1436114]
[1616689695.621948, 1616689698.3169541]
[1616689695.371256, 1616689698.054207]
[1616689695.3378694, 1616689698.0679204]
[1616689695.6428342, 1616689698.3404813]
[1616689695.729768, 1616689698.4523]
[1616689695.7860868, 1616689698.467874]
[1616689695.8211787, 1616689698.5167089]
[1616689695.7376854, 1616689698.4343574]
[1616689695.8061018, 1616689698.4896603]
[1616689695.9550896, 1616689698.6596978]
[1616689695.692889, 1616689698.3925905]
[1616689695.7458155, 1616689698.46889]
[1616689696.0849333, 1616689698.7748277]
[1616689696.093914, 1616689698.813211]
[1616689696.250001, 1616689698.9544635]
[1616689696.3456206, 1616689699.0343866]
[1616689696.0922093, 1616689698.778449]
[1616689696.301654, 1616689699.0013223]
[1616689696.3155665, 1616689699.0248203]
[1616689696.3074834, 1616689699.018495]
[1616689696.3615146, 1616689699.057798]
[1616689696.5591235, 1616689699.3171782]
[1616689696.336631, 1616689699.023722]
[1616689696.4044733, 1616689699.131501]
[1616689696.3860402, 1616689699.0541465]
[1616689696.7220502, 1616689699.3767588]
[1616689696.6464057, 1616689699.3386137]
[1616689696.5482674, 1616689699.2358243]
[1616689696.7631013, 1616689699.4229977]
[1616689696.9522552, 1616689699.6421213]
[1616689696.9628181, 1616689699.686115]
[1616689696.9193897, 1616689699.6084101]
[1616689697.0461824, 1616689699.7063305]
[1616689696.8455637, 1616689699.5456603]
[1616689697.188339, 1616689699.870544]
[1616689696.95742, 1616689699.6257584]
[1616689697.1678848, 1616689699.8945057]
[1616689697.0560555, 1616689699.7508292]
[1616689697.133993, 1616689699.7915084]
[1616689697.2566042, 1616689699.970282]
[1616689697.4012206, 1616689700.1812825]
[1616689697.3087254, 1616689700.108351]
[1616689697.6851885, 1616689700.3885]
[1616689697.4650047, 1616689700.1623986]
[1616689697.4288948, 1616689700.1550815]
[1616689697.4432764, 1616689700.2193558]
[1616689697.6468234, 1616689700.3319228]
[1616689697.6833453, 1616689700.3675747]
[1616689697.637228, 1616689700.3396494]
[1616689697.80632, 1616689700.4958332]
[1616689697.8413675, 1616689700.5595121]
[1616689698.0754635, 1616689700.7673569]
[1616689698.008825, 1616689700.7811284]
[1616689697.8697114, 1616689700.5666165]
[1616689697.9209304, 1616689700.5980842]
[1616689697.8653655, 1616689700.547181]
[1616689697.9037504, 1616689700.5988681]
[1616689698.100032, 1616689700.7673304]
[1616689697.9532216, 1616689700.6531308]
[1616689698.1612263, 1616689700.8909159]
[1616689698.201949, 1616689700.8758264]
[1616689698.4562256, 1616689701.1464016]
[1616689698.5059388, 1616689701.2048907]
[1616689698.3458624, 1616689701.0453193]
[1616689698.5285513, 1616689701.2183623]
[1616689698.7228322, 1616689701.409049]
[1616689698.6066844, 1616689701.2660103]
[1616689698.580899, 1616689701.2929487]
[1616689698.5701385, 1616689701.2982464]
[1616689698.5872123, 1616689701.277726]
[1616689698.5741656, 1616689701.2685268]
[1616689698.7166545, 1616689701.4323447]
[1616689698.9297636, 1616689701.6268115]
[1616689698.6628397, 1616689701.3294146]
[1616689698.5849538, 1616689701.2826552]
[1616689698.9849174, 1616689701.6918087]
[1616689699.133315, 1616689701.8018394]
[1616689699.041464, 1616689701.7344522]
[1616689698.9634094, 1616689701.6810098]
[1616689699.1050189, 1616689701.800784]
[1616689699.301548, 1616689702.0085714]
[1616689698.9476943, 1616689701.62898]
[1616689699.4212582, 1616689702.1431358]
[1616689699.4198225, 1616689702.0785003]
[1616689699.226552, 1616689701.9300807]
[1616689699.525447, 1616689702.1813192]
[1616689699.3033636, 1616689701.995857]
[1616689699.569133, 1616689702.2624292]
[1616689699.6353152, 1616689702.3058128]
[1616689699.6981936, 1616689702.3944235]
[1616689699.5339231, 1616689702.2600923]
[1616689699.8831456, 1616689702.5729058]
[1616689699.7909648, 1616689702.5369961]
[1616689699.6807237, 1616689702.3802044]
[1616689699.9246533, 1616689702.6084378]
[1616689700.013444, 1616689702.6823382]
[1616689700.1508806, 1616689702.950497]
[1616689700.164659, 1616689702.8501189]
[1616689700.060676, 1616689702.721365]
[1616689699.9948068, 1616689702.7148082]
[1616689700.0769138, 1616689702.7659585]
[1616689700.098836, 1616689702.7986372]
[1616689700.2237484, 1616689702.9719336]
[1616689700.1131845, 1616689702.806239]
[1616689700.5451052, 1616689703.2373316]
[1616689700.6128092, 1616689703.3057919]
[1616689700.769071, 1616689703.4527721]
[1616689700.6068068, 1616689703.290962]
[1616689700.6136656, 1616689703.3155525]
[1616689700.70104, 1616689703.399196]
[1616689700.6978264, 1616689703.3934839]
[1616689700.6092806, 1616689703.3090134]
[1616689700.8811984, 1616689703.559316]
[1616689700.8014026, 1616689703.4863558]
[1616689700.7927341, 1616689703.5187914]
[1616689700.6332762, 1616689703.3094926]
[1616689701.1534255, 1616689703.861147]
[1616689701.2254183, 1616689703.9799347]
[1616689701.193776, 1616689703.9100902]
[1616689701.0926194, 1616689703.829337]
[1616689701.0840473, 1616689703.7820292]
[1616689701.2402418, 1616689703.9304976]
[1616689701.3224971, 1616689704.060137]
[1616689701.411926, 1616689704.1043618]
[1616689701.1891177, 1616689703.8590047]
[1616689701.3099222, 1616689704.045921]
[1616689701.5893595, 1616689704.2787616]
[1616689701.5582492, 1616689704.2682924]
[1616689701.4922078, 1616689704.1787672]
[1616689701.4874032, 1616689704.2002504]
[1616689701.609849, 1616689704.2874177]
[1616689701.7000391, 1616689704.3882272]
[1616689701.7147806, 1616689704.4177763]
[1616689701.7012804, 1616689704.3999975]
[1616689701.9679198, 1616689704.6937542]
[1616689701.8657537, 1616689704.5747986]
[1616689701.8310513, 1616689704.503503]
[1616689702.1443255, 1616689704.8345487]
[1616689702.2423854, 1616689704.9463675]
[1616689702.3445697, 1616689705.0665991]
[1616689702.496646, 1616689705.1550102]
[1616689702.2029107, 1616689704.8521004]
[1616689702.4557507, 1616689705.1431053]
[1616689702.2361772, 1616689704.917483]
[1616689702.1184738, 1616689704.803703]
[1616689702.4655988, 1616689705.189049]
[1616689702.3857286, 1616689705.074569]
[1616689702.3664627, 1616689705.1411793]
[1616689702.533727, 1616689705.2204332]
[1616689702.3257399, 1616689704.9902048]
[1616689702.4168088, 1616689705.139698]
[1616689702.7163482, 1616689705.3821115]
[1616689702.87269, 1616689705.5999415]
[1616689702.8174498, 1616689705.52095]
[1616689703.0009367, 1616689705.779802]
[1616689703.064881, 1616689705.8397877]
[1616689702.7636602, 1616689705.4314466]
[1616689703.007935, 1616689705.7166142]
[1616689702.775387, 1616689705.4850917]
[1616689703.1324818, 1616689705.814657]
[1616689703.1609235, 1616689705.85502]
[1616689703.181354, 1616689705.9275036]
[1616689702.8413534, 1616689705.5125854]
[1616689703.3353686, 1616689706.027485]
[1616689703.2108777, 1616689705.9649682]
[1616689703.3576863, 1616689706.0294142]
[1616689703.385696, 1616689706.0923643]
[1616689703.3432474, 1616689706.076216]
[1616689703.6740794, 1616689706.3736794]
[1616689703.672576, 1616689706.3711958]
[1616689703.5824955, 1616689706.2540224]
[1616689703.4850836, 1616689706.1571078]
[1616689703.5632992, 1616689706.258544]
[1616689703.7485936, 1616689706.478944]
[1616689703.831345, 1616689706.528428]
[1616689703.9188805, 1616689706.6386023]
[1616689703.812686, 1616689706.4937487]
[1616689703.9259202, 1616689706.6381314]
[1616689703.7702134, 1616689706.4504898]
[1616689703.7526498, 1616689706.4369018]
[1616689704.0031364, 1616689706.6979728]
[1616689704.02964, 1616689706.7014377]
[1616689703.9574487, 1616689706.6278539]
[1616689704.1980233, 1616689706.8892572]
[1616689704.1833258, 1616689706.8605583]
[1616689704.3335688, 1616689707.0106864]
[1616689704.4144192, 1616689707.0992599]
[1616689704.426731, 1616689707.1626644]
[1616689704.5246418, 1616689707.1909115]
[1616689704.333808, 1616689707.0514154]
[1616689704.4077995, 1616689707.09451]
[1616689704.451828, 1616689707.1461031]
[1616689704.6628685, 1616689707.3599746]
[1616689704.4991908, 1616689707.2311988]
[1616689704.6698947, 1616689707.4112897]
[1616689705.1256633, 1616689707.9115517]
[1616689704.822189, 1616689707.4839053]
[1616689704.7352269, 1616689707.4295554]
[1616689704.9598815, 1616689707.6579418]
[1616689704.96788, 1616689707.6539264]
[1616689704.806919, 1616689707.5528584]
[1616689704.9805832, 1616689707.6790185]
[1616689704.9762535, 1616689707.6337001]
[1616689705.113409, 1616689707.7955654]
[1616689705.1539464, 1616689707.9703007]
[1616689705.0476043, 1616689707.708962]
[1616689705.2664936, 1616689707.9291687]
[1616689705.3773637, 1616689708.1276007]
[1616689705.2101338, 1616689707.924637]
[1616689705.500989, 1616689708.1806743]
[1616689705.5050542, 1616689708.1645036]
[1616689705.5798922, 1616689708.250336]
[1616689705.2611222, 1616689707.9501162]
[1616689705.342301, 1616689708.0346067]
[1616689705.5581048, 1616689708.2519183]
[1616689705.8125787, 1616689708.5007043]
[1616689705.899843, 1616689708.5919857]
[1616689705.7608676, 1616689708.4966915]
[1616689705.7897758, 1616689708.5350776]
[1616689705.8878639, 1616689708.592648]
[1616689706.0738912, 1616689708.8073401]
[1616689705.856078, 1616689708.58361]
[1616689706.071821, 1616689708.8062692]
[1616689706.131131, 1616689708.829176]
[1616689705.9881284, 1616689708.7682722]
[1616689706.1144536, 1616689708.8058672]
[1616689706.155538, 1616689708.829681]
[1616689706.0920591, 1616689708.7713928]
[1616689706.2133214, 1616689708.887737]
[1616689706.5772765, 1616689709.2579756]
[1616689706.3298979, 1616689709.0119698]
[1616689706.4650288, 1616689709.1485972]
[1616689706.504291, 1616689709.196726]
[1616689706.379099, 1616689709.0765243]
[1616689706.3524082, 1616689709.0672543]
[1616689706.324833, 1616689709.0549753]
[1616689706.5212038, 1616689709.2211046]
[1616689706.4512358, 1616689709.149967]
[1616689706.4361584, 1616689709.1308084]
[1616689706.8305638, 1616689709.5696788]
[1616689706.8291824, 1616689709.530373]
[1616689706.7228365, 1616689709.389061]
[1616689706.9339423, 1616689709.6235344]
[1616689706.9451306, 1616689709.6245785]
[1616689706.8632798, 1616689709.572688]
[1616689707.378922, 1616689710.0708373]
[1616689707.1765518, 1616689709.8880913]
[1616689707.007109, 1616689709.7009885]
[1616689707.2563136, 1616689709.9803777]
[1616689707.328161, 1616689710.0016217]
[1616689707.3620121, 1616689710.0512516]
[1616689707.3517163, 1616689710.047255]
[1616689707.4333735, 1616689710.2407827]
[1616689707.4120693, 1616689710.0991235]
[1616689707.7027578, 1616689710.39526]
[1616689707.5486503, 1616689710.205066]
[1616689708.119036, 1616689710.8132806]
[1616689708.039728, 1616689710.7403848]
[1616689707.809702, 1616689710.493074]
[1616689707.9638317, 1616689710.6392822]
[1616689707.8996294, 1616689710.5962937]
[1616689707.9808393, 1616689710.7971425]
[1616689708.131306, 1616689710.8387742]
[1616689708.021753, 1616689710.6957746]
[1616689707.8353271, 1616689710.500053]
[1616689707.857621, 1616689710.5739515]
[1616689708.3877385, 1616689711.0404673]
[1616689708.3039095, 1616689711.0277538]
[1616689708.426716, 1616689711.1303024]
[1616689708.443749, 1616689711.1357982]
[1616689708.4168496, 1616689711.138856]
[1616689708.2430801, 1616689710.9337835]
[1616689708.6097019, 1616689711.3103843]
[1616689708.7203407, 1616689711.4992745]
[1616689708.3778656, 1616689711.1273115]
[1616689708.357639, 1616689711.0116215]
[1616689708.325436, 1616689710.9968543]
[1616689708.6335738, 1616689711.3316913]
[1616689708.5287344, 1616689711.2207394]
[1616689708.8623831, 1616689711.5286832]
[1616689708.8788102, 1616689711.620465]
[1616689708.9146078, 1616689711.6746817]
[1616689709.0179105, 1616689711.6969142]
[1616689709.0229864, 1616689711.7136645]
[1616689708.9176552, 1616689711.6251898]
[1616689708.785289, 1616689711.5057852]
[1616689708.998381, 1616689711.6683638]
[1616689709.1687562, 1616689711.8761194]
[1616689709.0991678, 1616689711.7933102]
[1616689709.2669182, 1616689711.9404068]
[1616689709.2441719, 1616689711.953992]
[1616689709.149317, 1616689711.8464475]
[1616689709.4656065, 1616689712.184174]
[1616689709.3156273, 1616689712.0142689]
[1616689709.3843884, 1616689712.0995896]
[1616689709.4460557, 1616689712.1090655]
[1616689709.6772103, 1616689712.3884778]
[1616689709.355603, 1616689712.0408123]
[1616689709.645018, 1616689712.3257835]
[1616689709.7269611, 1616689712.4091485]
[1616689709.7403493, 1616689712.4382966]
[1616689709.6297047, 1616689712.3097649]
[1616689709.9373388, 1616689712.6450958]
[1616689709.950933, 1616689712.6773038]
[1616689710.110963, 1616689712.8021235]
[1616689710.1093466, 1616689712.8119972]
[1616689710.2174106, 1616689712.8850262]
[1616689710.2683725, 1616689712.9971921]
[1616689710.0300188, 1616689712.7126014]
[1616689710.12007, 1616689712.815379]
[1616689710.0003886, 1616689712.7053196]
[1616689710.067043, 1616689712.8166232]
[1616689710.172172, 1616689712.9210174]
[1616689710.2275536, 1616689712.9705675]
[1616689710.4112177, 1616689713.098327]
[1616689710.3390582, 1616689713.1285746]
[1616689710.3589978, 1616689713.0923207]
[1616689710.6510315, 1616689713.3328323]
[1616689710.4208798, 1616689713.1151147]
[1616689710.4780893, 1616689713.2047684]
[1616689710.6519403, 1616689713.3434498]
[1616689710.4981818, 1616689713.1571324]
[1616689710.743785, 1616689713.4280927]
[1616689710.815647, 1616689713.5962293]
[1616689710.6863317, 1616689713.345915]
[1616689710.6549947, 1616689713.362946]
[1616689710.8353298, 1616689713.5374584]
[1616689710.878853, 1616689713.6163454]
[1616689711.0462859, 1616689713.6952837]
[1616689710.9096866, 1616689713.5992072]
[1616689711.090218, 1616689713.7896538]
[1616689710.9558353, 1616689713.6499364]
[1616689711.2159946, 1616689713.9468355]
[1616689711.4621274, 1616689714.162186]
[1616689711.4581685, 1616689714.1785553]
[1616689711.3106713, 1616689714.033753]
[1616689711.3170273, 1616689714.0102546]
[1616689711.4927197, 1616689714.135461]
[1616689711.4911768, 1616689714.2281055]
[1616689711.555517, 1616689714.2206907]
[1616689711.529573, 1616689714.2901454]
[1616689711.4277475, 1616689714.1168327]
[1616689711.5262132, 1616689714.2487667]
[1616689711.9575531, 1616689714.6285942]
[1616689711.889859, 1616689714.5881872]
[1616689712.033462, 1616689714.7258856]
[1616689711.7678466, 1616689714.46256]
[1616689711.8485832, 1616689714.5320141]
[1616689711.8807688, 1616689714.5837176]
[1616689711.7937994, 1616689714.4667256]
[1616689711.9673247, 1616689714.6623454]
[1616689711.8281317, 1616689714.5257654]
[1616689712.1967192, 1616689714.9321864]
[1616689712.2780917, 1616689714.9488401]
[1616689712.333823, 1616689715.0084107]
[1616689712.320645, 1616689715.0035875]
[1616689712.2667234, 1616689714.9963102]
[1616689712.1849723, 1616689714.8528004]
[1616689712.4741614, 1616689715.1699207]
[1616689712.2698967, 1616689714.9487002]
[1616689712.4254973, 1616689715.101033]
[1616689712.4425325, 1616689715.1613774]
[1616689712.6968296, 1616689715.3948474]
[1616689712.6069632, 1616689715.3020766]
[1616689712.7712498, 1616689715.510773]
[1616689712.7006192, 1616689715.404185]
[1616689712.765734, 1616689715.446006]
[1616689712.7844467, 1616689715.456651]
[1616689712.9880497, 1616689715.7221339]
[1616689712.7726974, 1616689715.5109699]
[1616689712.8199048, 1616689715.5133762]
[1616689712.8567817, 1616689715.546681]
[1616689713.0417607, 1616689715.7512822]
[1616689712.9462922, 1616689715.671826]
[1616689713.245875, 1616689715.9439929]
[1616689712.9195704, 1616689715.575325]
[1616689713.4047873, 1616689716.130544]
[1616689713.277996, 1616689715.9424376]
[1616689713.6089003, 1616689716.2973237]
[1616689713.4885268, 1616689716.1469254]
[1616689713.4139614, 1616689716.0981162]
[1616689713.3050094, 1616689716.024419]
[1616689713.4865844, 1616689716.1472318]
[1616689713.5994713, 1616689716.2889898]
[1616689713.4182491, 1616689716.1082373]
[1616689713.8628604, 1616689716.5735145]
[1616689713.5899706, 1616689716.294785]
[1616689713.6598463, 1616689716.3371994]
[1616689713.8594825, 1616689716.5015285]
[1616689713.8251793, 1616689716.5218346]
[1616689713.8644972, 1616689716.6398773]
[1616689714.0533915, 1616689716.7641933]
[1616689714.0285203, 1616689716.7150419]
[1616689713.9526274, 1616689716.684955]
[1616689713.9822538, 1616689716.6841946]
[1616689714.2076974, 1616689716.9032238]
[1616689714.1128085, 1616689716.801632]
[1616689714.251552, 1616689716.94863]
[1616689714.461959, 1616689717.1564605]
[1616689714.2733743, 1616689716.9513514]
[1616689714.43087, 1616689717.1388552]
[1616689714.4504256, 1616689717.1445675]
[1616689714.3716483, 1616689717.0693405]
[1616689714.695487, 1616689717.3836858]
[1616689714.277755, 1616689716.9472885]
[1616689714.2857437, 1616689716.992221]
[1616689714.4051883, 1616689717.0728276]
[1616689714.8502996, 1616689717.5445695]
[1616689714.580978, 1616689717.253327]
[1616689714.721017, 1616689717.4348416]
[1616689714.7379818, 1616689717.4230886]
[1616689714.5995398, 1616689717.2648556]
[1616689714.7082217, 1616689717.3837714]
[1616689715.0342538, 1616689717.723172]
[1616689714.9957032, 1616689717.6824386]
[1616689715.1324975, 1616689717.858235]
[1616689715.1140213, 1616689717.7801552]
[1616689715.1686003, 1616689717.8693514]
[1616689715.3386793, 1616689718.0341167]
[1616689715.0887153, 1616689717.7648413]
[1616689715.5099568, 1616689718.2266715]
[1616689715.4453368, 1616689718.1222608]
[1616689715.197571, 1616689717.9210694]
[1616689715.3349464, 1616689718.042163]
[1616689715.4689133, 1616689718.1409264]
[1616689715.5972319, 1616689718.2731898]
[1616689715.3801427, 1616689718.0798585]
[1616689715.690052, 1616689718.4294446]
[1616689715.4891057, 1616689718.1580489]
[1616689715.7059958, 1616689718.4044597]
[1616689715.66859, 1616689718.3811355]
[1616689715.7350004, 1616689718.451123]
[1616689715.9166462, 1616689718.578209]
[1616689715.848675, 1616689718.5860112]
[1616689715.750952, 1616689718.4939442]
[1616689715.8840182, 1616689718.5970442]
[1616689716.1260958, 1616689718.8309026]
[1616689716.1110485, 1616689718.7739701]
[1616689716.134101, 1616689718.8241003]
[1616689716.046265, 1616689718.7537594]
[1616689716.0835438, 1616689718.7888596]
[1616689716.1978083, 1616689718.8460684]
[1616689716.4589016, 1616689719.1436784]
[1616689716.2107568, 1616689718.8803728]
[1616689716.479344, 1616689719.1317365]
[1616689716.5554347, 1616689719.2516098]
[1616689716.5047843, 1616689719.165821]
[1616689716.4702997, 1616689719.1623735]
[1616689716.326335, 1616689719.0172155]
[1616689716.4645653, 1616689719.1826425]
[1616689716.513486, 1616689719.1441336]
[1616689716.5591006, 1616689719.254252]
[1616689716.7576911, 1616689719.4475424]
[1616689716.58192, 1616689719.3418324]
[1616689716.871465, 1616689719.5519478]
[1616689716.9238825, 1616689719.6211033]
[1616689716.869128, 1616689719.5600572]
[1616689717.2071395, 1616689719.8966055]
[1616689716.9295952, 1616689719.6589422]
[1616689716.999435, 1616689719.7006269]
[1616689717.0910783, 1616689719.7528296]
[1616689717.0546205, 1616689719.7290957]
[1616689717.214615, 1616689719.887011]
[1616689717.2111342, 1616689719.909223]
[1616689717.2683196, 1616689719.9454665]
[1616689717.351295, 1616689720.063078]
[1616689717.3508737, 1616689720.0309908]
[1616689717.5534077, 1616689720.2547555]
[1616689717.5346882, 1616689720.220791]
[1616689717.819955, 1616689720.5002632]
[1616689717.5685384, 1616689720.255273]
[1616689717.6378305, 1616689720.3057518]
[1616689717.8235362, 1616689720.5275135]
[1616689717.713194, 1616689720.379845]
[1616689717.770151, 1616689720.5034091]
[1616689717.7496614, 1616689720.4320776]
[1616689717.8270695, 1616689720.4858034]
[1616689717.7912636, 1616689720.4574165]
[1616689718.205163, 1616689720.9028728]
[1616689718.083005, 1616689720.8092976]
[1616689718.2346344, 1616689720.943185]
[1616689718.183329, 1616689720.8518355]
[1616689718.037428, 1616689720.7904325]
[1616689718.1676164, 1616689720.830895]
[1616689718.217141, 1616689720.963486]
[1616689718.3381345, 1616689720.9971936]
[1616689718.5692832, 1616689721.2726688]
[1616689718.5275772, 1616689721.2266636]
[1616689718.4610815, 1616689721.176817]
[1616689718.5438113, 1616689721.295389]
[1616689718.3452663, 1616689721.055131]
[1616689718.3763669, 1616689721.070995]
[1616689718.7026353, 1616689721.4467442]
[1616689718.8615987, 1616689721.5162787]
[1616689718.6221447, 1616689721.360609]
[1616689718.7342768, 1616689721.3973048]
[1616689719.1507144, 1616689721.7984488]
[1616689719.1138465, 1616689721.8191304]
[1616689718.9114692, 1616689721.5823555]
[1616689718.8735988, 1616689721.5675592]
[1616689719.0703819, 1616689721.7588582]
[1616689719.1027126, 1616689721.8165915]
[1616689719.202251, 1616689721.910836]
[1616689719.4332352, 1616689722.1500905]
[1616689719.465577, 1616689722.150782]
[1616689719.4985623, 1616689722.194828]
[1616689719.5819137, 1616689722.2585032]
[1616689719.4920812, 1616689722.1917987]
[1616689719.6991835, 1616689722.411827]
[1616689719.5434325, 1616689722.2217867]
[1616689719.7526145, 1616689722.4496765]
[1616689719.640066, 1616689722.3642554]
[1616689719.740801, 1616689722.420747]
[1616689719.8895657, 1616689722.583285]
[1616689720.07163, 1616689722.781895]
[1616689719.913439, 1616689722.6036203]
[1616689719.8717582, 1616689722.55252]
[1616689719.7929142, 1616689722.4429834]
[1616689720.0894213, 1616689722.7813296]
[1616689720.105897, 1616689722.8092275]
[1616689720.0257084, 1616689722.7100756]
[1616689720.2265751, 1616689722.9648306]
[1616689720.1800663, 1616689722.8426692]
[1616689719.950289, 1616689722.6540303]
[1616689720.1674316, 1616689722.8456404]
[1616689720.2745583, 1616689722.9677799]
[1616689720.3326833, 1616689723.0476532]
[1616689720.3136718, 1616689722.9939444]
[1616689720.152756, 1616689722.8357644]
[1616689720.3486848, 1616689723.0406578]
[1616689720.4002018, 1616689723.0784929]
[1616689720.7843797, 1616689723.4619858]
[1616689720.7303169, 1616689723.3983622]
[1616689720.8504364, 1616689723.5220773]
[1616689720.7241426, 1616689723.4331517]
[1616689720.7734668, 1616689723.4540489]
[1616689720.6414146, 1616689723.3722851]
[1616689720.7591605, 1616689723.4151864]
[1616689720.788828, 1616689723.4746153]
[1616689720.8008835, 1616689723.562264]
[1616689720.8902745, 1616689723.5849886]
[1616689721.0227113, 1616689723.6803122]
[1616689721.1738057, 1616689723.9159567]
[1616689721.1994514, 1616689723.917409]
[1616689721.6493442, 1616689724.3560486]
[1616689721.4363456, 1616689724.1889968]
[1616689721.275939, 1616689724.0144005]
[1616689721.4137292, 1616689724.0809133]
[1616689721.3146255, 1616689724.076812]
[1616689721.3706486, 1616689724.0913515]
[1616689721.3769412, 1616689724.0705914]
[1616689721.3694987, 1616689724.0809205]
[1616689721.4273577, 1616689724.1163695]
[1616689721.5979388, 1616689724.2783895]
[1616689721.5253336, 1616689724.1722064]
[1616689721.5325747, 1616689724.2601798]
[1616689721.625358, 1616689724.345806]
[1616689721.485717, 1616689724.1911738]
[1616689722.1107082, 1616689724.8058007]
[1616689721.814761, 1616689724.481417]
[1616689721.7233148, 1616689724.433905]
[1616689721.8953261, 1616689724.63845]
[1616689722.0431595, 1616689724.7373104]
[1616689722.006919, 1616689724.7032115]
[1616689722.124405, 1616689724.8257246]
[1616689721.9708066, 1616689724.6694758]
[1616689722.2203817, 1616689724.941447]
[1616689722.391593, 1616689725.0842366]
[1616689722.3876553, 1616689725.1006904]
[1616689722.2577136, 1616689724.9276261]
[1616689722.4125476, 1616689725.1355608]
[1616689722.1904883, 1616689724.8824933]
[1616689722.3981016, 1616689725.1788661]
[1616689722.359073, 1616689725.0305836]
[1616689722.667516, 1616689725.3638923]
[1616689722.7180939, 1616689725.3844812]
[1616689722.6849043, 1616689725.4092925]
[1616689722.7133977, 1616689725.358942]
[1616689722.6592283, 1616689725.3602142]
[1616689722.6478183, 1616689725.3376307]
[1616689722.7838871, 1616689725.4961114]
[1616689722.7831106, 1616689725.4758139]
[1616689722.6938431, 1616689725.3858716]
[1616689723.05496, 1616689725.751647]
[1616689723.0581226, 1616689725.7639332]
[1616689722.9694533, 1616689725.6221025]
[1616689723.1605725, 1616689725.985451]
[1616689723.1588137, 1616689725.8552582]
[1616689723.1393394, 1616689725.8167288]
[1616689723.1215332, 1616689725.7741742]
[1616689723.353707, 1616689726.0329456]
[1616689723.382472, 1616689726.042746]
[1616689723.3398855, 1616689726.0158958]
[1616689723.5159001, 1616689726.2279334]
[1616689723.4297779, 1616689726.0922506]
[1616689723.3787146, 1616689726.14053]
[1616689723.5789537, 1616689726.2805016]
[1616689723.4881654, 1616689726.1755817]
[1616689723.4198442, 1616689726.0830786]
[1616689723.5854487, 1616689726.262596]
[1616689723.7479234, 1616689726.405243]
[1616689723.6832895, 1616689726.364984]
[1616689723.6139581, 1616689726.2844625]
[1616689723.848932, 1616689726.58982]
[1616689723.9966025, 1616689726.7097418]
[1616689724.2230222, 1616689726.9301388]
[1616689724.1650805, 1616689726.8536017]
[1616689724.0035834, 1616689726.725796]
[1616689724.2480946, 1616689726.9126568]
[1616689724.1537106, 1616689726.8704205]
[1616689724.3254228, 1616689727.0036771]
[1616689724.3358011, 1616689727.0894668]
[1616689724.3147357, 1616689726.9975483]
[1616689724.2615786, 1616689726.9220393]
[1616689724.2401612, 1616689726.944375]
[1616689724.5524697, 1616689727.2784705]
[1616689724.671334, 1616689727.3968413]
[1616689724.5783787, 1616689727.2844]
[1616689724.515525, 1616689727.1790755]
[1616689724.843589, 1616689727.530356]
[1616689724.8567045, 1616689727.6014104]
[1616689724.8121479, 1616689727.5001462]
[1616689724.8013012, 1616689727.4976363]
[1616689724.7760098, 1616689727.4643228]
[1616689724.8541045, 1616689727.571762]
[1616689724.827773, 1616689727.532278]
[1616689724.8698719, 1616689727.585651]
[1616689725.0051165, 1616689727.704459]
[1616689725.0896454, 1616689727.7852185]
[1616689725.1109405, 1616689727.8157454]
[1616689725.097622, 1616689727.7963612]
[1616689724.9378107, 1616689727.623248]
[1616689725.5842588, 1616689728.261039]
[1616689725.1737187, 1616689727.8461776]
[1616689725.3969128, 1616689728.109337]
[1616689725.2129214, 1616689727.9702601]
[1616689725.465088, 1616689728.1637871]
[1616689725.6064036, 1616689728.3033028]
[1616689725.4753792, 1616689728.1638274]
[1616689725.4402163, 1616689728.1338143]
[1616689725.646797, 1616689728.2973325]
[1616689725.564174, 1616689728.2757893]
[1616689725.425216, 1616689728.1248827]
[1616689725.585062, 1616689728.24044]
[1616689726.0694046, 1616689728.7671745]
[1616689726.0186868, 1616689728.682069]
[1616689725.961377, 1616689728.6221416]
[1616689726.097811, 1616689728.7700286]
[1616689725.851989, 1616689728.5231006]
[1616689725.967461, 1616689728.6940355]
[1616689726.3192132, 1616689728.9865189]
[1616689725.885998, 1616689728.5820477]
[1616689726.354382, 1616689729.0552225]
[1616689726.1343336, 1616689728.8156052]
[1616689726.112095, 1616689728.7742274]
[1616689726.331623, 1616689729.0433955]
[1616689726.2510633, 1616689728.9356096]
[1616689726.4338665, 1616689729.0956614]
[1616689726.3472788, 1616689729.0438342]
[1616689726.5006568, 1616689729.3403633]
[1616689726.4552894, 1616689729.2102003]
[1616689726.4315317, 1616689729.0891511]
[1616689726.583162, 1616689729.278993]
[1616689726.649411, 1616689729.3867843]
[1616689726.7378383, 1616689729.7687697]
[1616689726.6785126, 1616689729.3646379]
[1616689726.8678715, 1616689729.606281]
[1616689726.8334186, 1616689729.5360422]
[1616689726.7815752, 1616689729.5262272]
[1616689726.8567846, 1616689729.5728374]
[1616689726.8713791, 1616689729.5661952]
[1616689727.136083, 1616689729.8227437]
[1616689727.0923579, 1616689729.7811258]
[1616689726.9549177, 1616689729.684862]
[1616689727.1201339, 1616689729.8593295]
[1616689727.1759245, 1616689729.8631968]
[1616689726.9458294, 1616689729.6633587]
[1616689726.9979713, 1616689729.6557806]
[1616689727.368181, 1616689730.0909576]
[1616689727.3788764, 1616689730.1122034]
[1616689727.5041041, 1616689730.2162108]
[1616689727.4876397, 1616689730.1754367]
[1616689727.5619373, 1616689730.2563202]
[1616689727.5608106, 1616689730.3081121]
[1616689727.4072406, 1616689730.1652563]
[1616689727.7815528, 1616689730.4525583]
[1616689727.618722, 1616689730.3272038]
[1616689727.7821982, 1616689730.4995236]
[1616689727.813506, 1616689730.5057209]
[1616689727.7550142, 1616689730.4489913]
[1616689727.860304, 1616689730.541201]
[1616689727.8466065, 1616689730.5636601]
[1616689727.8501368, 1616689730.539538]
[1616689727.974224, 1616689730.7417097]
[1616689727.9760158, 1616689730.7554762]
[1616689728.2282236, 1616689730.921588]
[1616689728.0795999, 1616689730.7702441]
[1616689728.1188369, 1616689730.8051257]
[1616689728.294026, 1616689731.0328977]
[1616689728.3792198, 1616689731.0525713]
[1616689728.3261423, 1616689731.0190158]
[1616689728.6996994, 1616689731.393658]
[1616689728.7565465, 1616689731.474342]
[1616689728.4754546, 1616689731.1694322]
[1616689728.5426126, 1616689731.212355]
[1616689728.5651705, 1616689731.2497058]
[1616689728.5575864, 1616689731.205884]
[1616689728.686624, 1616689731.3658738]
[1616689728.8778355, 1616689731.5641658]
[1616689728.7019367, 1616689731.3673692]
[1616689728.818157, 1616689731.503024]
[1616689729.1342463, 1616689731.794973]
[1616689728.7871594, 1616689731.4606493]
[1616689729.1888008, 1616689731.8790634]
[1616689729.1931937, 1616689731.8650699]
[1616689729.0085454, 1616689731.6990707]
[1616689729.441621, 1616689732.1889496]
[1616689729.389992, 1616689732.0903656]
[1616689729.1303568, 1616689731.7946699]
[1616689729.3860977, 1616689732.1118455]
[1616689729.4783955, 1616689732.180345]
[1616689729.3751574, 1616689732.0598042]
[1616689729.6487038, 1616689732.3466918]
[1616689729.5612538, 1616689732.2602158]
[1616689729.4316196, 1616689732.156978]
[1616689729.526111, 1616689732.212497]
[1616689729.6962602, 1616689732.4094174]
[1616689729.6854312, 1616689732.4926195]
[1616689729.7701032, 1616689732.5211535]
[1616689729.7692485, 1616689732.420745]
[1616689729.9125679, 1616689732.6317942]
[1616689729.771896, 1616689732.4617205]
[1616689729.9994228, 1616689732.683912]
[1616689729.8879645, 1616689732.5522132]
[1616689730.1599348, 1616689732.8496249]
[1616689729.9412172, 1616689732.615748]
[1616689730.1443906, 1616689732.8647175]
[1616689730.019974, 1616689732.7431355]
[1616689730.0760071, 1616689732.826494]
[1616689730.0898674, 1616689732.7534099]
[1616689730.1477826, 1616689732.857784]
[1616689730.432036, 1616689733.1750307]
[1616689730.3572984, 1616689733.150135]
[1616689730.2745388, 1616689732.9601526]
[1616689730.8079853, 1616689733.6053586]
[1616689730.4697294, 1616689733.1942592]
[1616689730.4785411, 1616689733.1789477]
[1616689730.6311393, 1616689733.330063]
[1616689730.5514808, 1616689733.2268653]
[1616689730.6006954, 1616689733.301701]
[1616689730.6268823, 1616689733.3210802]
[1616689730.7359788, 1616689733.4459767]
[1616689730.645756, 1616689733.3427498]
[1616689730.9091527, 1616689733.6584995]
[1616689730.7866905, 1616689733.4732335]
[1616689730.894023, 1616689733.5741968]
[1616689731.1184988, 1616689733.774515]
[1616689731.3013978, 1616689734.0296102]
[1616689731.153685, 1616689733.863782]
[1616689731.4106762, 1616689734.1415727]
[1616689731.3895044, 1616689734.0473044]
[1616689731.4367557, 1616689734.1099086]
[1616689731.441316, 1616689734.0918229]
[1616689731.566305, 1616689734.247764]
[1616689731.4623368, 1616689734.2038336]
[1616689731.5853696, 1616689734.2704773]
[1616689731.600864, 1616689734.312659]
[1616689731.423801, 1616689734.0833642]
[1616689731.6258469, 1616689734.2928784]
[1616689731.739351, 1616689734.417419]
[1616689731.7040675, 1616689734.3876107]
[1616689731.8809445, 1616689734.577447]
[1616689731.9906144, 1616689734.6795108]
[1616689731.899502, 1616689734.5823932]
[1616689731.8973453, 1616689734.595114]
[1616689731.821357, 1616689734.5021732]
[1616689732.049068, 1616689734.745347]
[1616689732.1224587, 1616689734.860467]
[1616689732.3872669, 1616689735.0725148]
[1616689731.9416277, 1616689734.6376805]
[1616689732.1978283, 1616689734.9011447]
[1616689732.3012614, 1616689735.003979]
[1616689732.261064, 1616689734.9425423]
[1616689732.5359757, 1616689735.2434878]
[1616689732.3480763, 1616689735.0601933]
[1616689732.4816048, 1616689735.188475]
[1616689732.436653, 1616689735.097525]
[1616689732.5700471, 1616689735.2852259]
[1616689732.7325299, 1616689735.4144602]
[1616689732.604339, 1616689735.3301399]
[1616689732.5702915, 1616689735.4418762]
[1616689732.5609517, 1616689735.2271295]
[1616689732.5789633, 1616689735.2829316]
[1616689732.7879992, 1616689735.4506836]
[1616689732.8852956, 1616689735.6181517]
[1616689733.0997279, 1616689735.787921]
[1616689733.0521433, 1616689735.769679]
[1616689732.9356925, 1616689735.655361]
[1616689733.0834024, 1616689735.7944999]
[1616689733.0216174, 1616689735.7590718]
[1616689732.9820523, 1616689735.6820245]
[1616689733.0762799, 1616689735.881093]
[1616689733.1634881, 1616689735.9589415]
[1616689733.0887513, 1616689735.7700875]
[1616689733.3720775, 1616689736.0703974]
[1616689733.329351, 1616689736.029471]
[1616689733.5236168, 1616689736.2106233]
[1616689733.5637074, 1616689736.262872]
[1616689733.4047077, 1616689736.0925055]
[1616689733.6551797, 1616689736.4743664]
[1616689733.6739173, 1616689736.4232416]
[1616689733.5551503, 1616689736.2578714]
[1616689733.7055113, 1616689736.3907037]
[1616689733.9543133, 1616689736.660015]
[1616689733.8301473, 1616689736.5227954]
[1616689733.9754887, 1616689736.688039]
[1616689733.7902017, 1616689736.4531922]
[1616689733.9885435, 1616689736.702683]
[1616689733.9830506, 1616689736.6813643]
[1616689734.0822163, 1616689736.7745316]
[1616689734.0663989, 1616689736.7206817]
[1616689734.2751944, 1616689736.9661005]
[1616689734.0245447, 1616689736.7228577]
[1616689734.2009614, 1616689736.88119]
[1616689734.1788623, 1616689736.8723047]
[1616689734.2752807, 1616689736.9612195]
[1616689734.4320178, 1616689737.1036139]
[1616689734.34373, 1616689737.03843]
[1616689734.4325469, 1616689737.0893178]
[1616689734.675024, 1616689737.3434877]
[1616689734.4185615, 1616689737.1010108]
[1616689734.779604, 1616689737.4394047]
[1616689734.775392, 1616689737.5119636]
[1616689734.6690037, 1616689737.3719392]
[1616689734.6904066, 1616689737.3902838]
[1616689734.7306097, 1616689737.4039245]
[1616689734.9425256, 1616689737.6051087]
[1616689734.6576073, 1616689737.3550332]
[1616689734.9652448, 1616689737.6583579]
[1616689734.8284364, 1616689737.5328972]
[1616689735.184098, 1616689737.8524444]
[1616689734.9449308, 1616689737.61394]
[1616689735.0755603, 1616689737.7895024]
[1616689734.8966713, 1616689737.7099226]
[1616689735.3713338, 1616689738.0687366]
[1616689735.4035995, 1616689738.133925]
[1616689735.492032, 1616689738.1665647]
[1616689735.4131193, 1616689738.1398299]
[1616689735.5208228, 1616689738.307884]
[1616689735.5716634, 1616689738.2615979]
[1616689735.3318985, 1616689738.0407417]
[1616689735.7840934, 1616689738.4534535]
[1616689735.768732, 1616689738.5396345]
[1616689735.5706606, 1616689738.2375274]
[1616689736.0177577, 1616689738.8047001]
[1616689735.744666, 1616689738.4875102]
[1616689735.718913, 1616689738.4087663]
[1616689735.9407218, 1616689738.6158328]
[1616689735.9392595, 1616689738.6793106]
[1616689736.1262164, 1616689738.8277426]
[1616689736.1867673, 1616689738.8993082]
[1616689735.960607, 1616689738.6459725]
[1616689736.0986679, 1616689738.7771719]
[1616689736.240067, 1616689738.9346838]
[1616689736.2965229, 1616689739.020353]
[1616689736.5893452, 1616689739.4657733]
[1616689736.2295961, 1616689738.9142482]
[1616689736.1852982, 1616689738.9077582]
[1616689736.4487126, 1616689739.1675203]
[1616689736.4013972, 1616689739.0796628]
[1616689735.73925, 1616689738.4619122]
[1616689736.5639217, 1616689739.2481706]
[1616689736.625873, 1616689739.3293507]
[1616689736.6125216, 1616689739.2702703]
[1616689736.7094479, 1616689739.4023056]
[1616689736.831671, 1616689739.5316963]
[1616689736.7259986, 1616689739.4104533]
[1616689736.8056545, 1616689739.5015738]
[1616689736.7470896, 1616689739.4461236]
[1616689737.0156806, 1616689739.6976779]
[1616689736.9659626, 1616689739.676454]
[1616689736.9035604, 1616689739.5789678]
[1616689736.9885082, 1616689739.6696532]
[1616689737.1337168, 1616689739.8134196]
[1616689737.3414505, 1616689740.028914]
[1616689737.3594801, 1616689740.0301704]
[1616689737.2900138, 1616689740.0048923]
[1616689737.0803711, 1616689739.7712576]
[1616689737.2396822, 1616689739.8952127]
[1616689737.191424, 1616689739.8710067]
[1616689737.2898095, 1616689739.9841826]
[1616689737.3893514, 1616689740.084259]
[1616689737.6071177, 1616689740.2997925]
[1616689737.5065312, 1616689740.166662]
[1616689737.7903185, 1616689740.5213783]
[1616689737.764617, 1616689740.499139]
[1616689737.640999, 1616689740.330686]
[1616689737.7765737, 1616689740.5162818]
[1616689737.8700812, 1616689740.5339243]
[1616689737.8449557, 1616689740.541216]
[1616689738.0413868, 1616689740.7621899]
[1616689737.788991, 1616689740.4542608]
[1616689737.989725, 1616689740.6842127]
[1616689738.1734793, 1616689740.8326945]
[1616689737.9636412, 1616689740.6363256]
[1616689738.081054, 1616689740.8027303]
[1616689738.2109895, 1616689740.9579742]
[1616689738.1431854, 1616689740.8461154]
[1616689738.2269855, 1616689740.947569]
[1616689738.3146155, 1616689741.0429883]
[1616689738.2588642, 1616689740.9182365]
[1616689738.4157808, 1616689741.1236393]
[1616689738.4999018, 1616689741.2081482]
[1616689738.65264, 1616689741.3348687]
[1616689738.4952269, 1616689741.2108922]
[1616689738.348636, 1616689741.0366423]
[1616689738.7133546, 1616689741.4342384]
[1616689738.7968285, 1616689741.4630961]
[1616689738.80077, 1616689741.5169194]
[1616689738.8663337, 1616689741.5729482]
[1616689738.9206252, 1616689741.6042342]
[1616689738.904939, 1616689741.6240742]
[1616689738.897054, 1616689741.69387]
[1616689739.2016487, 1616689741.9293873]
[1616689738.9858735, 1616689741.6873422]
[1616689739.0184326, 1616689741.730302]
[1616689739.251792, 1616689741.9654367]
[1616689739.0516295, 1616689741.7455697]
[1616689739.2049353, 1616689741.8881972]
[1616689739.2076151, 1616689741.919143]
[1616689739.4515257, 1616689742.1276076]
[1616689739.2443688, 1616689741.9298258]
[1616689739.3544579, 1616689742.0627358]
[1616689739.2931051, 1616689741.9766452]
[1616689739.5433135, 1616689742.2090106]
[1616689739.3905165, 1616689742.0748322]
[1616689739.3679807, 1616689742.057018]
[1616689739.6574075, 1616689742.3400779]
[1616689739.7455606, 1616689742.4204872]
[1616689739.76493, 1616689742.4442856]
[1616689739.6954079, 1616689742.4035325]
[1616689739.889407, 1616689742.5817928]
[1616689739.8436956, 1616689742.518772]
[1616689739.989877, 1616689742.6988933]
[1616689740.0304987, 1616689742.7271168]
[1616689740.014719, 1616689742.7387116]
[1616689739.9639707, 1616689742.620723]
[1616689740.1544316, 1616689742.8564208]
[1616689740.2067027, 1616689742.944181]
[1616689740.1602035, 1616689742.8550966]
[1616689740.1197534, 1616689742.823747]
[1616689740.0405693, 1616689742.719988]
[1616689740.1924293, 1616689742.8606305]
[1616689740.2694063, 1616689742.972505]
[1616689740.352039, 1616689743.0064154]
[1616689740.3355134, 1616689742.9977424]
[1616689740.2829897, 1616689742.9890609]
[1616689740.5624282, 1616689743.2216723]
[1616689740.306358, 1616689742.9865856]
[1616689740.8155944, 1616689743.512274]
[1616689740.61647, 1616689743.3933892]
[1616689740.4768772, 1616689743.1397102]
[1616689740.551569, 1616689743.2616694]
[1616689740.7239993, 1616689743.4184752]
[1616689740.8558633, 1616689743.5788176]
[1616689740.8151958, 1616689743.515658]
[1616689740.9655948, 1616689743.7106855]
[1616689741.0241165, 1616689743.6961093]
[1616689740.9287453, 1616689743.5914538]
[1616689740.9329221, 1616689743.5984123]
[1616689741.1520894, 1616689743.8790636]
[1616689741.1605575, 1616689743.8676176]
[1616689740.9802463, 1616689743.6909454]
[1616689741.1621063, 1616689743.9005098]
[1616689741.1453333, 1616689743.8429606]
[1616689741.262122, 1616689743.9764433]
[1616689741.383136, 1616689744.1838675]
[1616689741.3613322, 1616689744.047386]
[1616689741.4977827, 1616689744.168428]
[1616689741.3668575, 1616689744.0823352]
[1616689741.6162734, 1616689744.3280625]
[1616689741.5635831, 1616689744.2443905]
[1616689741.4348412, 1616689744.2103899]
[1616689741.7260702, 1616689744.4969492]
[1616689741.7308893, 1616689744.4296675]
[1616689741.8971207, 1616689744.606214]
[1616689741.9759667, 1616689744.6769555]
[1616689741.9533815, 1616689744.6385238]
[1616689742.1604416, 1616689744.8783903]
[1616689742.01493, 1616689744.692488]
[1616689741.9233446, 1616689744.60183]
[1616689742.1402273, 1616689744.8147976]
[1616689742.2142515, 1616689744.9040322]
[1616689742.1711125, 1616689744.8766785]
[1616689742.0536263, 1616689744.7915986]
[1616689742.1999543, 1616689744.8915892]
[1616689742.2057657, 1616689744.9278402]
[1616689742.1024647, 1616689744.782906]
[1616689742.417252, 1616689745.1302822]
[1616689742.4855065, 1616689745.1529717]
[1616689742.605687, 1616689745.2759345]
[1616689742.5878441, 1616689745.2782192]
[1616689742.315452, 1616689745.0265014]
[1616689742.4616916, 1616689745.175475]
[1616689742.7649543, 1616689745.4710307]
[1616689742.7023652, 1616689745.3712626]
[1616689742.7105865, 1616689745.4145682]
[1616689742.7875443, 1616689745.4556649]
[1616689742.691071, 1616689745.377764]
[1616689742.7364619, 1616689745.4354925]
[1616689742.875879, 1616689745.5356941]
[1616689742.8916492, 1616689745.5916395]
[1616689743.0733287, 1616689745.719777]
[1616689743.096926, 1616689745.7542021]
[1616689743.2114565, 1616689745.9077427]
[1616689743.1660452, 1616689745.827434]
[1616689743.2750282, 1616689745.9752867]
[1616689743.1936088, 1616689745.9651117]
[1616689743.1890073, 1616689745.8897057]
[1616689743.4434416, 1616689746.1370296]
[1616689743.4341607, 1616689746.1332226]
[1616689743.3294065, 1616689745.9887576]
[1616689743.4818358, 1616689746.2100806]
[1616689743.5518703, 1616689746.270419]
[1616689743.4412549, 1616689746.1548438]
[1616689743.374028, 1616689746.0951219]
[1616689743.79367, 1616689746.4990242]
[1616689743.7859988, 1616689746.4518495]
[1616689743.7844818, 1616689746.4753616]
[1616689743.8253627, 1616689746.4992266]
[1616689743.9562442, 1616689746.6456199]
[1616689743.7996323, 1616689746.4964905]
[1616689743.8580518, 1616689746.5808053]
[1616689743.87606, 1616689746.589684]
[1616689744.0872955, 1616689746.7927344]
[1616689744.2877724, 1616689746.9652832]
[1616689744.093544, 1616689746.7826235]
[1616689743.9714222, 1616689746.7008953]
[1616689744.1893697, 1616689746.9289467]
[1616689744.3388536, 1616689747.053843]
[1616689744.4377925, 1616689747.129969]
[1616689744.4303946, 1616689747.164249]
[1616689744.3848097, 1616689747.0967147]
[1616689744.3669858, 1616689747.1016164]
[1616689744.4300213, 1616689747.1217353]
[1616689744.1850576, 1616689746.8595223]
[1616689744.6000354, 1616689747.3378036]
[1616689744.644682, 1616689747.3306103]
[1616689744.6468303, 1616689747.3256133]
[1616689744.5342162, 1616689747.283594]
[1616689744.5413504, 1616689747.2499125]
[1616689745.0432627, 1616689747.7505028]
[1616689744.6983669, 1616689747.4027417]
[1616689744.8903909, 1616689747.6080387]
[1616689745.0281513, 1616689747.7207515]
[1616689744.8695397, 1616689747.5407457]
[1616689745.0250468, 1616689747.7301762]
[1616689745.0293233, 1616689747.7145605]
[1616689744.9935951, 1616689747.7103987]
[1616689745.3013558, 1616689747.997281]
[1616689745.2120004, 1616689747.915505]
[1616689745.1688433, 1616689747.8458896]
[1616689745.4260864, 1616689748.121737]
[1616689745.373132, 1616689748.0743656]
[1616689745.3415604, 1616689748.0161874]
[1616689745.5439725, 1616689748.2047205]
[1616689745.5398862, 1616689748.2582326]
[1616689745.6309338, 1616689748.3266866]
[1616689745.615952, 1616689748.3189602]
[1616689745.6650162, 1616689748.3365712]
[1616689745.6370533, 1616689748.2958834]
[1616689745.5984538, 1616689748.2635264]
[1616689745.8727164, 1616689748.5315552]
[1616689745.9497204, 1616689748.6590953]
[1616689745.7662506, 1616689748.4282172]
[1616689745.7512126, 1616689748.401931]
[1616689745.9165945, 1616689748.6116884]
[1616689746.1081963, 1616689748.832021]
[1616689746.1253333, 1616689748.8494766]
[1616689746.0819776, 1616689748.8216376]
[1616689746.1705542, 1616689748.8901346]
[1616689746.0785415, 1616689748.7383816]
[1616689746.2258399, 1616689748.9582288]
[1616689746.1948435, 1616689748.8806796]
[1616689746.3874059, 1616689749.0916424]
[1616689746.395711, 1616689749.0871494]
[1616689746.5093207, 1616689749.16593]
[1616689746.5336957, 1616689749.2488317]
[1616689746.6018171, 1616689749.2955124]
[1616689746.5685318, 1616689749.2394383]
[1616689746.7079647, 1616689749.4404006]
[1616689746.6655731, 1616689749.3561513]
[1616689746.5700278, 1616689749.2592812]
[1616689746.7220118, 1616689749.3972182]
[1616689746.8194823, 1616689749.546779]
[1616689746.6877518, 1616689749.381787]
[1616689746.7672355, 1616689749.5022955]
[1616689746.759256, 1616689749.5136175]
[1616689746.999795, 1616689749.6983144]
[1616689746.9361672, 1616689749.648685]
[1616689747.0874877, 1616689749.7730086]
[1616689747.2258039, 1616689749.959776]
[1616689747.2863312, 1616689750.0051677]
[1616689747.4739885, 1616689750.2058923]
[1616689747.1522954, 1616689749.84075]
[1616689747.421408, 1616689750.1559846]
[1616689747.2467294, 1616689749.9465108]
[1616689747.407915, 1616689750.1125784]
[1616689747.514292, 1616689750.2375004]
[1616689747.5486658, 1616689750.2184238]
[1616689747.4250891, 1616689750.108786]
[1616689747.774339, 1616689750.4839647]
[1616689747.4289453, 1616689750.1382558]
[1616689747.8223748, 1616689750.501268]
[1616689747.865584, 1616689750.534854]
[1616689747.5945482, 1616689750.3331397]
[1616689747.687394, 1616689750.392192]
[1616689747.9647815, 1616689750.6765587]
[1616689747.985971, 1616689750.6870775]
[1616689747.9095652, 1616689750.635967]
[1616689748.0612247, 1616689750.7378864]
[1616689748.2313879, 1616689750.8888242]
[1616689748.2118866, 1616689750.9296916]
[1616689748.3193562, 1616689750.9796124]
[1616689748.2614644, 1616689751.0173266]
[1616689748.2632647, 1616689750.9562635]
[1616689748.3996139, 1616689751.0660715]
[1616689748.4473898, 1616689751.137725]
[1616689748.369404, 1616689751.0514002]
[1616689748.397562, 1616689751.1043499]
[1616689748.4869483, 1616689751.146606]
[1616689748.3728924, 1616689751.07182]
[1616689748.5446804, 1616689751.2112148]
[1616689748.55389, 1616689751.272578]
[1616689748.7098527, 1616689751.402733]
[1616689748.890053, 1616689751.5785534]
[1616689748.8029592, 1616689751.5000265]
[1616689748.8132725, 1616689751.5111034]
[1616689748.8711383, 1616689751.6397598]
[1616689748.8806498, 1616689751.621831]
[1616689749.0666218, 1616689751.812504]
[1616689748.8015866, 1616689751.4668837]
[1616689748.9947984, 1616689751.7107692]
[1616689749.140194, 1616689751.8377817]
[1616689749.2130132, 1616689751.9237154]
[1616689749.2623656, 1616689751.9290204]
[1616689749.3466563, 1616689752.0445092]
[1616689749.2021558, 1616689751.8655183]
[1616689749.259708, 1616689751.9720426]
[1616689749.4472013, 1616689752.1822767]
[1616689749.3445258, 1616689752.0985057]
[1616689749.5266035, 1616689752.3336914]
[1616689749.4740667, 1616689752.1498604]
[1616689749.5535817, 1616689752.2673168]
[1616689749.584615, 1616689752.3498757]
[1616689749.8562412, 1616689752.5554628]
[1616689749.6213522, 1616689752.3105946]
[1616689749.8763556, 1616689752.5861554]
[1616689749.9685235, 1616689752.6585472]
[1616689749.687545, 1616689752.3948145]
[1616689749.9410095, 1616689752.6165721]
[1616689750.1186197, 1616689752.8273454]
[1616689749.9470096, 1616689752.6728835]
[1616689750.0275161, 1616689752.7476337]
[1616689750.0087867, 1616689752.6959245]
[1616689750.175846, 1616689752.897741]
[1616689750.2102127, 1616689752.8976562]
[1616689750.1312225, 1616689752.8103106]
[1616689750.4098313, 1616689753.1124153]
[1616689750.353275, 1616689753.1731713]
[1616689750.3660314, 1616689753.1431513]
[1616689750.3379877, 1616689753.008856]
[1616689750.2857137, 1616689753.0753503]
[1616689750.4666243, 1616689753.1634865]
[1616689750.555789, 1616689753.229001]
[1616689750.6010566, 1616689753.3199644]
[1616689750.774558, 1616689753.441225]
[1616689750.5966706, 1616689753.2665389]
[1616689750.692455, 1616689753.3777046]
[1616689750.7417912, 1616689753.4630396]
[1616689750.6997313, 1616689753.3867857]
[1616689750.9158144, 1616689753.5920897]
[1616689750.9882178, 1616689753.665697]
[1616689751.0736573, 1616689753.7465355]
[1616689751.0177157, 1616689753.7337682]
[1616689751.1845617, 1616689753.8425398]
[1616689751.1085935, 1616689753.8039188]
[1616689751.1766694, 1616689753.832691]
[1616689751.2334588, 1616689753.9054105]
[1616689751.3536904, 1616689754.0798786]
[1616689751.5221574, 1616689754.2143145]
[1616689751.1298988, 1616689753.8238432]
[1616689751.4058533, 1616689754.1729887]
[1616689751.3720968, 1616689754.042518]
[1616689751.472369, 1616689754.188242]
[1616689751.486729, 1616689754.1543076]
[1616689751.7159455, 1616689754.5116284]
[1616689751.4554749, 1616689754.168334]
[1616689751.7631533, 1616689754.469442]
[1616689751.689305, 1616689754.3860886]
[1616689751.82073, 1616689754.5680208]
[1616689751.855536, 1616689754.573121]
[1616689752.0278726, 1616689754.7379475]
[1616689752.049941, 1616689754.7480686]
[1616689752.1721756, 1616689754.8426733]
[1616689752.1415591, 1616689754.8603554]
[1616689752.313813, 1616689755.0157049]
[1616689751.9122818, 1616689754.5748062]
[1616689752.2475202, 1616689754.9358253]
[1616689752.0863287, 1616689754.762871]
[1616689752.1880102, 1616689754.9067836]
[1616689752.29853, 1616689754.9974597]
[1616689752.1190615, 1616689754.8206203]
[1616689752.443379, 1616689755.2461512]
[1616689752.2901669, 1616689755.0251856]
[1616689752.4578586, 1616689755.2592645]
[1616689752.4141474, 1616689755.116692]
[1616689752.7460454, 1616689755.4501426]
[1616689752.5254245, 1616689755.2224958]
[1616689752.7657561, 1616689755.4743288]
[1616689752.5000675, 1616689755.1860955]
[1616689752.5966418, 1616689755.3067174]
[1616689752.859143, 1616689755.5660298]
[1616689752.8129063, 1616689755.5070314]
[1616689752.9210389, 1616689755.650757]
[1616689753.22319, 1616689755.9585068]
[1616689753.293599, 1616689755.9814534]
[1616689753.3708012, 1616689756.0335665]
[1616689753.3876448, 1616689756.1061819]
[1616689753.5138483, 1616689756.21219]
[1616689753.4561143, 1616689756.1248763]
[1616689753.414752, 1616689756.1028934]
[1616689753.4636667, 1616689756.2320075]
[1616689753.43944, 1616689756.1413538]
[1616689753.638669, 1616689756.2898772]
[1616689753.3625185, 1616689756.0734003]
[1616689753.493292, 1616689756.1961024]
[1616689753.6911223, 1616689756.3801696]
[1616689753.7498014, 1616689756.4387918]
[1616689753.8453698, 1616689756.502851]
[1616689753.7121022, 1616689756.5451238]
[1616689753.7240043, 1616689756.3879662]
[1616689753.7338703, 1616689756.465472]
[1616689754.0016005, 1616689756.669888]
[1616689753.8242934, 1616689756.5184789]
[1616689753.8266618, 1616689756.5107112]
[1616689753.833697, 1616689756.5319107]
[1616689754.120384, 1616689756.8576627]
[1616689754.0308897, 1616689756.7268538]
[1616689754.0040107, 1616689756.649959]
[1616689754.1573374, 1616689756.826276]
[1616689754.318426, 1616689757.0267615]
[1616689754.3097703, 1616689757.006149]
[1616689754.3256757, 1616689757.0494666]
[1616689754.5932708, 1616689757.262434]
[1616689754.5655086, 1616689757.2646415]
[1616689754.4083884, 1616689757.0895858]
[1616689754.7322233, 1616689757.4532475]
[1616689754.5489762, 1616689757.2944026]
[1616689754.515668, 1616689757.2369094]
[1616689754.7491596, 1616689757.4522994]
[1616689754.6394107, 1616689757.3469744]
[1616689754.8412037, 1616689757.5614178]
[1616689754.7634602, 1616689757.4644744]
[1616689754.8569624, 1616689757.5474105]
[1616689754.931717, 1616689757.6541724]
[1616689754.98282, 1616689757.6681726]
[1616689755.148058, 1616689757.8558385]
[1616689755.2637067, 1616689757.9932997]
[1616689755.374743, 1616689758.0638466]
[1616689755.2936532, 1616689757.9794586]
[1616689755.338101, 1616689758.042253]
[1616689755.41698, 1616689758.0926247]
[1616689755.5580883, 1616689758.2714684]
[1616689755.5559883, 1616689758.2494035]
[1616689755.5587845, 1616689758.2523246]
[1616689755.1830351, 1616689757.9072616]
[1616689755.2682862, 1616689758.0605083]
[1616689755.5814672, 1616689758.2482116]
[1616689755.428857, 1616689758.1190665]
[1616689755.7990215, 1616689758.5231156]
[1616689755.6662078, 1616689758.3652673]
[1616689755.494599, 1616689758.2053053]
[1616689755.5857553, 1616689758.2932265]
[1616689755.76425, 1616689758.4140577]
[1616689755.8989365, 1616689758.5685935]
[1616689755.942618, 1616689758.640733]
[1616689756.015013, 1616689758.750845]
[1616689755.9117157, 1616689758.5886714]
[1616689755.88698, 1616689758.571069]
[1616689756.0599597, 1616689758.7296522]
[1616689756.232113, 1616689758.9277728]
[1616689756.1917377, 1616689758.8931558]
[1616689755.9927278, 1616689758.6692011]
[1616689756.2925155, 1616689759.054837]
[1616689756.1003916, 1616689758.8039076]
[1616689756.3460994, 1616689759.0030003]
[1616689756.5156047, 1616689759.210711]
[1616689756.5069103, 1616689759.2178411]
[1616689756.5124812, 1616689759.1698585]
[1616689756.4538162, 1616689759.1491172]
[1616689756.7897358, 1616689759.4376738]
[1616689756.8183846, 1616689759.518251]
[1616689756.7483075, 1616689759.4142587]
[1616689756.5789654, 1616689759.33712]
[1616689756.7580032, 1616689759.4385061]
[1616689756.8218474, 1616689759.499695]
[1616689756.793402, 1616689759.493445]
[1616689756.8668897, 1616689759.5748076]
[1616689757.1970496, 1616689759.8896053]
[1616689757.1269972, 1616689759.816418]
[1616689757.0654538, 1616689759.7598884]
[1616689757.4608593, 1616689760.1608858]
[1616689757.2529361, 1616689760.017183]
[1616689757.0378356, 1616689759.7258677]
[1616689757.3477926, 1616689760.0692024]
[1616689757.5529492, 1616689760.2402174]
[1616689757.5976171, 1616689760.3034651]
[1616689757.6609464, 1616689760.3858814]
[1616689757.2596247, 1616689759.9327967]
[1616689757.5757961, 1616689760.2794664]
[1616689757.362858, 1616689760.0603867]
[1616689757.6115437, 1616689760.3201277]
[1616689757.7542467, 1616689760.424708]
[1616689757.5965776, 1616689760.288495]
[1616689757.7592416, 1616689760.4558458]
[1616689757.8022375, 1616689760.465703]
[1616689757.9677851, 1616689760.6911497]
[1616689757.9970548, 1616689760.735878]
[1616689758.0529532, 1616689760.740487]
[1616689757.975946, 1616689760.6495275]
[1616689758.072839, 1616689760.7555451]
[1616689758.121659, 1616689760.799474]
[1616689758.414586, 1616689761.125437]
[1616689757.829095, 1616689760.530294]
[1616689758.1877017, 1616689760.9257708]
[1616689758.2853749, 1616689761.044221]
[1616689758.2698889, 1616689760.965834]
[1616689758.448848, 1616689761.0954344]
[1616689758.410563, 1616689761.133404]
[1616689758.2909274, 1616689760.9821026]
[1616689758.5352483, 1616689761.2331705]
[1616689758.4499044, 1616689761.1210394]
[1616689758.6298347, 1616689761.320502]
[1616689758.7556746, 1616689761.4780672]
[1616689758.622162, 1616689761.268798]
[1616689758.692997, 1616689761.501497]
[1616689758.6826546, 1616689761.3594823]
[1616689758.625372, 1616689761.309023]
[1616689758.8463585, 1616689761.5740783]
[1616689758.7336679, 1616689761.4435997]
[1616689758.7376952, 1616689761.4120727]
[1616689759.0145385, 1616689761.6674964]
[1616689758.8863368, 1616689761.6276193]
[1616689759.0846462, 1616689761.8533351]
[1616689758.9923117, 1616689761.6867523]
[1616689759.2949433, 1616689761.9863043]
[1616689759.0696764, 1616689761.9069557]
[1616689758.987606, 1616689761.703487]
[1616689759.3066962, 1616689762.0041776]
[1616689759.1446328, 1616689761.853287]
[1616689759.3702617, 1616689762.124823]
[1616689759.2256417, 1616689761.9406397]
[1616689759.2504086, 1616689761.9176567]
[1616689759.276845, 1616689761.9391065]
[1616689759.4631166, 1616689762.1311445]
[1616689759.332955, 1616689762.0188313]
[1616689759.4890807, 1616689762.1382105]
[1616689759.5838177, 1616689762.3056557]
[1616689759.5498793, 1616689762.246889]
[1616689759.6052883, 1616689762.2986512]
[1616689759.629936, 1616689762.3465858]
[1616689759.6186714, 1616689762.2894738]
[1616689759.5917745, 1616689762.280751]
[1616689759.6930726, 1616689762.4525614]
[1616689759.6541607, 1616689762.379633]
[1616689759.7364707, 1616689762.42528]
[1616689759.6794848, 1616689762.358]
[1616689759.8794367, 1616689762.5688057]
[1616689759.801449, 1616689762.5305717]
[1616689759.8845162, 1616689762.5803454]
[1616689759.944162, 1616689762.619232]
[1616689759.9376101, 1616689762.640985]
[1616689759.8944075, 1616689762.7085905]
[1616689759.9066577, 1616689762.6085432]
[1616689760.1023927, 1616689762.8019826]
[1616689760.0954828, 1616689762.8388953]
[1616689760.3290968, 1616689763.0402327]
[1616689760.186511, 1616689762.9221098]
[1616689760.1861386, 1616689763.054663]
[1616689760.1296403, 1616689762.8465874]
[1616689760.2509735, 1616689762.931114]
[1616689760.461826, 1616689763.1476762]
[1616689760.309614, 1616689763.0040765]
[1616689760.1738734, 1616689762.9142416]
[1616689760.4631453, 1616689763.1901186]
[1616689760.2921653, 1616689762.9775739]
[1616689760.4558094, 1616689763.127426]
[1616689760.3547435, 1616689763.091209]
[1616689760.4917026, 1616689763.3349156]
[1616689760.5496554, 1616689763.2411153]
[1616689760.5853279, 1616689763.2969728]
[1616689760.4743457, 1616689763.1350238]
[1616689760.5362694, 1616689763.4481788]
[1616689760.6136534, 1616689763.304934]
[1616689760.7205567, 1616689763.391168]
[1616689760.6299572, 1616689763.3380868]
[1616689760.6075184, 1616689763.3219216]
[1616689760.7409546, 1616689763.458363]
[1616689760.7041445, 1616689763.4140303]
[1616689760.6034796, 1616689763.4149418]
[1616689760.612131, 1616689763.3225243]
[1616689760.922931, 1616689763.6707194]
[1616689760.7861273, 1616689763.4852211]
[1616689760.990686, 1616689763.702483]
[1616689760.8882215, 1616689763.5772884]
[1616689760.972455, 1616689763.6621158]
[1616689761.0166833, 1616689763.7079942]
[1616689760.9046462, 1616689763.6580396]
[1616689760.9607623, 1616689763.661606]
[1616689760.8456347, 1616689763.527342]
[1616689761.0935962, 1616689763.8279705]
[1616689761.1716204, 1616689763.9109535]
[1616689761.1415372, 1616689763.9542341]
[1616689761.0973535, 1616689763.8767102]
[1616689761.1343656, 1616689763.9602735]
[1616689761.193156, 1616689763.9018457]
[1616689761.115239, 1616689763.7729475]
[1616689761.165372, 1616689763.8304315]
[1616689761.2842293, 1616689763.9490018]
[1616689761.2343009, 1616689763.9059124]
[1616689761.3447957, 1616689764.0314982]
[1616689761.4581966, 1616689764.1584024]
[1616689761.3583667, 1616689764.0323658]
[1616689761.569195, 1616689764.3043084]
[1616689761.4965408, 1616689764.2540944]
[1616689761.518482, 1616689764.221048]
[1616689761.4148035, 1616689764.1102252]
[1616689761.5687547, 1616689764.3312294]
[1616689761.4426394, 1616689764.1244974]
[1616689761.6002808, 1616689764.332155]
[1616689761.6814022, 1616689764.3323655]
[1616689761.7762802, 1616689764.471656]
[1616689761.555287, 1616689764.2484033]
[1616689761.6119866, 1616689764.3391511]
[1616689761.6597853, 1616689764.381225]
[1616689761.7807174, 1616689764.4900994]
[1616689761.6092007, 1616689764.2829456]
[1616689761.9687142, 1616689764.629333]
[1616689761.7789335, 1616689764.4772704]
[1616689761.8590589, 1616689764.5629814]
[1616689761.6717908, 1616689764.5120075]
[1616689761.7676454, 1616689764.470468]
[1616689761.843562, 1616689764.5604422]
[1616689761.850383, 1616689764.561618]
[1616689761.8498557, 1616689764.5679712]
[1616689761.8788981, 1616689764.5718277]
[1616689761.7864904, 1616689764.5540488]
[1616689761.9078348, 1616689764.623237]
[1616689762.1398497, 1616689764.8310084]
[1616689762.080979, 1616689764.7739432]
[1616689761.9021225, 1616689764.6587276]
[1616689762.1543574, 1616689764.8957987]
[1616689761.956689, 1616689764.673087]
[1616689762.0382018, 1616689764.703975]
[1616689762.0812738, 1616689764.8190458]
[1616689762.0968766, 1616689764.8829]
[1616689761.9753566, 1616689764.6402724]
[1616689761.993541, 1616689764.6853814]
[1616689762.0161026, 1616689764.7520149]
[1616689762.1458144, 1616689764.7916493]
[1616689762.1939006, 1616689764.8811827]
[1616689762.2048435, 1616689764.9464686]
[1616689762.0113385, 1616689764.747965]
[1616689762.1619148, 1616689764.9024315]
[1616689762.2848153, 1616689764.9882596]
[1616689762.0878723, 1616689764.8475187]
[1616689762.1415985, 1616689764.993571]
[1616689762.2138152, 1616689764.9217956]
[1616689762.3418632, 1616689765.1126006]
[1616689762.2296107, 1616689764.9239619]
[1616689762.318596, 1616689765.0665407]
[1616689762.185454, 1616689764.95623]
[1616689762.2630863, 1616689764.9607053]
[1616689762.3665156, 1616689765.038108]
[1616689762.2379844, 1616689765.0038426]
[1616689762.3100197, 1616689764.9995193]
[1616689762.5270877, 1616689765.2344768]
[1616689762.2319982, 1616689764.9896364]
[1616689762.291404, 1616689764.9897373]
[1616689762.31098, 1616689765.0199652]
[1616689762.437773, 1616689765.1608858]
[1616689762.4638596, 1616689765.2208462]
[1616689762.4679475, 1616689765.2179022]
[1616689762.4902666, 1616689765.2254333]
[1616689763.4887583, 1616689766.9093146]
[1616689762.5237007, 1616689765.2229326]
[1616689762.3538663, 1616689765.2092686]
[1616689762.5745943, 1616689765.2691867]
[1616689762.445738, 1616689765.2119474]
[1616689762.5250847, 1616689765.2416348]
[1616689763.6499786, 1616689766.9494302]
[1616689762.584746, 1616689765.399496]
[1616689763.6067905, 1616689766.832969]
[1616689763.5055249, 1616689766.7367046]
[1616689763.906584, 1616689767.400203]
[1616689762.5027535, 1616689765.2330709]
[1616689762.6136196, 1616689765.3163846]
[1616689763.598172, 1616689766.8810766]
[1616689763.7339313, 1616689767.1736927]
[1616689763.7690265, 1616689767.2259908]
[1616689763.5756779, 1616689766.915255]
[1616689763.635885, 1616689767.0767932]
[1616689763.6695065, 1616689767.1567144]
[1616689763.7069855, 1616689767.1751676]
[1616689762.5582952, 1616689765.2514887]
[1616689763.5643187, 1616689766.833172]
[1616689763.5958836, 1616689767.1059947]
[1616689763.6046786, 1616689767.046988]
[1616689762.4520552, 1616689765.2037044]
[1616689763.7086198, 1616689767.1787965]
[1616689763.8525834, 1616689767.143811]
[1616689763.7127333, 1616689767.2108405]
[1616689763.728536, 1616689767.1964324]
[1616689763.5884771, 1616689766.8378825]
[1616689763.781985, 1616689767.2984102]
[1616689762.375579, 1616689765.2701368]
[1616689762.5632021, 1616689766.0006905]
[1616689763.693824, 1616689767.1306984]
[1616689763.685862, 1616689767.13481]
[1616689763.6901727, 1616689767.1613452]
[1616689762.6441326, 1616689765.3570037]
[1616689763.7280853, 1616689767.2361696]
[1616689763.6494062, 1616689766.904209]
[1616689763.7044559, 1616689767.146589]
[1616689762.624957, 1616689765.2985754]
[1616689763.716577, 1616689767.1701605]
[1616689763.5418887, 1616689766.788105]
[1616689763.7349007, 1616689766.9933217]
[1616689763.7245307, 1616689766.9625862]
[1616689763.79885, 1616689767.3208246]
[1616689763.7815928, 1616689767.3741064]
[1616689762.713643, 1616689765.4744902]
[1616689763.80743, 1616689767.0669026]
[1616689762.2998607, 1616689764.9832172]
[1616689763.9368482, 1616689767.2535331]
[1616689763.7603052, 1616689767.234516]
