[1616689497.6148367, 1616689500.3711278]
[1616689497.836326, 1616689500.54074]
[1616689497.3079088, 1616689500.0686686]
[1616689497.5463269, 1616689500.2618768]
[1616689497.312789, 1616689500.0978532]
[1616689497.5223167, 1616689500.3227482]
[1616689497.6247158, 1616689500.3426728]
[1616689497.5675101, 1616689500.3163235]
[1616689497.8177683, 1616689500.5291362]
[1616689497.988699, 1616689500.7011845]
[1616689497.7522707, 1616689500.4700742]
[1616689497.6556697, 1616689500.4099514]
[1616689497.82012, 1616689500.563454]
[1616689497.694965, 1616689500.4396899]
[1616689497.1597168, 1616689499.9223514]
[1616689497.9175432, 1616689500.6754787]
[1616689497.7381153, 1616689500.4620538]
[1616689497.797025, 1616689500.489576]
[1616689497.8659477, 1616689500.579962]
[1616689497.7872407, 1616689500.5143404]
[1616689498.192254, 1616689500.9157226]
[1616689498.1041174, 1616689500.835247]
[1616689498.1912982, 1616689500.897303]
[1616689498.1428416, 1616689500.860044]
[1616689497.9614143, 1616689500.669907]
[1616689498.493509, 1616689501.2446723]
[1616689498.193333, 1616689500.9187582]
[1616689498.6713247, 1616689501.4093897]
[1616689498.6795115, 1616689501.4113555]
[1616689498.5469933, 1616689501.259632]
[1616689499.0990796, 1616689501.8273358]
[1616689499.1167085, 1616689501.816989]
[1616689499.3275666, 1616689502.0953286]
[1616689498.9482086, 1616689501.6937423]
[1616689498.8915927, 1616689501.6173055]
[1616689499.0400503, 1616689501.7501118]
[1616689499.1049798, 1616689501.84449]
[1616689499.3124478, 1616689502.0470319]
[1616689498.9901211, 1616689501.7477503]
[1616689499.3227284, 1616689502.0262165]
[1616689499.356747, 1616689502.0667648]
[1616689499.6591816, 1616689502.4236507]
[1616689500.1508353, 1616689502.9181368]
[1616689499.8180935, 1616689502.5233963]
[1616689499.8847973, 1616689502.6224265]
[1616689499.923694, 1616689502.648043]
[1616689500.1571825, 1616689502.88825]
[1616689500.3814108, 1616689503.0990996]
[1616689500.4224486, 1616689503.1329541]
[1616689500.1618454, 1616689502.942445]
[1616689500.3842974, 1616689503.092473]
[1616689500.298523, 1616689503.01416]
[1616689500.4977956, 1616689503.1840465]
[1616689500.8001485, 1616689503.5273337]
[1616689500.7072084, 1616689503.4049604]
[1616689500.587847, 1616689503.3422096]
[1616689500.8391485, 1616689503.5435834]
[1616689501.1045685, 1616689503.829858]
[1616689501.1257114, 1616689503.8762014]
[1616689501.3242455, 1616689504.055575]
[1616689501.4776669, 1616689504.2097702]
[1616689501.4825377, 1616689504.2210493]
[1616689501.3527517, 1616689504.0483458]
[1616689501.4871058, 1616689504.1945662]
[1616689501.5994036, 1616689504.3250291]
[1616689501.7462978, 1616689504.4916403]
[1616689501.6402614, 1616689504.408438]
[1616689501.9528077, 1616689504.6575546]
[1616689501.6403203, 1616689504.3568962]
[1616689502.0763953, 1616689504.79028]
[1616689502.0214586, 1616689504.7283375]
[1616689502.0806165, 1616689504.8548982]
[1616689502.1927161, 1616689504.931955]
[1616689502.2494571, 1616689504.960801]
[1616689502.021445, 1616689504.7498724]
[1616689502.1314058, 1616689504.8547826]
[1616689502.6394942, 1616689505.3764858]
[1616689502.4429443, 1616689505.1947522]
[1616689502.731929, 1616689505.543514]
[1616689502.6684246, 1616689505.368979]
[1616689502.8447006, 1616689505.5413544]
[1616689502.787315, 1616689505.5406923]
[1616689502.706335, 1616689505.4085872]
[1616689503.1358967, 1616689505.857098]
[1616689503.1911752, 1616689505.9237072]
[1616689503.1430974, 1616689505.8542092]
[1616689503.0737083, 1616689505.9080565]
[1616689503.2196221, 1616689505.984452]
[1616689503.0603664, 1616689505.7741818]
[1616689503.2808354, 1616689506.0523412]
[1616689503.6143436, 1616689506.3282537]
[1616689503.193578, 1616689505.8868477]
[1616689503.5017867, 1616689506.2279727]
[1616689503.53042, 1616689506.2404034]
[1616689503.5726607, 1616689506.2790155]
[1616689503.5221248, 1616689506.2436411]
[1616689504.0564153, 1616689506.7534468]
[1616689503.90148, 1616689506.652597]
[1616689504.0240014, 1616689506.7486396]
[1616689503.809403, 1616689506.524675]
[1616689504.0989168, 1616689506.8203666]
[1616689503.9390152, 1616689506.6789808]
[1616689504.1790128, 1616689507.004559]
[1616689504.3243723, 1616689507.0635011]
[1616689504.277357, 1616689507.1452553]
[1616689503.979186, 1616689506.6985588]
[1616689504.1152368, 1616689506.8502367]
[1616689504.6090105, 1616689507.3212454]
[1616689504.5020113, 1616689507.254645]
[1616689504.729134, 1616689507.440432]
[1616689504.5596912, 1616689507.270708]
[1616689504.9499533, 1616689507.7056918]
[1616689504.8894463, 1616689507.6013365]
[1616689504.7622886, 1616689507.519552]
[1616689504.9690883, 1616689507.7119865]
[1616689505.0712335, 1616689507.7793005]
[1616689504.9630718, 1616689507.67841]
[1616689505.0031857, 1616689507.7034576]
[1616689504.9418724, 1616689507.660801]
[1616689505.103707, 1616689507.8329365]
[1616689505.0098846, 1616689507.722963]
[1616689505.3989506, 1616689508.1210015]
[1616689505.3609846, 1616689508.099348]
[1616689505.6483886, 1616689508.4118025]
[1616689505.5119686, 1616689508.2078578]
[1616689505.52495, 1616689508.237581]
[1616689505.6592236, 1616689508.3713238]
[1616689505.4290266, 1616689508.140586]
[1616689505.8583255, 1616689508.5710094]
[1616689505.755818, 1616689508.5059247]
[1616689505.9976633, 1616689508.7485747]
[1616689506.0947738, 1616689508.8424547]
[1616689506.0641103, 1616689508.809874]
[1616689506.2909424, 1616689509.019059]
[1616689506.3606732, 1616689509.0851028]
[1616689506.1592095, 1616689508.8657517]
[1616689506.0251424, 1616689508.802666]
[1616689506.4610927, 1616689509.1744013]
[1616689506.4001572, 1616689509.1244898]
[1616689506.426067, 1616689509.148145]
[1616689506.7927747, 1616689509.5087802]
[1616689506.4250247, 1616689509.1306145]
[1616689506.6193657, 1616689509.3428583]
[1616689506.8854303, 1616689509.6060688]
[1616689506.6406581, 1616689509.353878]
[1616689506.8311396, 1616689509.5620546]
[1616689507.0694544, 1616689509.8359454]
[1616689507.0659857, 1616689510.0320735]
[1616689507.1493685, 1616689509.865079]
[1616689507.0716357, 1616689509.8158736]
[1616689507.1655238, 1616689509.8754914]
[1616689507.1579661, 1616689509.8707302]
[1616689507.1443634, 1616689509.8450801]
[1616689507.3957965, 1616689510.1430378]
[1616689507.3575866, 1616689510.0641882]
[1616689507.3485036, 1616689510.063014]
[1616689507.6914544, 1616689510.3984935]
[1616689507.6468213, 1616689510.386099]
[1616689507.7334323, 1616689510.4750075]
[1616689507.537625, 1616689510.268562]
[1616689507.6041615, 1616689510.3124344]
[1616689507.8824875, 1616689510.5905094]
[1616689507.5716174, 1616689510.2865045]
[1616689507.7005415, 1616689510.42114]
[1616689508.006538, 1616689510.732562]
[1616689508.100684, 1616689510.8339455]
[1616689507.9421988, 1616689510.646945]
[1616689507.976735, 1616689510.6864407]
[1616689508.1906996, 1616689510.907674]
[1616689508.39602, 1616689511.092375]
[1616689508.0955162, 1616689510.789358]
[1616689508.1201859, 1616689510.8695438]
[1616689508.275258, 1616689510.9748578]
[1616689508.1679676, 1616689510.8612561]
[1616689508.2845888, 1616689510.9880435]
[1616689508.6360478, 1616689511.374866]
[1616689508.4507399, 1616689511.1734395]
[1616689508.551132, 1616689511.3021977]
[1616689508.4877284, 1616689511.193693]
[1616689508.6255567, 1616689511.3571494]
[1616689508.7313764, 1616689511.446085]
[1616689508.5843022, 1616689511.3002286]
[1616689508.559135, 1616689511.268283]
[1616689508.9232903, 1616689511.7350056]
[1616689508.6579332, 1616689511.3443344]
[1616689508.903851, 1616689511.598859]
[1616689508.7031415, 1616689511.4346955]
[1616689508.9852333, 1616689511.8193061]
[1616689509.1904233, 1616689511.9019525]
[1616689509.281412, 1616689511.9913657]
[1616689508.9621177, 1616689511.6765003]
[1616689508.912858, 1616689511.6739078]
[1616689509.2481875, 1616689511.9560683]
[1616689509.1613307, 1616689511.8489833]
[1616689509.2958615, 1616689511.9852574]
[1616689509.0888898, 1616689511.792951]
[1616689509.4412527, 1616689512.1493328]
[1616689509.190874, 1616689511.9565325]
[1616689509.7419803, 1616689512.463239]
[1616689509.711027, 1616689512.4302428]
[1616689509.786913, 1616689512.4867988]
[1616689509.5154934, 1616689512.2175245]
[1616689509.5519977, 1616689512.306314]
[1616689509.7539692, 1616689512.4912767]
[1616689509.5734863, 1616689512.303209]
[1616689509.737504, 1616689512.449802]
[1616689509.6666725, 1616689512.403553]
[1616689509.940516, 1616689512.6404366]
[1616689509.8632474, 1616689512.5632222]
[1616689510.0696707, 1616689512.784623]
[1616689510.114766, 1616689512.8214235]
[1616689510.1791341, 1616689513.192496]
[1616689510.257838, 1616689512.9700227]
[1616689510.270749, 1616689513.0038068]
[1616689510.3920522, 1616689513.1431217]
[1616689510.166116, 1616689512.90172]
[1616689510.353983, 1616689513.072314]
[1616689510.4257112, 1616689513.1579695]
[1616689510.3441296, 1616689513.09441]
[1616689510.411731, 1616689513.123129]
[1616689510.6982648, 1616689513.4104097]
[1616689510.5364377, 1616689513.2431843]
[1616689510.6206403, 1616689513.3361528]
[1616689510.7331028, 1616689513.4415262]
[1616689510.7488034, 1616689513.4797394]
[1616689510.8546257, 1616689513.5871496]
[1616689510.5918937, 1616689513.3062744]
[1616689510.901558, 1616689513.6436613]
[1616689510.9692988, 1616689513.689488]
[1616689510.9777277, 1616689513.7186024]
[1616689511.1504862, 1616689513.8806703]
[1616689511.0894976, 1616689513.7852774]
[1616689511.1375754, 1616689513.8261435]
[1616689511.39843, 1616689514.1355672]
[1616689511.0165868, 1616689513.7131486]
[1616689511.001233, 1616689513.7278955]
[1616689511.1390095, 1616689513.898109]
[1616689511.1939871, 1616689513.9115217]
[1616689511.5502906, 1616689514.261085]
[1616689511.508381, 1616689514.2328465]
[1616689511.381908, 1616689514.2250633]
[1616689511.4372022, 1616689514.1830895]
[1616689511.57812, 1616689514.2821639]
[1616689511.4330199, 1616689514.1323419]
[1616689511.713499, 1616689514.5596035]
[1616689511.5254107, 1616689514.2384734]
[1616689511.73479, 1616689514.4533632]
[1616689511.8058226, 1616689514.5317576]
[1616689511.7100534, 1616689514.41472]
[1616689511.652667, 1616689514.34842]
[1616689511.846403, 1616689514.6030962]
[1616689511.931892, 1616689514.656846]
[1616689512.0514145, 1616689514.7825584]
[1616689511.9566233, 1616689514.6588607]
[1616689512.2859366, 1616689514.9976492]
[1616689512.3016205, 1616689515.0095408]
[1616689512.1608357, 1616689514.8700535]
[1616689512.3531866, 1616689515.0818806]
[1616689511.9899971, 1616689514.7031493]
[1616689512.274334, 1616689514.9751194]
[1616689512.4721265, 1616689515.2007914]
[1616689512.3287652, 1616689515.0583525]
[1616689512.480644, 1616689515.1915638]
[1616689512.3713346, 1616689515.2045393]
[1616689512.498721, 1616689515.2405114]
[1616689512.4070635, 1616689515.0645812]
[1616689512.8641694, 1616689515.5682194]
[1616689512.6095552, 1616689515.3528335]
[1616689512.8901386, 1616689515.6312072]
[1616689512.7171004, 1616689515.4195907]
[1616689512.807047, 1616689515.5499902]
[1616689512.743722, 1616689515.4435256]
[1616689512.8615284, 1616689515.5707757]
[1616689513.057446, 1616689515.7832415]
[1616689513.1300948, 1616689515.8361526]
[1616689512.916869, 1616689515.6627488]
[1616689512.9249656, 1616689515.6011674]
[1616689513.089942, 1616689515.8232653]
[1616689512.9679759, 1616689515.6390808]
[1616689513.1245005, 1616689515.8304923]
[1616689513.243837, 1616689516.0324583]
[1616689513.3824105, 1616689516.1131885]
[1616689513.4052582, 1616689516.1216707]
[1616689513.5019739, 1616689516.2427816]
[1616689513.391195, 1616689516.1022575]
[1616689513.5828211, 1616689516.3142807]
[1616689513.5111196, 1616689516.2241073]
[1616689513.5491362, 1616689516.276439]
[1616689513.6787257, 1616689516.4127426]
[1616689513.5892873, 1616689516.3313172]
[1616689513.646132, 1616689516.3748977]
[1616689513.9441679, 1616689516.7185595]
[1616689514.1192477, 1616689516.829153]
[1616689513.9233758, 1616689516.6584945]
[1616689513.851678, 1616689516.5483928]
[1616689513.9731674, 1616689516.6965187]
[1616689514.0135758, 1616689516.7029562]
[1616689514.0729308, 1616689516.7755723]
[1616689514.2137074, 1616689516.9605267]
[1616689514.0179079, 1616689516.74072]
[1616689514.1241295, 1616689516.8846931]
[1616689514.2296264, 1616689516.9538147]
[1616689514.237622, 1616689517.047085]
[1616689514.3921154, 1616689517.105694]
[1616689514.3712242, 1616689517.086302]
[1616689514.625004, 1616689517.4301865]
[1616689514.598691, 1616689517.3143759]
[1616689514.5574415, 1616689517.2567422]
[1616689514.6475995, 1616689517.3584595]
[1616689514.5979714, 1616689517.4144278]
[1616689514.813539, 1616689517.5914662]
[1616689514.6382253, 1616689517.46173]
[1616689514.9065409, 1616689517.621359]
[1616689514.9303737, 1616689517.7503746]
[1616689514.9515793, 1616689517.6450515]
[1616689515.0351086, 1616689517.7469225]
[1616689514.9810174, 1616689517.6763983]
[1616689515.0094948, 1616689517.6812255]
[1616689515.215506, 1616689518.0297313]
[1616689515.1766229, 1616689517.9210253]
[1616689515.1825325, 1616689517.8938978]
[1616689515.0804687, 1616689517.7426107]
[1616689515.2802076, 1616689518.1025434]
[1616689515.1439183, 1616689517.882176]
[1616689515.129358, 1616689517.859632]
[1616689515.46992, 1616689518.1785834]
[1616689515.542974, 1616689518.2490547]
[1616689515.7163284, 1616689518.392989]
[1616689515.64057, 1616689518.3371902]
[1616689515.5828962, 1616689518.323172]
[1616689515.753394, 1616689518.452253]
[1616689515.665482, 1616689518.364746]
[1616689515.7587829, 1616689518.489515]
[1616689515.6917453, 1616689518.4173522]
[1616689515.9032884, 1616689518.61562]
[1616689515.804835, 1616689518.5295992]
[1616689515.9784327, 1616689518.6914318]
[1616689516.042707, 1616689518.849247]
[1616689516.0183809, 1616689518.7549825]
[1616689516.016603, 1616689518.7317967]
[1616689516.0820446, 1616689518.8438048]
[1616689516.0573914, 1616689518.7750342]
[1616689516.2545955, 1616689519.0101607]
[1616689516.195218, 1616689518.909961]
[1616689516.107945, 1616689518.931059]
[1616689516.2128417, 1616689518.9217072]
[1616689516.200863, 1616689518.9160779]
[1616689516.379328, 1616689519.1159103]
[1616689516.4075356, 1616689519.1354525]
[1616689516.3405044, 1616689519.0584211]
[1616689516.590865, 1616689519.279828]
[1616689516.6315835, 1616689519.349623]
[1616689516.5028806, 1616689519.231148]
[1616689516.6855721, 1616689519.401691]
[1616689516.7198143, 1616689519.4145195]
[1616689516.8426983, 1616689519.5519063]
[1616689516.8751445, 1616689519.580638]
[1616689516.9996321, 1616689519.7143633]
[1616689516.9572256, 1616689519.656637]
[1616689517.2061903, 1616689519.8951175]
[1616689517.0467446, 1616689519.8013551]
[1616689516.9559493, 1616689519.7052417]
[1616689517.0826626, 1616689519.8049815]
[1616689516.9958436, 1616689519.7212129]
[1616689517.3523586, 1616689520.0610409]
[1616689517.392189, 1616689520.098146]
[1616689517.4481883, 1616689520.2304418]
[1616689517.1709821, 1616689519.9039233]
[1616689517.2099051, 1616689519.9319928]
[1616689517.5438786, 1616689520.2504754]
[1616689517.5983546, 1616689520.3333201]
[1616689517.6750896, 1616689520.373155]
[1616689517.5632908, 1616689520.3528807]
[1616689517.7675307, 1616689520.488334]
[1616689517.7885125, 1616689520.446149]
[1616689517.9638968, 1616689520.6896186]
[1616689517.7886937, 1616689520.487571]
[1616689517.7667513, 1616689520.5067396]
[1616689517.9769337, 1616689520.7261155]
[1616689517.8725615, 1616689520.602419]
[1616689517.9718049, 1616689520.6896913]
[1616689518.0287764, 1616689520.7319777]
[1616689518.1884418, 1616689520.874901]
[1616689518.1649346, 1616689520.895244]
[1616689518.2037816, 1616689520.9148731]
[1616689518.1737702, 1616689520.9911425]
[1616689518.3902605, 1616689521.0608847]
[1616689518.5274441, 1616689521.2765303]
[1616689518.4935694, 1616689521.2305424]
[1616689518.3473127, 1616689521.0543888]
[1616689518.6382594, 1616689521.3633282]
[1616689518.62803, 1616689521.3396842]
[1616689518.7557588, 1616689521.4729393]
[1616689518.5174024, 1616689521.2232223]
[1616689519.0145745, 1616689521.7309382]
[1616689518.639208, 1616689521.3069668]
[1616689518.9081328, 1616689521.614506]
[1616689518.9880402, 1616689521.8124785]
[1616689518.7579267, 1616689521.4723978]
[1616689519.0068672, 1616689521.7248929]
[1616689518.9330578, 1616689521.6448314]
[1616689518.9014919, 1616689521.6610212]
[1616689519.0745413, 1616689521.8014853]
[1616689519.0478737, 1616689521.7811449]
[1616689519.1995397, 1616689521.9350233]
[1616689519.2719853, 1616689521.9987307]
[1616689519.3409338, 1616689522.0618916]
[1616689519.471067, 1616689522.1913545]
[1616689519.4441924, 1616689522.1326404]
[1616689519.7991738, 1616689522.516724]
[1616689519.3589234, 1616689522.0659177]
[1616689519.2910638, 1616689521.984777]
[1616689519.5315077, 1616689522.2539904]
[1616689519.6743865, 1616689522.3867965]
[1616689519.587073, 1616689522.2988255]
[1616689519.7378242, 1616689522.487865]
[1616689519.6840844, 1616689522.4006119]
[1616689519.8007984, 1616689522.5120165]
[1616689519.7427158, 1616689522.4482565]
[1616689519.8516076, 1616689522.5844057]
[1616689520.062727, 1616689522.7670858]
[1616689519.7878773, 1616689522.5253687]
[1616689519.851517, 1616689522.5690308]
[1616689519.9190361, 1616689522.626266]
[1616689520.0501184, 1616689522.7433386]
[1616689520.1910844, 1616689522.9064796]
[1616689519.9903355, 1616689522.7448943]
[1616689520.1878688, 1616689522.895944]
[1616689520.1888368, 1616689522.8995378]
[1616689520.428244, 1616689523.273478]
[1616689520.3557262, 1616689523.085414]
[1616689520.3597958, 1616689523.1409428]
[1616689520.3099349, 1616689523.012092]
[1616689520.4047756, 1616689523.0857596]
[1616689520.5670805, 1616689523.2820888]
[1616689520.659957, 1616689523.3211966]
[1616689520.5245419, 1616689523.2205524]
[1616689520.6106834, 1616689523.3373547]
[1616689520.6927023, 1616689523.425975]
[1616689520.7573156, 1616689523.4915333]
[1616689520.4993505, 1616689523.2131166]
[1616689520.7543623, 1616689523.4587364]
[1616689520.8359256, 1616689523.5475044]
[1616689521.0052066, 1616689523.7885177]
[1616689521.104991, 1616689523.7797801]
[1616689521.2439978, 1616689523.951134]
[1616689521.0541902, 1616689523.7649739]
[1616689521.2968326, 1616689524.0441418]
[1616689521.4578054, 1616689524.2225313]
[1616689521.375693, 1616689524.0462625]
[1616689521.301574, 1616689524.0315506]
[1616689521.3742285, 1616689524.1029742]
[1616689521.6212056, 1616689524.3271213]
[1616689521.4090786, 1616689524.1167321]
[1616689521.3524146, 1616689524.0646453]
[1616689521.6099384, 1616689524.3345816]
[1616689521.5190833, 1616689524.2567582]
[1616689521.6758637, 1616689524.4550264]
[1616689521.717449, 1616689524.4258928]
[1616689521.78486, 1616689524.4781406]
[1616689521.804819, 1616689524.5387058]
[1616689521.7692049, 1616689524.4767132]
[1616689521.746867, 1616689524.4618003]
[1616689522.1143486, 1616689524.8411012]
[1616689522.0952466, 1616689524.8264217]
[1616689522.1309717, 1616689524.824419]
[1616689522.1915753, 1616689524.9199953]
[1616689522.2480438, 1616689524.9696329]
[1616689522.3557575, 1616689525.0545523]
[1616689522.1236875, 1616689524.879222]
[1616689522.1786063, 1616689524.8915052]
[1616689522.6293225, 1616689525.371724]
[1616689522.5250523, 1616689525.2384381]
[1616689522.5205867, 1616689525.2428122]
[1616689522.4147658, 1616689525.1246026]
[1616689522.5118577, 1616689525.2579954]
[1616689522.6794617, 1616689525.4019356]
[1616689522.7803738, 1616689525.5066273]
[1616689522.7759209, 1616689525.5088222]
[1616689522.7298968, 1616689525.4512315]
[1616689522.7827046, 1616689525.4983642]
[1616689522.6759906, 1616689525.3793597]
[1616689522.8356073, 1616689525.5441387]
[1616689522.9384081, 1616689525.6438272]
[1616689523.2280204, 1616689525.9667692]
[1616689522.887596, 1616689525.617843]
[1616689523.0626552, 1616689525.8177078]
[1616689523.0853388, 1616689525.7892265]
[1616689523.062389, 1616689525.795195]
[1616689523.081326, 1616689525.7999706]
[1616689523.2216575, 1616689525.9524155]
[1616689523.245597, 1616689525.9736383]
[1616689523.43446, 1616689526.2078712]
[1616689523.4263046, 1616689526.1090221]
[1616689523.6025603, 1616689526.280658]
[1616689523.4586008, 1616689526.1727245]
[1616689523.4159126, 1616689526.1467073]
[1616689523.3389819, 1616689525.9981415]
[1616689523.595348, 1616689526.328737]
[1616689523.5672567, 1616689526.2771902]
[1616689523.5976002, 1616689526.2977529]
[1616689523.705328, 1616689526.449839]
[1616689523.8392274, 1616689526.6622472]
[1616689523.7472346, 1616689526.4894414]
[1616689523.7147784, 1616689526.5015032]
[1616689524.042074, 1616689526.7431486]
[1616689523.9857135, 1616689526.7234206]
[1616689523.9049208, 1616689526.5992377]
[1616689524.1183236, 1616689526.8453336]
[1616689524.0371134, 1616689526.772913]
[1616689524.369019, 1616689527.089835]
[1616689524.110065, 1616689526.8192222]
[1616689524.2118073, 1616689526.9960504]
[1616689524.2963963, 1616689527.009127]
[1616689524.2591662, 1616689527.0019877]
[1616689524.3805451, 1616689527.0524201]
[1616689524.4368358, 1616689527.1523445]
[1616689524.4482367, 1616689527.1672857]
[1616689524.4397764, 1616689527.195757]
[1616689524.334879, 1616689527.0556366]
[1616689524.7425928, 1616689527.452014]
[1616689524.7177892, 1616689527.452716]
[1616689524.529141, 1616689527.2149296]
[1616689524.7447612, 1616689527.4983912]
[1616689524.7685838, 1616689527.4557133]
[1616689524.718841, 1616689527.4727094]
[1616689524.904785, 1616689527.6074135]
[1616689524.8486085, 1616689527.590417]
[1616689524.906899, 1616689527.6326706]
[1616689525.0624013, 1616689527.755713]
[1616689525.0928948, 1616689527.8300586]
[1616689524.988863, 1616689527.7353246]
[1616689525.0960772, 1616689527.801425]
[1616689525.4152977, 1616689528.1286223]
[1616689525.3558383, 1616689528.0729864]
[1616689525.2627132, 1616689527.970833]
[1616689525.3567114, 1616689528.0701003]
[1616689525.436795, 1616689528.1637206]
[1616689525.403288, 1616689528.137829]
[1616689525.3430715, 1616689528.0825262]
[1616689525.5606806, 1616689528.2759726]
[1616689525.4796495, 1616689528.199109]
[1616689525.684083, 1616689528.3896356]
[1616689525.8869243, 1616689528.5845592]
[1616689525.7383313, 1616689528.4947913]
[1616689525.8444142, 1616689528.55457]
[1616689525.6790164, 1616689528.3900108]
[1616689525.8759737, 1616689528.592928]
[1616689525.8961716, 1616689528.6214306]
[1616689526.1601377, 1616689528.8862822]
[1616689525.8921177, 1616689528.5917826]
[1616689526.071791, 1616689528.7314107]
[1616689526.2793171, 1616689529.0109265]
[1616689526.0738502, 1616689528.8371656]
[1616689526.4115443, 1616689529.1085691]
[1616689526.3762732, 1616689529.1147358]
[1616689526.3289912, 1616689529.0308528]
[1616689526.628212, 1616689529.2981954]
[1616689526.648009, 1616689529.3477018]
[1616689526.5595825, 1616689529.283965]
[1616689526.5364816, 1616689529.3025668]
[1616689526.465209, 1616689529.198479]
[1616689526.4336696, 1616689529.146669]
[1616689526.6775987, 1616689529.406449]
[1616689526.639365, 1616689529.3182147]
[1616689526.5839753, 1616689529.2921877]
[1616689527.0112944, 1616689529.7799673]
[1616689526.8647172, 1616689529.5880249]
[1616689526.964732, 1616689529.6782854]
[1616689527.3148642, 1616689530.0385587]
[1616689527.0861125, 1616689529.8307955]
[1616689527.128867, 1616689529.8466218]
[1616689526.926197, 1616689529.6338232]
[1616689527.2169225, 1616689529.9496589]
[1616689527.2393, 1616689529.936869]
[1616689527.4643555, 1616689530.1927826]
[1616689527.3899767, 1616689530.103655]
[1616689527.3467724, 1616689530.0482368]
[1616689527.4671867, 1616689530.1781087]
[1616689527.4597547, 1616689530.177966]
[1616689527.5155325, 1616689530.2762184]
[1616689527.4383423, 1616689530.1506112]
[1616689527.3476176, 1616689530.0385864]
[1616689527.6214557, 1616689530.3227441]
[1616689527.5386388, 1616689530.2525785]
[1616689527.7653315, 1616689530.4660172]
[1616689527.5692067, 1616689530.2797348]
[1616689527.8784182, 1616689530.6236565]
[1616689527.9127634, 1616689530.6622736]
[1616689527.9112508, 1616689530.6170611]
[1616689527.7052057, 1616689530.426959]
[1616689527.7365975, 1616689530.4591615]
[1616689528.1933155, 1616689530.8993788]
[1616689528.115892, 1616689530.875918]
[1616689528.1925771, 1616689530.8977542]
[1616689528.2564797, 1616689530.956278]
[1616689528.215766, 1616689530.9407253]
[1616689528.2633383, 1616689530.968969]
[1616689528.3846815, 1616689531.0941632]
[1616689528.273172, 1616689530.9694698]
[1616689528.362671, 1616689531.0752108]
[1616689528.1780527, 1616689530.9399533]
[1616689528.4921925, 1616689531.193765]
[1616689528.690267, 1616689531.4130576]
[1616689528.45962, 1616689531.1736195]
[1616689528.5982015, 1616689531.3181148]
[1616689528.6477165, 1616689531.3710632]
[1616689528.6039028, 1616689531.3140233]
[1616689528.7075922, 1616689531.4207816]
[1616689528.8077924, 1616689531.4638083]
[1616689528.9629686, 1616689531.7239685]
[1616689528.92322, 1616689531.645791]
[1616689529.2328374, 1616689531.9797094]
[1616689529.0896275, 1616689531.7976387]
[1616689528.9968846, 1616689531.7271647]
[1616689529.1285632, 1616689531.8592787]
[1616689529.2923388, 1616689532.0072222]
[1616689529.2261412, 1616689531.9633846]
[1616689529.2480624, 1616689531.9629085]
[1616689529.1020062, 1616689531.8422227]
[1616689529.4366155, 1616689532.251077]
[1616689529.3118331, 1616689532.0559816]
[1616689529.292056, 1616689532.0213234]
[1616689529.504858, 1616689532.2493322]
[1616689529.573843, 1616689532.2431078]
[1616689529.597808, 1616689532.319469]
[1616689529.5125256, 1616689532.200474]
[1616689529.7593474, 1616689532.476768]
[1616689529.940393, 1616689532.6291783]
[1616689529.9013631, 1616689532.6400833]
[1616689529.8075662, 1616689532.5690832]
[1616689529.6668518, 1616689532.3741045]
[1616689529.9044626, 1616689532.615089]
[1616689530.0003028, 1616689532.6891346]
[1616689530.3271937, 1616689533.121897]
[1616689529.9544659, 1616689532.6948802]
[1616689529.8796053, 1616689532.596765]
[1616689530.173692, 1616689532.8951976]
[1616689530.3294826, 1616689533.0463674]
[1616689530.2412302, 1616689532.9636018]
[1616689530.2870157, 1616689532.9935606]
[1616689530.2472248, 1616689532.9592113]
[1616689530.5267823, 1616689533.2492898]
[1616689530.4150503, 1616689533.1823928]
[1616689530.519282, 1616689533.2306397]
[1616689530.6212459, 1616689533.3053157]
[1616689530.7651322, 1616689533.4732108]
[1616689530.8557458, 1616689533.5664988]
[1616689530.534891, 1616689533.261421]
[1616689530.6756387, 1616689533.391975]
[1616689531.0028439, 1616689533.7112672]
[1616689530.8128672, 1616689533.5244195]
[1616689530.6474695, 1616689533.3898249]
[1616689530.9326525, 1616689533.6493158]
[1616689530.8721454, 1616689533.5996194]
[1616689530.8646812, 1616689533.5381715]
[1616689531.0136821, 1616689533.723184]
[1616689531.0008652, 1616689533.7009554]
[1616689531.1730485, 1616689533.9034975]
[1616689531.3209484, 1616689534.0219886]
[1616689531.0863283, 1616689533.7980528]
[1616689531.140977, 1616689533.8485563]
[1616689531.3507752, 1616689534.0957758]
[1616689531.2861521, 1616689533.98055]
[1616689531.4794128, 1616689534.139883]
[1616689531.5410433, 1616689534.259528]
[1616689531.3596618, 1616689534.075816]
[1616689531.376206, 1616689534.1006021]
[1616689531.5713978, 1616689534.2991178]
[1616689531.4677935, 1616689534.181182]
[1616689531.841334, 1616689534.6667347]
[1616689531.873724, 1616689534.6068482]
[1616689531.9021113, 1616689534.6376214]
[1616689531.9182937, 1616689534.642654]
[1616689531.797962, 1616689534.5132873]
[1616689531.8218598, 1616689534.5354614]
[1616689532.1920776, 1616689534.9056396]
[1616689532.0734527, 1616689534.8061862]
[1616689532.071842, 1616689534.8731349]
[1616689532.2838094, 1616689535.0361092]
[1616689532.1211731, 1616689534.8425646]
[1616689532.1610765, 1616689534.8709092]
[1616689532.1637957, 1616689534.8902519]
[1616689532.3957796, 1616689535.1178358]
[1616689532.3817692, 1616689535.1057522]
[1616689532.4281466, 1616689535.135593]
[1616689532.6275818, 1616689535.3509562]
[1616689532.7506518, 1616689535.4860384]
[1616689532.5432377, 1616689535.277826]
[1616689532.7738123, 1616689535.5611753]
[1616689532.471477, 1616689535.1486757]
[1616689532.7020965, 1616689535.4540224]
[1616689532.6272953, 1616689535.3327477]
[1616689532.7032406, 1616689535.399593]
[1616689532.770442, 1616689535.4551606]
[1616689532.828503, 1616689535.5160823]
[1616689532.9447079, 1616689535.6536276]
[1616689533.0907252, 1616689535.8077834]
[1616689532.9300923, 1616689535.635686]
[1616689533.1410291, 1616689535.9077287]
[1616689533.2529378, 1616689535.9618728]
[1616689533.1214418, 1616689535.849489]
[1616689533.1162896, 1616689535.8228343]
[1616689533.1611192, 1616689535.8800254]
[1616689533.4367003, 1616689536.1586013]
[1616689533.510774, 1616689536.2166111]
[1616689533.5333147, 1616689536.2435787]
[1616689533.6612098, 1616689536.3700483]
[1616689533.538618, 1616689536.258395]
[1616689533.57246, 1616689536.2888374]
[1616689533.7412128, 1616689536.4543376]
[1616689533.6756897, 1616689536.4169943]
[1616689533.7711487, 1616689536.480176]
[1616689533.698754, 1616689536.368547]
[1616689533.7980947, 1616689536.4966567]
[1616689534.1021028, 1616689536.8142757]
[1616689534.208515, 1616689536.9259539]
[1616689534.0530624, 1616689536.7593806]
[1616689533.7735214, 1616689536.4902735]
[1616689534.0784876, 1616689536.7770665]
[1616689533.9241047, 1616689536.6809971]
[1616689534.0887504, 1616689536.802333]
[1616689534.2594702, 1616689536.9572818]
[1616689534.1442156, 1616689536.864942]
[1616689534.2318118, 1616689536.8938475]
[1616689534.405828, 1616689537.1583135]
[1616689534.5555825, 1616689537.2713733]
[1616689534.531504, 1616689537.2488668]
[1616689534.4238644, 1616689537.1504486]
[1616689534.5735111, 1616689537.3049576]
[1616689534.6467097, 1616689537.4434998]
[1616689534.7560532, 1616689537.5944202]
[1616689534.541259, 1616689537.2492228]
[1616689534.8001125, 1616689537.5459]
[1616689534.5615726, 1616689537.285283]
[1616689534.9137328, 1616689537.6166904]
[1616689534.774906, 1616689537.5106652]
[1616689534.8356225, 1616689537.586]
[1616689534.9623885, 1616689537.7099106]
[1616689534.9131896, 1616689537.6488762]
[1616689535.0160718, 1616689537.728817]
[1616689535.0471601, 1616689537.7825487]
[1616689535.1120768, 1616689537.8152127]
[1616689535.0241365, 1616689537.7318745]
[1616689535.253962, 1616689537.9893699]
[1616689535.2162971, 1616689537.8897913]
[1616689535.067026, 1616689537.865438]
[1616689535.526394, 1616689538.2287056]
[1616689535.3262792, 1616689538.043277]
[1616689535.4201293, 1616689538.1436644]
[1616689535.418948, 1616689538.139289]
[1616689535.6641226, 1616689538.3887548]
[1616689535.758403, 1616689538.456098]
[1616689535.6288161, 1616689538.4132106]
[1616689535.7390366, 1616689538.4623375]
[1616689535.8082068, 1616689538.542621]
[1616689535.6916194, 1616689538.4262893]
[1616689535.8889918, 1616689538.6001992]
[1616689535.9607847, 1616689538.7517369]
[1616689535.9683032, 1616689538.6666343]
[1616689535.8986695, 1616689538.619749]
[1616689536.0568302, 1616689538.7578976]
[1616689536.0999355, 1616689538.8070514]
[1616689536.2552114, 1616689538.9624727]
[1616689536.1913683, 1616689538.914014]
[1616689536.15318, 1616689538.8583326]
[1616689536.5494027, 1616689539.2375185]
[1616689536.3306227, 1616689539.0432072]
[1616689536.1832623, 1616689538.9071274]
[1616689536.7604783, 1616689539.4919617]
[1616689536.4255867, 1616689539.1416867]
[1616689536.4161708, 1616689539.112438]
[1616689536.612809, 1616689539.3203108]
[1616689536.3795507, 1616689539.0933146]
[1616689536.871251, 1616689539.5978775]
[1616689536.712381, 1616689539.4416118]
[1616689536.7693226, 1616689539.4739816]
[1616689536.9430373, 1616689539.659756]
[1616689536.9242456, 1616689539.57868]
[1616689536.8527699, 1616689539.5703568]
[1616689536.994574, 1616689539.6995738]
[1616689537.0767956, 1616689539.7830663]
[1616689537.012323, 1616689539.7175193]
[1616689537.1104755, 1616689539.7879574]
[1616689537.0757964, 1616689539.808958]
[1616689537.1367497, 1616689539.8391721]
[1616689537.1207426, 1616689539.8411002]
[1616689537.0992804, 1616689539.8455224]
[1616689537.0733564, 1616689539.7826889]
[1616689537.0516613, 1616689539.7724717]
[1616689537.2174954, 1616689539.9437766]
[1616689537.2836864, 1616689539.989786]
[1616689537.2271051, 1616689539.924872]
[1616689537.4712949, 1616689540.2430243]
[1616689537.5005622, 1616689540.221192]
[1616689537.5185325, 1616689540.2440763]
[1616689537.533111, 1616689540.2671173]
[1616689537.5218377, 1616689540.2466106]
[1616689537.632658, 1616689540.3338711]
[1616689537.5137863, 1616689540.239431]
[1616689537.6953127, 1616689540.4189217]
[1616689537.7543468, 1616689540.4613974]
[1616689537.79356, 1616689540.5411232]
[1616689537.818651, 1616689540.5382626]
[1616689537.8159018, 1616689540.5328248]
[1616689537.9926188, 1616689540.7557395]
[1616689538.0915554, 1616689540.8173084]
[1616689537.8986955, 1616689540.5950868]
[1616689538.0600395, 1616689540.8654566]
[1616689538.1735122, 1616689540.8943002]
[1616689538.102992, 1616689540.8200603]
[1616689538.0511937, 1616689540.7707324]
[1616689538.0545757, 1616689540.7994564]
[1616689538.0008986, 1616689540.7122]
[1616689538.5000055, 1616689541.2289748]
[1616689538.2297974, 1616689540.9487722]
[1616689538.14477, 1616689540.8501682]
[1616689538.4550521, 1616689541.1783917]
[1616689538.2863061, 1616689540.9692655]
[1616689538.3884423, 1616689541.1255357]
[1616689538.431003, 1616689541.16958]
[1616689538.4678204, 1616689541.158389]
[1616689538.5067647, 1616689541.2933645]
[1616689538.5135694, 1616689541.2411346]
[1616689538.4652903, 1616689541.2394397]
[1616689538.7477355, 1616689541.4645102]
[1616689538.667987, 1616689541.4025116]
[1616689538.5819008, 1616689541.3230815]
[1616689538.7126637, 1616689541.4292142]
[1616689538.8146632, 1616689541.524778]
[1616689538.816492, 1616689541.6201615]
[1616689538.7841563, 1616689541.4987733]
[1616689538.8380466, 1616689541.6183884]
[1616689538.8645895, 1616689541.5652137]
[1616689538.9431562, 1616689541.687999]
[1616689538.8929188, 1616689541.617315]
[1616689538.9734638, 1616689541.6761324]
[1616689538.920567, 1616689541.676975]
[1616689539.087539, 1616689541.8004296]
[1616689539.2574859, 1616689541.9384093]
[1616689539.0251052, 1616689541.828469]
[1616689539.006927, 1616689541.705643]
[1616689539.2148716, 1616689541.88972]
[1616689539.2522151, 1616689541.9405305]
[1616689539.2899697, 1616689542.2105544]
[1616689539.209498, 1616689541.9330266]
[1616689539.3807724, 1616689542.0924604]
[1616689539.2384953, 1616689541.9538388]
[1616689539.2683282, 1616689541.9454935]
[1616689539.4679632, 1616689542.1881015]
[1616689539.4624443, 1616689542.1935234]
[1616689539.3870606, 1616689542.1046932]
[1616689539.3356354, 1616689542.0578325]
[1616689539.5316164, 1616689542.2393157]
[1616689539.5677066, 1616689542.2812035]
[1616689539.5320048, 1616689542.2689197]
[1616689539.7113185, 1616689542.4156766]
[1616689539.5294414, 1616689542.2291715]
[1616689539.6213715, 1616689542.345645]
[1616689539.7440076, 1616689542.4651978]
[1616689539.8365023, 1616689542.5208876]
[1616689539.915615, 1616689542.631637]
[1616689539.682763, 1616689542.4109278]
[1616689539.7182987, 1616689542.3789375]
[1616689539.9165907, 1616689542.6232104]
[1616689539.7937586, 1616689542.5021925]
[1616689539.7386153, 1616689542.436982]
[1616689539.814211, 1616689542.5315218]
[1616689540.0371041, 1616689542.748348]
[1616689540.1314373, 1616689542.9295535]
[1616689540.0681012, 1616689542.7691777]
[1616689539.9004843, 1616689542.6452215]
[1616689540.0815687, 1616689542.781701]
[1616689539.9803014, 1616689542.7325304]
[1616689540.104071, 1616689542.8106847]
[1616689540.171741, 1616689542.8826303]
[1616689540.5045228, 1616689543.2154655]
[1616689540.3827446, 1616689543.1293828]
[1616689540.2657235, 1616689542.989813]
[1616689540.141339, 1616689542.8457005]
[1616689540.2194514, 1616689542.9291766]
[1616689540.388931, 1616689543.1120112]
[1616689540.2820249, 1616689543.0049508]
[1616689540.1977794, 1616689542.920828]
[1616689540.311265, 1616689543.045225]
[1616689540.3443305, 1616689543.046959]
[1616689540.505318, 1616689543.2179546]
[1616689540.5915313, 1616689543.308698]
[1616689540.458266, 1616689543.182071]
[1616689540.6164443, 1616689543.3345242]
[1616689540.5905128, 1616689543.3106618]
[1616689540.6460059, 1616689543.3483653]
[1616689540.684197, 1616689543.3786285]
[1616689540.4471536, 1616689543.1676517]
[1616689540.5416067, 1616689543.2815173]
[1616689540.6288807, 1616689543.3511984]
[1616689540.5884924, 1616689543.391347]
[1616689540.7184026, 1616689543.4201005]
[1616689540.6166556, 1616689543.3379495]
[1616689540.7698486, 1616689543.481581]
[1616689540.815137, 1616689543.523729]
[1616689540.8084295, 1616689543.5289884]
[1616689540.60934, 1616689543.2810743]
[1616689540.808122, 1616689543.5677955]
[1616689540.8652313, 1616689543.5526981]
[1616689540.7263052, 1616689543.430623]
[1616689540.8104475, 1616689543.5435846]
[1616689540.7938013, 1616689543.5108404]
[1616689540.8408225, 1616689543.55439]
[1616689541.0504112, 1616689543.7603528]
[1616689540.998054, 1616689543.741754]
[1616689540.9530716, 1616689543.6929257]
[1616689540.9938858, 1616689543.6828897]
[1616689540.9631445, 1616689543.6709223]
[1616689540.944693, 1616689543.669987]
[1616689541.0400507, 1616689543.706065]
[1616689541.0508935, 1616689543.7540078]
[1616689541.0941067, 1616689543.8783722]
[1616689541.0961807, 1616689543.7925794]
[1616689541.1132557, 1616689543.840543]
[1616689541.029808, 1616689543.711702]
[1616689541.0284188, 1616689543.7186832]
[1616689541.1571536, 1616689543.8595114]
[1616689541.0803435, 1616689543.798656]
[1616689541.1094108, 1616689543.7908318]
[1616689541.2332544, 1616689544.0208747]
[1616689541.0211062, 1616689543.7442784]
[1616689541.2630925, 1616689543.9800606]
[1616689541.4024732, 1616689544.0625677]
[1616689541.1454418, 1616689543.8384943]
[1616689541.1686714, 1616689543.858633]
[1616689541.08071, 1616689543.7835922]
[1616689541.335177, 1616689544.0776918]
[1616689541.1729734, 1616689543.846405]
[1616689541.2263176, 1616689543.9539704]
[1616689541.345918, 1616689544.0293508]
[1616689541.3988051, 1616689544.1512506]
[1616689541.3783367, 1616689544.1008642]
[1616689541.3756306, 1616689544.085279]
[1616689541.279318, 1616689543.981696]
[1616689541.238786, 1616689543.9291952]
[1616689541.3809078, 1616689544.099617]
[1616689541.235539, 1616689544.047066]
[1616689541.4010158, 1616689544.175931]
[1616689541.5080361, 1616689544.2276018]
[1616689541.3836699, 1616689544.0875673]
[1616689541.4286814, 1616689544.1554813]
[1616689541.2972295, 1616689544.0097837]
[1616689541.3830292, 1616689544.093687]
[1616689541.4234166, 1616689544.1660683]
[1616689541.5495105, 1616689544.2584069]
[1616689541.3927007, 1616689544.150943]
[1616689541.5789058, 1616689544.3242548]
[1616689541.652675, 1616689544.3848376]
[1616689541.4522498, 1616689544.1443]
[1616689541.4697485, 1616689544.1805873]
[1616689541.5498855, 1616689544.2411618]
[1616689541.4670403, 1616689544.1276228]
[1616689541.5780265, 1616689544.2581184]
[1616689541.668174, 1616689544.4464204]
[1616689541.5735834, 1616689544.2833579]
[1616689541.6055245, 1616689544.3103657]
[1616689541.600928, 1616689544.3373318]
[1616689541.637794, 1616689544.3724325]
[1616689541.6674366, 1616689544.3376145]
[1616689541.6174974, 1616689544.339928]
[1616689541.5924306, 1616689544.3537998]
[1616689541.5822306, 1616689544.3192425]
[1616689541.5865211, 1616689544.291109]
[1616689541.3074114, 1616689544.0407841]
[1616689541.6336927, 1616689544.4369922]
[1616689541.6160004, 1616689544.430181]
[1616689541.6391163, 1616689544.3341637]
[1616689541.622119, 1616689544.343952]
[1616689541.6981418, 1616689544.4297364]
[1616689541.6960604, 1616689544.411789]
[1616689541.6443553, 1616689544.3148947]
[1616689541.7426465, 1616689544.4236734]
[1616689541.740324, 1616689544.4648824]
[1616689541.7282238, 1616689544.4397826]
[1616689541.63778, 1616689544.3529093]
[1616689541.6862526, 1616689544.4166012]
[1616689541.6716945, 1616689544.3886166]
[1616689541.6762524, 1616689544.4274044]
[1616689541.7202506, 1616689544.4127288]
[1616689541.6882772, 1616689544.3931298]
[1616689541.748909, 1616689544.4455929]
[1616689541.7540412, 1616689544.4862318]
[1616689541.5893438, 1616689544.3224905]
[1616689541.7118769, 1616689544.4289649]
[1616689541.4709299, 1616689544.1830974]
[1616689541.377192, 1616689544.103895]
[1616689541.674328, 1616689544.3682241]
[1616689541.672517, 1616689544.4463046]
[1616689541.791892, 1616689544.505838]
[1616689541.7612908, 1616689544.4639068]
[1616689541.7695765, 1616689544.4672627]
[1616689541.7508245, 1616689544.4399805]
[1616689541.7146091, 1616689544.4772751]
[1616689541.6577358, 1616689544.3950195]
