[1616531824.6748784, 1616531827.444077]
[1616531824.4945846, 1616531827.2134311]
[1616531824.2671776, 1616531827.0051079]
[1616531824.6680377, 1616531827.446462]
[1616531823.8401577, 1616531826.526151]
[1616531824.4325848, 1616531827.1936953]
[1616531824.685311, 1616531827.418546]
[1616531824.5281858, 1616531827.322908]
[1616531824.1286514, 1616531826.8858602]
[1616531824.1607273, 1616531826.8917856]
[1616531824.6871028, 1616531827.4448845]
[1616531824.6004531, 1616531827.3285034]
[1616531824.8526988, 1616531827.5659614]
[1616531824.3773298, 1616531827.1164346]
[1616531824.5373237, 1616531827.2795975]
[1616531824.486745, 1616531827.2669537]
[1616531824.7402291, 1616531827.4775643]
[1616531824.3127089, 1616531827.0856733]
[1616531824.4012904, 1616531827.1578028]
[1616531824.5551584, 1616531827.2849243]
[1616531825.1762795, 1616531827.872056]
[1616531824.8291912, 1616531827.563874]
[1616531825.3552327, 1616531828.0844867]
[1616531825.03549, 1616531827.7906547]
[1616531825.2205522, 1616531827.9603956]
[1616531825.3729184, 1616531828.0692415]
[1616531825.2338474, 1616531828.0048375]
[1616531825.7664356, 1616531828.4492233]
[1616531825.5197268, 1616531828.2371397]
[1616531825.8975387, 1616531828.674395]
[1616531825.859765, 1616531828.5954251]
[1616531825.7446153, 1616531828.5047085]
[1616531825.8821945, 1616531828.6192448]
[1616531826.0564756, 1616531828.7759776]
[1616531826.0475676, 1616531828.7479637]
[1616531826.0082011, 1616531828.766318]
[1616531825.9501312, 1616531828.6741602]
[1616531826.529243, 1616531829.2428079]
[1616531826.2945938, 1616531829.0561326]
[1616531826.41956, 1616531829.1735575]
[1616531826.544425, 1616531829.2317696]
[1616531826.3929458, 1616531829.1405287]
[1616531826.8179533, 1616531829.5126657]
[1616531826.6980178, 1616531829.4281342]
[1616531826.75332, 1616531829.4839911]
[1616531827.163665, 1616531829.8856347]
[1616531827.2866068, 1616531830.001753]
[1616531827.1142526, 1616531829.8476617]
[1616531827.2464657, 1616531829.9458723]
[1616531827.2185109, 1616531829.9311225]
[1616531827.3998656, 1616531830.1029553]
[1616531827.5567467, 1616531830.2695515]
[1616531827.441323, 1616531830.1412318]
[1616531827.5827942, 1616531830.277935]
[1616531827.4887693, 1616531830.1801856]
[1616531827.7879307, 1616531830.5042906]
[1616531827.9114833, 1616531830.5867908]
[1616531828.126078, 1616531830.8277922]
[1616531828.246357, 1616531830.9387298]
[1616531828.241062, 1616531830.9338224]
[1616531828.187402, 1616531830.8857248]
[1616531828.1522343, 1616531830.8321536]
[1616531828.25314, 1616531830.9651773]
[1616531828.247816, 1616531830.9464524]
[1616531828.486081, 1616531831.1630216]
[1616531828.4061828, 1616531831.1361303]
[1616531828.641126, 1616531831.377335]
[1616531828.6718934, 1616531831.4273982]
[1616531828.9641871, 1616531831.6577263]
[1616531828.785091, 1616531831.470619]
[1616531828.6579194, 1616531831.3748004]
[1616531828.8636672, 1616531831.566065]
[1616531828.813132, 1616531831.5211537]
[1616531828.8943012, 1616531831.6088932]
[1616531828.978257, 1616531831.680762]
[1616531829.0739193, 1616531831.783825]
[1616531829.2303264, 1616531831.9251764]
[1616531829.2985232, 1616531831.9883845]
[1616531829.2068446, 1616531831.903186]
[1616531829.3781846, 1616531832.0210664]
[1616531829.452484, 1616531832.1722605]
[1616531829.1025472, 1616531831.8095047]
[1616531829.7569945, 1616531832.466227]
[1616531829.6452963, 1616531832.3571734]
[1616531829.5690386, 1616531832.285832]
[1616531829.8804808, 1616531832.5655353]
[1616531829.686222, 1616531832.3941984]
[1616531829.5284197, 1616531832.1891916]
[1616531830.0786266, 1616531832.7560017]
[1616531829.6221642, 1616531832.3417692]
[1616531829.9373941, 1616531832.6552742]
[1616531830.0174966, 1616531832.7183714]
[1616531830.0580406, 1616531832.72549]
[1616531830.3054962, 1616531832.9711478]
[1616531830.2028985, 1616531832.8729038]
[1616531830.4399085, 1616531833.1073103]
[1616531830.6008542, 1616531833.2357168]
[1616531830.6655622, 1616531833.4019346]
[1616531830.6544025, 1616531833.3164585]
[1616531830.5248914, 1616531833.1827297]
[1616531830.6052651, 1616531833.2847583]
[1616531830.6824985, 1616531833.3762872]
[1616531830.859636, 1616531833.5314796]
[1616531830.7374253, 1616531833.4190528]
[1616531831.0564475, 1616531833.7534432]
[1616531830.8503034, 1616531833.4889147]
[1616531831.1058998, 1616531833.7626379]
[1616531831.2796361, 1616531833.9166763]
[1616531831.5395184, 1616531834.2117217]
[1616531831.411951, 1616531834.07166]
[1616531830.944855, 1616531833.6167135]
[1616531831.5449047, 1616531834.2136931]
[1616531831.6240675, 1616531834.303288]
[1616531831.3388968, 1616531834.0214105]
[1616531831.577372, 1616531834.2348366]
[1616531831.6624665, 1616531834.3414428]
[1616531831.755399, 1616531834.4334524]
[1616531832.0720181, 1616531834.7368693]
[1616531831.8918905, 1616531834.5683613]
[1616531831.9003267, 1616531834.5576463]
[1616531831.8749433, 1616531834.5627413]
[1616531831.672698, 1616531834.3325927]
[1616531831.8685908, 1616531834.5041742]
[1616531832.0276315, 1616531834.671165]
[1616531832.4757407, 1616531835.1300697]
[1616531832.5350475, 1616531835.168561]
[1616531832.4369607, 1616531835.1054509]
[1616531832.4173074, 1616531835.0842068]
[1616531832.3765256, 1616531835.044096]
[1616531832.519198, 1616531835.1586394]
[1616531832.6080205, 1616531835.2946851]
[1616531832.5398834, 1616531835.2364497]
[1616531832.5989487, 1616531835.284903]
[1616531832.8417754, 1616531835.527557]
[1616531832.6968956, 1616531835.3628125]
[1616531833.0520868, 1616531835.6982055]
[1616531833.0253985, 1616531835.6871116]
[1616531832.8975546, 1616531835.541089]
[1616531833.1256003, 1616531835.8156652]
[1616531833.35458, 1616531836.024706]
[1616531833.3741372, 1616531836.0388858]
[1616531833.5115097, 1616531836.1622741]
[1616531833.3422596, 1616531835.9988499]
[1616531833.368566, 1616531836.0069005]
[1616531833.520093, 1616531836.1997635]
[1616531833.633884, 1616531836.301425]
[1616531833.586457, 1616531836.2439468]
[1616531833.6992993, 1616531836.4000938]
[1616531833.8230205, 1616531836.473269]
[1616531833.765658, 1616531836.450073]
[1616531833.891342, 1616531836.5492702]
[1616531834.0982418, 1616531836.777669]
[1616531834.1016982, 1616531836.7779386]
[1616531834.2452428, 1616531836.8988729]
[1616531834.205401, 1616531836.878036]
[1616531834.5086017, 1616531837.1853611]
[1616531834.2671325, 1616531836.930787]
[1616531834.185212, 1616531836.8131077]
[1616531834.4739418, 1616531837.145127]
[1616531834.4677236, 1616531837.1639962]
[1616531834.3388069, 1616531837.0234218]
[1616531834.4779704, 1616531837.1485233]
[1616531834.624255, 1616531837.2893655]
[1616531834.7875757, 1616531837.4516182]
[1616531834.7718415, 1616531837.436283]
[1616531834.901889, 1616531837.5468657]
[1616531834.7182345, 1616531837.339056]
[1616531834.9361856, 1616531837.7013967]
[1616531834.9726655, 1616531837.7195952]
[1616531835.0721898, 1616531837.8066604]
[1616531834.840449, 1616531837.497304]
[1616531834.9316788, 1616531837.5973742]
[1616531834.9125164, 1616531837.548457]
[1616531835.068717, 1616531837.735132]
[1616531835.1357508, 1616531837.7876618]
[1616531835.237828, 1616531837.877247]
[1616531835.089972, 1616531837.7440908]
[1616531835.3239696, 1616531837.978447]
[1616531835.4638264, 1616531838.1359744]
[1616531835.2948017, 1616531837.9905238]
[1616531835.4705431, 1616531838.1259904]
[1616531835.4763057, 1616531838.1521304]
[1616531835.3761997, 1616531838.0927577]
[1616531835.643156, 1616531838.2903183]
[1616531835.5450587, 1616531838.2089353]
[1616531835.6790886, 1616531838.4201987]
[1616531835.7804298, 1616531838.4411182]
[1616531835.795747, 1616531838.4595945]
[1616531835.6888676, 1616531838.4471598]
[1616531835.8763254, 1616531838.6147485]
[1616531836.1345174, 1616531838.7867417]
[1616531835.8895912, 1616531838.6047611]
[1616531835.8093667, 1616531838.5385923]
[1616531835.854068, 1616531838.522326]
[1616531835.9803693, 1616531838.7164233]
[1616531836.2831738, 1616531838.9208105]
[1616531836.2529888, 1616531838.9153433]
[1616531836.159119, 1616531838.8494031]
[1616531836.432744, 1616531839.116271]
[1616531836.3782291, 1616531839.0251176]
[1616531836.3637984, 1616531839.0248094]
[1616531836.3946457, 1616531839.0301585]
[1616531836.498982, 1616531839.1736836]
[1616531836.6261854, 1616531839.2764046]
[1616531836.457531, 1616531839.143403]
[1616531836.5202284, 1616531839.178572]
[1616531836.7671306, 1616531839.5849247]
[1616531836.6316268, 1616531839.3538175]
[1616531836.724423, 1616531839.4332345]
[1616531837.0052958, 1616531839.7007868]
[1616531836.9569058, 1616531839.6060243]
[1616531836.9885795, 1616531839.6637292]
[1616531836.970495, 1616531839.6267276]
[1616531837.0996413, 1616531839.7690036]
[1616531836.9874315, 1616531839.662118]
[1616531837.0160894, 1616531839.6720955]
[1616531837.1073186, 1616531839.7725637]
[1616531837.3865526, 1616531840.0635]
[1616531837.3632529, 1616531839.9953055]
[1616531837.1309392, 1616531839.7841253]
[1616531837.4119718, 1616531840.0919778]
[1616531837.4240842, 1616531840.090822]
[1616531837.5833216, 1616531840.2357192]
[1616531837.2867863, 1616531839.9977808]
[1616531837.5354345, 1616531840.168997]
[1616531837.4141345, 1616531840.0937424]
[1616531837.8108037, 1616531840.479305]
[1616531837.7784643, 1616531840.5208478]
[1616531837.8312538, 1616531840.5424333]
[1616531837.772858, 1616531840.4265416]
[1616531837.7768133, 1616531840.4524992]
[1616531837.9986598, 1616531840.6866815]
[1616531838.1147683, 1616531840.77984]
[1616531837.956651, 1616531840.5785954]
[1616531838.1099548, 1616531840.7795172]
[1616531838.3978357, 1616531841.1732893]
[1616531838.3993459, 1616531841.0873666]
[1616531838.1334515, 1616531840.7891517]
[1616531838.4193926, 1616531841.0576127]
[1616531838.3075385, 1616531840.9445024]
[1616531838.1757216, 1616531840.8627238]
[1616531838.3679755, 1616531841.0530868]
[1616531838.3277798, 1616531840.987718]
[1616531838.5355942, 1616531841.210743]
[1616531838.6189137, 1616531841.3200889]
[1616531838.6034124, 1616531841.3143816]
[1616531838.6794744, 1616531841.352096]
[1616531838.745138, 1616531841.4432642]
[1616531838.7974684, 1616531841.4504135]
[1616531838.6563816, 1616531841.3611379]
[1616531838.9068646, 1616531841.5340972]
[1616531838.839282, 1616531841.5543928]
[1616531838.8811471, 1616531841.586112]
[1616531838.969878, 1616531841.6200075]
[1616531839.0987897, 1616531841.7116096]
[1616531839.2482228, 1616531841.9253366]
[1616531839.1197798, 1616531841.7656024]
[1616531839.3087695, 1616531841.9223135]
[1616531839.482735, 1616531842.1376307]
[1616531839.3230848, 1616531841.9885929]
[1616531839.3582094, 1616531842.0335598]
[1616531839.4778872, 1616531842.194547]
[1616531839.4126806, 1616531842.1097093]
[1616531839.4457042, 1616531842.122239]
[1616531839.6478834, 1616531842.3236816]
[1616531839.8120677, 1616531842.4751277]
[1616531839.7029734, 1616531842.358975]
[1616531839.7223659, 1616531842.41773]
[1616531840.0310402, 1616531842.7053154]
[1616531839.896622, 1616531842.5449514]
[1616531839.750956, 1616531842.382175]
[1616531839.866237, 1616531842.5773718]
[1616531839.7994723, 1616531842.4577394]
[1616531839.8601727, 1616531842.545572]
[1616531840.098242, 1616531842.836112]
[1616531840.1360338, 1616531842.8051784]
[1616531840.1115272, 1616531842.8399177]
[1616531840.0996735, 1616531842.8341753]
[1616531840.2797768, 1616531842.9440367]
[1616531840.3592772, 1616531843.1426792]
[1616531840.2454681, 1616531842.9002938]
[1616531840.380456, 1616531843.046211]
[1616531840.5176275, 1616531843.1800287]
[1616531840.4858873, 1616531843.1429038]
[1616531840.345765, 1616531842.977709]
[1616531840.5508091, 1616531843.207721]
[1616531840.615654, 1616531843.3063698]
[1616531840.670484, 1616531843.3785942]
[1616531840.7548907, 1616531843.4131207]
[1616531840.6263201, 1616531843.283033]
[1616531840.6002414, 1616531843.217377]
[1616531840.737845, 1616531843.4379215]
[1616531840.8190901, 1616531843.467644]
[1616531840.8229034, 1616531843.5054147]
[1616531840.9650366, 1616531843.6370366]
[1616531841.0543032, 1616531843.7143874]
[1616531841.0564637, 1616531843.7202454]
[1616531841.0639565, 1616531843.7253191]
[1616531841.1594772, 1616531843.8550048]
[1616531841.2528958, 1616531843.9361286]
[1616531841.2221043, 1616531843.8881593]
[1616531841.3660495, 1616531844.0367818]
[1616531841.2830367, 1616531843.957378]
[1616531841.3899505, 1616531844.0527782]
[1616531841.386656, 1616531844.064003]
[1616531841.38225, 1616531844.0595667]
[1616531841.3613758, 1616531844.0393062]
[1616531841.3868396, 1616531844.0955887]
[1616531841.6904147, 1616531844.372787]
[1616531841.6154609, 1616531844.3217607]
[1616531841.8219104, 1616531844.4733875]
[1616531841.6321604, 1616531844.2881892]
[1616531841.9086053, 1616531844.5462575]
[1616531842.0993, 1616531844.7773833]
[1616531841.7619824, 1616531844.4119723]
[1616531841.760967, 1616531844.3963401]
[1616531842.110133, 1616531844.7879]
[1616531842.0897963, 1616531844.7726812]
[1616531842.1768298, 1616531844.8386698]
[1616531842.1599946, 1616531844.8130546]
[1616531842.2522082, 1616531844.9260743]
[1616531842.416976, 1616531845.0383508]
[1616531842.3342247, 1616531844.9779508]
[1616531842.1445506, 1616531844.8037019]
[1616531842.2698045, 1616531844.9063003]
[1616531842.3514457, 1616531845.0178409]
[1616531842.4698353, 1616531845.124053]
[1616531842.4261417, 1616531845.0997112]
[1616531842.61889, 1616531845.2841957]
[1616531842.7103968, 1616531845.396538]
[1616531842.5913124, 1616531845.2559917]
[1616531842.5658374, 1616531845.2360148]
[1616531842.6506422, 1616531845.3343613]
[1616531842.730069, 1616531845.4134278]
[1616531842.5894651, 1616531845.2670214]
[1616531842.6302562, 1616531845.2906523]
[1616531842.8614142, 1616531845.5524004]
[1616531842.7304316, 1616531845.4251266]
[1616531842.9969556, 1616531845.62552]
[1616531842.8527658, 1616531845.5388858]
[1616531843.0450711, 1616531845.7058673]
[1616531842.9271464, 1616531845.593757]
[1616531842.8382528, 1616531845.500935]
[1616531843.153545, 1616531845.814035]
[1616531843.4309564, 1616531846.0600383]
[1616531843.4014997, 1616531846.0591846]
[1616531843.3988674, 1616531846.055799]
[1616531843.2200527, 1616531845.8836825]
[1616531843.7028115, 1616531846.3294072]
[1616531843.4180431, 1616531846.0750048]
[1616531843.6102107, 1616531846.2622552]
[1616531843.3801842, 1616531846.0599074]
[1616531843.6484234, 1616531846.2984512]
[1616531843.723948, 1616531846.389871]
[1616531843.9795065, 1616531846.6518574]
[1616531844.12478, 1616531846.811732]
[1616531843.9434402, 1616531846.622585]
[1616531843.9415276, 1616531846.6345332]
[1616531843.9154172, 1616531846.5842245]
[1616531844.1442955, 1616531846.8255098]
[1616531844.1495898, 1616531846.8550751]
[1616531844.0390425, 1616531846.6745694]
[1616531844.2472236, 1616531846.9090276]
[1616531844.2010114, 1616531846.8664134]
[1616531844.1740675, 1616531846.8366282]
[1616531844.4286084, 1616531847.080978]
[1616531844.5099406, 1616531847.1473916]
[1616531844.3030186, 1616531846.9774036]
[1616531844.5180693, 1616531847.1911936]
[1616531844.4407797, 1616531847.0756207]
[1616531844.618626, 1616531847.3095574]
[1616531844.7361772, 1616531847.4093974]
[1616531844.7663906, 1616531847.4324625]
[1616531844.8819056, 1616531847.528927]
[1616531844.7498434, 1616531847.4300272]
[1616531844.5795403, 1616531847.2230728]
[1616531844.8790793, 1616531847.5393512]
[1616531844.902595, 1616531847.5820687]
[1616531844.8957093, 1616531847.5549092]
[1616531845.0038533, 1616531847.6793902]
[1616531845.2513409, 1616531847.9154801]
[1616531845.0165567, 1616531847.653991]
[1616531844.9656625, 1616531847.641462]
[1616531845.0649495, 1616531847.6985133]
[1616531845.532817, 1616531848.2372432]
[1616531845.4211674, 1616531848.1771274]
[1616531845.4887717, 1616531848.168418]
[1616531845.4617014, 1616531848.1549194]
[1616531845.32404, 1616531847.9819436]
[1616531845.30569, 1616531847.9651024]
[1616531845.600357, 1616531848.2372725]
[1616531845.6204803, 1616531848.3072274]
[1616531845.6547444, 1616531848.2851589]
[1616531845.5617468, 1616531848.2359667]
[1616531845.6205683, 1616531848.32872]
[1616531845.5167205, 1616531848.1852186]
[1616531845.8420343, 1616531848.5078313]
[1616531845.9106686, 1616531848.5743675]
[1616531846.0196562, 1616531848.6914272]
[1616531845.8798296, 1616531848.5258002]
[1616531845.8669975, 1616531848.529463]
[1616531846.114119, 1616531848.779545]
[1616531846.2739024, 1616531848.9260778]
[1616531845.972874, 1616531848.6587996]
[1616531846.0468674, 1616531848.7078745]
[1616531846.3725548, 1616531849.0315814]
[1616531846.2176228, 1616531848.912918]
[1616531846.282501, 1616531848.9626172]
[1616531846.2670736, 1616531848.9250438]
[1616531846.259818, 1616531848.8941479]
[1616531846.4112825, 1616531849.0735116]
[1616531846.370693, 1616531849.0208042]
[1616531846.3696272, 1616531849.0289345]
[1616531846.436266, 1616531849.1267884]
[1616531846.579291, 1616531849.2611477]
[1616531846.807866, 1616531849.4619424]
[1616531846.7700207, 1616531849.436549]
[1616531846.719865, 1616531849.3722448]
[1616531846.7593527, 1616531849.4442894]
[1616531847.1175613, 1616531849.7412062]
[1616531846.7698324, 1616531849.4711185]
[1616531846.8005772, 1616531849.4658918]
[1616531847.0054975, 1616531849.6388562]
[1616531847.3374298, 1616531850.0074105]
[1616531847.1751072, 1616531849.8405688]
[1616531847.0383842, 1616531849.6894188]
[1616531846.9947758, 1616531849.673194]
[1616531847.1047125, 1616531849.764005]
[1616531847.2455547, 1616531849.8929923]
[1616531847.1957192, 1616531849.900134]
[1616531847.155505, 1616531849.7983973]
[1616531847.424223, 1616531850.1151347]
[1616531847.6383913, 1616531850.3503227]
[1616531847.5883884, 1616531850.2441208]
[1616531847.4825962, 1616531850.1433897]
[1616531847.5658977, 1616531850.2317626]
[1616531847.6214833, 1616531850.2811255]
[1616531847.6320252, 1616531850.2881026]
[1616531847.7100413, 1616531850.3347323]
[1616531847.8756564, 1616531850.4949102]
[1616531847.887324, 1616531850.5653589]
[1616531847.7209945, 1616531850.3788342]
[1616531847.9113011, 1616531850.59377]
[1616531848.0878756, 1616531850.746953]
[1616531848.3593776, 1616531851.070099]
[1616531848.1821787, 1616531850.8852904]
[1616531848.2516823, 1616531850.8968503]
[1616531848.1866531, 1616531850.8598485]
[1616531848.3066502, 1616531850.9364924]
[1616531848.1802218, 1616531850.8534572]
[1616531848.3381152, 1616531851.0270293]
[1616531848.3181276, 1616531850.99543]
[1616531848.4150393, 1616531851.1109056]
[1616531848.439759, 1616531851.1127913]
[1616531848.6325157, 1616531851.2847052]
[1616531848.4953713, 1616531851.1633282]
[1616531848.5368805, 1616531851.194534]
[1616531848.528215, 1616531851.189912]
[1616531848.648618, 1616531851.3245878]
[1616531848.4524393, 1616531851.1080139]
[1616531848.750911, 1616531851.4490302]
[1616531848.673536, 1616531851.3293607]
[1616531848.6063964, 1616531851.2819827]
[1616531848.7198908, 1616531851.3703446]
[1616531848.9400876, 1616531851.604663]
[1616531848.917276, 1616531851.538034]
[1616531849.175463, 1616531851.843886]
[1616531849.1523569, 1616531851.8316875]
[1616531849.3519728, 1616531852.0213506]
[1616531849.2721388, 1616531851.950664]
[1616531849.2515492, 1616531851.9144034]
[1616531849.3496523, 1616531852.013819]
[1616531849.2277262, 1616531851.8977225]
[1616531849.4016385, 1616531852.078165]
[1616531849.6645374, 1616531852.3059638]
[1616531849.4614046, 1616531852.1356456]
[1616531849.7883177, 1616531852.457323]
[1616531849.8710144, 1616531852.5343556]
[1616531849.673173, 1616531852.3450093]
[1616531849.9062698, 1616531852.5642254]
[1616531849.8448808, 1616531852.4893713]
[1616531849.6840038, 1616531852.36694]
[1616531849.6238918, 1616531852.3097644]
[1616531849.845603, 1616531852.5204813]
[1616531849.8240771, 1616531852.4822552]
[1616531849.976819, 1616531852.6638007]
[1616531850.1063664, 1616531852.764906]
[1616531850.175081, 1616531852.8437707]
[1616531850.0339384, 1616531852.703052]
[1616531850.490504, 1616531853.148871]
[1616531850.4209898, 1616531853.0974822]
[1616531850.6770337, 1616531853.362191]
[1616531850.4598627, 1616531853.084827]
[1616531850.2785304, 1616531852.9447699]
[1616531850.5269322, 1616531853.1504674]
[1616531850.43268, 1616531853.1135573]
[1616531850.654145, 1616531853.3184066]
[1616531850.8436935, 1616531853.4952888]
[1616531850.8400638, 1616531853.5024147]
[1616531850.7931445, 1616531853.4563434]
[1616531850.752711, 1616531853.4081368]
[1616531850.687736, 1616531853.348491]
[1616531850.94631, 1616531853.5772557]
[1616531850.8290203, 1616531853.4890025]
[1616531851.0971034, 1616531853.7608268]
[1616531851.0483723, 1616531853.7203143]
[1616531851.1721163, 1616531853.8475912]
[1616531851.214457, 1616531853.8562777]
[1616531851.3854096, 1616531854.0466712]
[1616531851.1198123, 1616531853.78557]
[1616531851.176297, 1616531853.8532784]
[1616531851.4093788, 1616531854.0628328]
[1616531851.345728, 1616531854.005563]
[1616531851.4076247, 1616531854.0911932]
[1616531851.6522667, 1616531854.3160818]
[1616531851.7223017, 1616531854.3985097]
[1616531851.527071, 1616531854.2398605]
[1616531851.719822, 1616531854.3781042]
[1616531851.6976242, 1616531854.324758]
[1616531851.8188472, 1616531854.4965124]
[1616531851.9281983, 1616531854.5885296]
[1616531851.7158427, 1616531854.3858833]
[1616531851.991898, 1616531854.6773345]
[1616531852.0834057, 1616531854.7330484]
[1616531851.981803, 1616531854.6706374]
[1616531851.863607, 1616531854.5353851]
[1616531852.0432093, 1616531854.7052274]
[1616531852.0167978, 1616531854.6817381]
[1616531852.0013142, 1616531854.6922302]
[1616531852.2233665, 1616531854.9067533]
[1616531852.2657614, 1616531854.932767]
[1616531852.4581227, 1616531855.1119976]
[1616531852.4151475, 1616531855.08305]
[1616531852.4914942, 1616531855.1358554]
[1616531852.5812325, 1616531855.2444236]
[1616531852.6603508, 1616531855.3351154]
[1616531852.4237251, 1616531855.1907024]
[1616531852.497698, 1616531855.1125746]
[1616531852.5212896, 1616531855.2082806]
[1616531852.422827, 1616531855.0883214]
[1616531852.5134327, 1616531855.2096457]
[1616531852.8665385, 1616531855.5089922]
[1616531852.5906742, 1616531855.2608955]
[1616531852.5005076, 1616531855.1595097]
[1616531852.901873, 1616531855.561365]
[1616531852.851235, 1616531855.5180633]
[1616531853.0949495, 1616531855.707844]
[1616531852.9998553, 1616531855.6603773]
[1616531853.1119401, 1616531855.7433577]
[1616531852.8796577, 1616531855.552439]
[1616531853.0557797, 1616531855.7388601]
[1616531853.1119165, 1616531855.7971725]
[1616531853.1207883, 1616531855.7956896]
[1616531853.3459861, 1616531856.0117323]
[1616531853.6061294, 1616531856.2516878]
[1616531853.2095778, 1616531855.8572142]
[1616531853.1201985, 1616531855.780482]
[1616531853.1972244, 1616531855.8097637]
[1616531853.4970388, 1616531856.1684048]
[1616531853.504135, 1616531856.1472063]
[1616531853.4661555, 1616531856.1282907]
[1616531853.4220848, 1616531856.0700316]
[1616531853.5193276, 1616531856.1829934]
[1616531854.0203986, 1616531856.725945]
[1616531854.0741088, 1616531856.726312]
[1616531853.9559917, 1616531856.627892]
[1616531854.0190217, 1616531856.6969047]
[1616531854.0400698, 1616531856.7187903]
[1616531853.940904, 1616531856.6200416]
[1616531853.9744725, 1616531856.6502197]
[1616531854.0770423, 1616531856.7331815]
[1616531853.9296126, 1616531856.6117766]
[1616531853.8998554, 1616531856.5339377]
[1616531854.1401877, 1616531856.8115373]
[1616531854.234356, 1616531856.9209497]
[1616531854.2115352, 1616531856.8737211]
[1616531854.3236246, 1616531856.9894779]
[1616531854.3676503, 1616531857.0669272]
[1616531854.3715003, 1616531857.061227]
[1616531854.4988067, 1616531857.1619453]
[1616531854.5320094, 1616531857.2077248]
[1616531854.4615986, 1616531857.1138182]
[1616531854.6725636, 1616531857.3322475]
[1616531854.34382, 1616531856.9729505]
[1616531854.6794224, 1616531857.3519516]
[1616531854.6516333, 1616531857.3144634]
[1616531854.6614404, 1616531857.3170226]
[1616531854.6919777, 1616531857.346957]
[1616531854.8578813, 1616531857.5092704]
[1616531854.6835768, 1616531857.348311]
[1616531854.9352112, 1616531857.5947924]
[1616531854.9828231, 1616531857.6482763]
[1616531854.9915144, 1616531857.6708753]
[1616531854.9220903, 1616531857.6141696]
[1616531855.1578064, 1616531857.8131576]
[1616531855.2877877, 1616531857.948095]
[1616531855.2504823, 1616531857.9178023]
[1616531855.1678822, 1616531857.829843]
[1616531855.4100044, 1616531858.0903363]
[1616531855.3984263, 1616531858.0960805]
[1616531855.1050591, 1616531857.775955]
[1616531855.4641879, 1616531858.102777]
[1616531855.5475516, 1616531858.2159402]
[1616531855.426006, 1616531858.101064]
[1616531855.469286, 1616531858.1022594]
[1616531855.459196, 1616531858.1449203]
[1616531855.5925243, 1616531858.2322822]
[1616531855.8233721, 1616531858.4744425]
[1616531855.6937487, 1616531858.3565567]
[1616531855.7774687, 1616531858.431051]
[1616531855.9199345, 1616531858.5746453]
[1616531855.9473364, 1616531858.6596987]
[1616531856.034941, 1616531858.7311423]
[1616531856.1256526, 1616531858.813517]
[1616531856.0099726, 1616531858.68552]
[1616531856.209674, 1616531858.8814445]
[1616531856.0518372, 1616531858.7114112]
[1616531856.166134, 1616531858.8266344]
[1616531856.1019902, 1616531858.759184]
[1616531856.2798727, 1616531858.973365]
[1616531856.501615, 1616531859.1681187]
[1616531856.3611357, 1616531858.9946954]
[1616531856.1921537, 1616531858.887478]
[1616531856.3884797, 1616531859.065777]
[1616531856.2624981, 1616531858.907095]
[1616531856.4416592, 1616531859.0840743]
[1616531856.7916257, 1616531859.459041]
[1616531856.5399494, 1616531859.1849453]
[1616531856.7259045, 1616531859.4117992]
[1616531856.6811779, 1616531859.363986]
[1616531856.8559656, 1616531859.5243742]
[1616531857.0722709, 1616531859.7562127]
[1616531856.9121447, 1616531859.6018252]
[1616531856.9898243, 1616531859.6107318]
[1616531857.0339913, 1616531859.693572]
[1616531857.1447575, 1616531859.799899]
[1616531857.3157454, 1616531859.975462]
[1616531857.3168607, 1616531859.992711]
[1616531857.3575385, 1616531860.0371656]
[1616531857.2970867, 1616531859.9829853]
[1616531857.3734674, 1616531860.036687]
[1616531857.167344, 1616531859.8560576]
[1616531857.1716142, 1616531859.8105628]
[1616531857.5882454, 1616531860.2661943]
[1616531857.6791565, 1616531860.3894231]
[1616531857.6624792, 1616531860.3331113]
[1616531857.7123857, 1616531860.3766096]
[1616531857.5501792, 1616531860.20661]
[1616531857.594461, 1616531860.2482247]
[1616531857.7057843, 1616531860.3672063]
[1616531857.6938186, 1616531860.3737404]
[1616531857.835084, 1616531860.495302]
[1616531857.995713, 1616531860.6527627]
[1616531858.0848339, 1616531860.74331]
[1616531857.8587022, 1616531860.4899466]
[1616531857.9281502, 1616531860.585258]
[1616531858.0712483, 1616531860.730874]
[1616531858.2708542, 1616531860.8876297]
[1616531858.1597922, 1616531860.8543015]
[1616531858.45248, 1616531861.1131313]
[1616531858.2732382, 1616531860.9432454]
[1616531858.2176812, 1616531860.8348656]
[1616531858.331157, 1616531861.0110245]
[1616531858.2829134, 1616531860.9138174]
[1616531858.4142056, 1616531861.1105084]
[1616531858.478697, 1616531861.172023]
[1616531858.3723302, 1616531861.0429106]
[1616531858.7934403, 1616531861.434259]
[1616531858.7018228, 1616531861.3787026]
[1616531859.0599344, 1616531861.7212155]
[1616531858.5080626, 1616531861.199142]
[1616531859.0066128, 1616531861.6244001]
[1616531858.5039556, 1616531861.1292963]
[1616531858.555418, 1616531861.216081]
[1616531859.2033432, 1616531861.8527167]
[1616531859.4202762, 1616531862.1062775]
[1616531859.299366, 1616531861.964385]
[1616531859.3052206, 1616531861.9336073]
[1616531859.070842, 1616531861.741397]
[1616531858.9273422, 1616531861.566069]
[1616531859.507272, 1616531862.1770823]
[1616531859.628382, 1616531862.306131]
[1616531859.3084552, 1616531861.9966383]
[1616531859.4998796, 1616531862.1594114]
[1616531859.5853045, 1616531862.242154]
[1616531859.5410876, 1616531862.2202811]
[1616531859.6189137, 1616531862.2575753]
[1616531859.5563278, 1616531862.2599957]
[1616531859.5373704, 1616531862.2301493]
[1616531859.3713284, 1616531862.0453606]
[1616531859.6263227, 1616531862.3180068]
[1616531859.5404828, 1616531862.1918209]
[1616531859.7022493, 1616531862.354877]
[1616531859.806497, 1616531862.461595]
[1616531859.9789052, 1616531862.663542]
[1616531859.9131155, 1616531862.6050553]
[1616531860.107768, 1616531862.8063104]
[1616531859.958998, 1616531862.5970106]
[1616531860.1255255, 1616531862.7896895]
[1616531860.1483643, 1616531862.8298311]
[1616531860.1366346, 1616531862.8130877]
[1616531860.2379673, 1616531862.8988092]
[1616531860.3610108, 1616531863.033376]
[1616531860.4966276, 1616531863.1361604]
[1616531860.4148214, 1616531863.080951]
[1616531860.5945554, 1616531863.2510886]
[1616531860.5144124, 1616531863.1728115]
[1616531860.4504547, 1616531863.1411529]
[1616531860.7614834, 1616531863.4151871]
[1616531860.6468983, 1616531863.301701]
[1616531860.6034298, 1616531863.275299]
[1616531860.9579105, 1616531863.6206102]
[1616531860.9819417, 1616531863.6789882]
[1616531860.6867158, 1616531863.3469365]
[1616531860.800526, 1616531863.4743798]
[1616531860.9742203, 1616531863.6072404]
[1616531860.9958196, 1616531863.6442485]
[1616531861.1038542, 1616531863.7702513]
[1616531860.94625, 1616531863.5907662]
[1616531861.1969712, 1616531863.879567]
[1616531861.1545937, 1616531863.8065746]
[1616531861.40969, 1616531864.0632894]
[1616531861.3440573, 1616531864.046374]
[1616531861.2737625, 1616531863.927003]
[1616531861.2791808, 1616531863.9364793]
[1616531861.3918579, 1616531864.0767598]
[1616531861.2093623, 1616531863.876944]
[1616531861.5440478, 1616531864.1978486]
[1616531861.4068139, 1616531864.072792]
[1616531861.5657454, 1616531864.221558]
[1616531861.5969377, 1616531864.2680967]
[1616531861.750542, 1616531864.4289892]
[1616531861.5821042, 1616531864.2296464]
[1616531861.571604, 1616531864.2182379]
[1616531861.4658196, 1616531864.1070158]
[1616531862.051163, 1616531864.7146728]
[1616531861.8584611, 1616531864.5223434]
[1616531861.9061759, 1616531864.5377162]
[1616531861.9660552, 1616531864.5947852]
[1616531861.9823654, 1616531864.6460967]
[1616531862.0098362, 1616531864.7151601]
[1616531862.1268394, 1616531864.842775]
[1616531862.0127625, 1616531864.6807969]
[1616531861.866687, 1616531864.509755]
[1616531862.0528588, 1616531864.833478]
[1616531862.2073305, 1616531864.8768516]
[1616531862.460275, 1616531865.1222758]
[1616531862.085162, 1616531864.7191179]
[1616531862.1978698, 1616531864.854022]
[1616531862.137577, 1616531864.8043098]
[1616531862.5950975, 1616531865.2527263]
[1616531862.340352, 1616531864.9923327]
[1616531862.3012087, 1616531864.9793105]
[1616531862.6153758, 1616531865.3066285]
[1616531862.6355274, 1616531865.309013]
[1616531862.6205664, 1616531865.2721767]
[1616531862.8720548, 1616531865.5594864]
[1616531862.70197, 1616531865.384179]
[1616531862.7858264, 1616531865.433484]
[1616531863.0863628, 1616531865.7509658]
[1616531863.0766861, 1616531865.7774067]
[1616531863.0570235, 1616531865.7237365]
[1616531862.9074845, 1616531865.5561218]
[1616531863.1521475, 1616531865.8332589]
[1616531863.1555533, 1616531865.8248494]
[1616531862.9462934, 1616531865.6451685]
[1616531863.2037277, 1616531865.8664482]
[1616531863.216708, 1616531865.9192238]
[1616531863.144199, 1616531865.7899923]
[1616531863.2082846, 1616531865.8744915]
[1616531863.3590095, 1616531866.0182548]
[1616531863.3838134, 1616531866.042302]
[1616531863.5040119, 1616531866.190837]
[1616531863.6202164, 1616531866.276953]
[1616531863.65127, 1616531866.2957218]
[1616531863.478005, 1616531866.1419866]
[1616531863.579756, 1616531866.2639647]
[1616531863.5304601, 1616531866.2130628]
[1616531863.6183872, 1616531866.308493]
[1616531863.597677, 1616531866.2240593]
[1616531863.8608766, 1616531866.5027735]
[1616531863.6801035, 1616531866.3464239]
[1616531863.8050563, 1616531866.493006]
[1616531863.8911731, 1616531866.6029663]
[1616531863.9490576, 1616531866.6024158]
[1616531864.0074093, 1616531866.7112978]
[1616531864.0765848, 1616531866.7367277]
[1616531864.0003674, 1616531866.66342]
[1616531864.1621063, 1616531866.8483627]
[1616531863.9040265, 1616531866.6101778]
[1616531864.1198778, 1616531866.7686777]
[1616531864.4102936, 1616531867.082781]
[1616531864.2201471, 1616531866.8756938]
[1616531864.2964623, 1616531866.9735527]
[1616531864.3892126, 1616531867.0480635]
[1616531864.6039767, 1616531867.2232425]
[1616531864.4848871, 1616531867.1677127]
[1616531864.4967253, 1616531867.13805]
[1616531864.7966652, 1616531867.4347692]
[1616531864.6019943, 1616531867.25673]
[1616531864.8643026, 1616531867.512453]
[1616531864.910686, 1616531867.5834324]
[1616531864.8263173, 1616531867.530064]
[1616531865.028534, 1616531867.6954334]
[1616531864.9110587, 1616531867.625526]
[1616531864.9621491, 1616531867.6289263]
[1616531865.0581417, 1616531867.7109687]
[1616531864.8793309, 1616531867.5985305]
[1616531864.8127067, 1616531867.4895344]
[1616531864.9260707, 1616531867.5915973]
[1616531865.0277417, 1616531867.7086754]
[1616531865.1228309, 1616531867.7898273]
[1616531865.0099046, 1616531867.665362]
[1616531865.0442638, 1616531867.7058768]
[1616531865.404586, 1616531868.0545151]
[1616531865.3420918, 1616531868.0297873]
[1616531865.3063447, 1616531867.9810116]
[1616531865.182254, 1616531867.863273]
[1616531865.3256345, 1616531868.009065]
[1616531865.4830806, 1616531868.141075]
[1616531865.420202, 1616531868.068567]
[1616531865.5824394, 1616531868.253494]
[1616531865.4517334, 1616531868.1147652]
[1616531865.3941028, 1616531868.088373]
[1616531865.4766562, 1616531868.1400766]
[1616531865.5370398, 1616531868.283134]
[1616531865.509673, 1616531868.1507218]
[1616531865.4395018, 1616531868.0554073]
[1616531865.594049, 1616531868.2734044]
[1616531865.5921564, 1616531868.2444613]
[1616531865.7133775, 1616531868.3777657]
[1616531865.9110043, 1616531868.5896692]
[1616531865.7724328, 1616531868.4313164]
[1616531865.809375, 1616531868.4469044]
[1616531865.9550173, 1616531868.6223974]
[1616531865.9108815, 1616531868.5724344]
[1616531865.8994067, 1616531868.5656364]
[1616531866.086259, 1616531868.7414057]
[1616531866.0936253, 1616531868.7477188]
[1616531865.9963033, 1616531868.7099483]
[1616531865.9570246, 1616531868.6184037]
[1616531866.070376, 1616531868.7234151]
[1616531866.1280973, 1616531868.713179]
[1616531866.1443646, 1616531868.8357532]
[1616531866.1887622, 1616531868.8426769]
[1616531866.3047667, 1616531868.9090765]
[1616531866.362155, 1616531869.0296028]
[1616531866.3245783, 1616531868.994634]
[1616531866.1157582, 1616531868.827669]
[1616531866.4374433, 1616531869.0808163]
[1616531866.554573, 1616531869.1733017]
[1616531866.5251648, 1616531869.1826487]
[1616531866.5734756, 1616531869.2477834]
[1616531866.5224495, 1616531869.1338778]
[1616531866.4775143, 1616531869.1341336]
[1616531866.7914732, 1616531869.4371243]
[1616531866.729891, 1616531869.4277363]
[1616531866.6153998, 1616531869.299208]
[1616531866.802366, 1616531869.4568465]
[1616531866.6711452, 1616531869.3268585]
[1616531866.8073478, 1616531869.4718564]
[1616531866.7258036, 1616531869.451428]
[1616531866.8178916, 1616531869.4815235]
[1616531866.7729905, 1616531869.4313378]
[1616531866.8636243, 1616531869.5446248]
[1616531866.8741875, 1616531869.5692081]
[1616531866.980168, 1616531869.6571681]
[1616531866.9791152, 1616531869.671714]
[1616531866.9510229, 1616531869.6020744]
[1616531867.0190964, 1616531869.7432425]
[1616531866.8819726, 1616531869.544896]
[1616531867.0287793, 1616531869.7272875]
[1616531866.9371846, 1616531869.6127143]
[1616531866.8238735, 1616531869.5221524]
[1616531866.9815164, 1616531869.6629038]
[1616531867.1410458, 1616531869.867833]
[1616531867.145481, 1616531869.7723114]
[1616531867.2740405, 1616531869.9030452]
[1616531867.091473, 1616531869.7440302]
[1616531866.8131986, 1616531869.4257398]
[1616531867.1341646, 1616531869.8066232]
[1616531867.3074522, 1616531870.0209281]
[1616531867.3345478, 1616531869.9842198]
[1616531867.1526766, 1616531869.864086]
[1616531867.2163575, 1616531869.8964639]
[1616531867.262735, 1616531869.9022348]
[1616531867.3422406, 1616531870.055344]
[1616531867.2752414, 1616531869.9198186]
[1616531867.3456502, 1616531870.028721]
[1616531867.3857238, 1616531870.0759175]
[1616531867.3711536, 1616531870.0255468]
[1616531867.3684132, 1616531870.065067]
[1616531867.4538136, 1616531870.0972815]
[1616531867.4595346, 1616531870.0583558]
[1616531867.6078832, 1616531870.306075]
[1616531867.6353192, 1616531870.3164346]
[1616531867.6422715, 1616531870.3653724]
[1616531867.6169846, 1616531870.2748408]
[1616531867.5680988, 1616531870.221702]
[1616531867.5693026, 1616531870.244517]
[1616531867.6423855, 1616531870.329706]
[1616531867.6656644, 1616531870.4035983]
[1616531867.728745, 1616531870.3788073]
[1616531867.766359, 1616531870.4389894]
[1616531867.919819, 1616531870.589443]
[1616531867.7662706, 1616531870.4308274]
[1616531867.56766, 1616531870.2547445]
[1616531867.8342357, 1616531870.5674324]
[1616531867.7313328, 1616531870.396791]
[1616531867.857614, 1616531870.522636]
[1616531867.832774, 1616531870.4933023]
[1616531867.9785666, 1616531870.6932871]
[1616531867.9072638, 1616531870.5691576]
[1616531867.8045213, 1616531870.4805834]
[1616531867.9501483, 1616531870.7150578]
[1616531867.8826253, 1616531870.552821]
[1616531867.961238, 1616531870.626223]
[1616531868.049147, 1616531870.7311244]
[1616531867.948138, 1616531870.6784222]
[1616531867.968526, 1616531870.6421187]
[1616531867.944299, 1616531870.5870233]
[1616531868.1328855, 1616531870.7932954]
[1616531868.0825458, 1616531870.766735]
[1616531868.0638297, 1616531870.6615403]
[1616531868.0741332, 1616531870.7457597]
[1616531868.1857903, 1616531870.8506572]
[1616531868.0787115, 1616531870.7429233]
[1616531867.9961927, 1616531870.6645105]
[1616531868.1046498, 1616531870.7942495]
[1616531868.1311383, 1616531870.8017168]
[1616531868.379309, 1616531871.1008217]
[1616531868.082003, 1616531870.764302]
[1616531868.3026075, 1616531871.0161]
[1616531868.218795, 1616531870.8693721]
[1616531868.116366, 1616531870.8155797]
[1616531868.181193, 1616531870.8584979]
[1616531868.2087815, 1616531870.8717382]
[1616531868.3137467, 1616531870.9797134]
[1616531868.37616, 1616531871.0401204]
[1616531868.3029435, 1616531870.9887214]
[1616531868.1841278, 1616531870.842428]
[1616531868.3149517, 1616531870.9609473]
[1616531868.3058083, 1616531870.989344]
[1616531868.2435439, 1616531870.93009]
[1616531868.3356037, 1616531870.993369]
[1616531868.4005108, 1616531871.1083126]
[1616531868.2455068, 1616531870.9153104]
[1616531868.3019266, 1616531871.0319786]
[1616531868.3729043, 1616531871.0838988]
[1616531868.3833055, 1616531871.0680153]
[1616531868.5426636, 1616531871.2007623]
[1616531868.4306126, 1616531871.1540396]
[1616531868.3540316, 1616531871.0602987]
[1616531868.3274562, 1616531871.020797]
[1616531868.5219014, 1616531871.1940346]
[1616531868.6084661, 1616531871.3371859]
[1616531868.6040573, 1616531871.2839007]
[1616531868.5968218, 1616531871.2748172]
[1616531868.5613353, 1616531871.2226827]
[1616531868.6026855, 1616531871.2582922]
[1616531868.5177352, 1616531871.1881187]
[1616531868.551156, 1616531871.3035321]
[1616531868.4550776, 1616531871.0990462]
[1616531868.5332103, 1616531871.2153769]
[1616531868.5896275, 1616531871.2952898]
[1616531868.5786796, 1616531871.238672]
[1616531868.5981612, 1616531871.3147051]
[1616531868.5045626, 1616531871.1960056]
[1616531868.5226831, 1616531871.1970918]
[1616531868.583018, 1616531871.2511134]
[1616531868.5012987, 1616531871.170761]
[1616531868.425782, 1616531871.1104965]
[1616531868.4427028, 1616531871.1082954]
[1616531868.7000802, 1616531871.414848]
[1616531868.6544187, 1616531871.3211584]
[1616531868.6275773, 1616531871.2909203]
[1616531868.635638, 1616531871.3905632]
[1616531868.690146, 1616531871.3830879]
[1616531868.6935203, 1616531871.3593361]
[1616531868.6466475, 1616531871.2836869]
[1616531868.6721706, 1616531871.3229835]
[1616531868.6628475, 1616531871.3546705]
[1616531868.661511, 1616531871.3335335]
[1616531868.6557531, 1616531871.330197]
[1616531868.6615376, 1616531871.3153722]
[1616531868.6064117, 1616531871.3338869]
[1616531868.627253, 1616531871.29247]
[1616531868.6980624, 1616531871.4318135]
[1616531868.6139383, 1616531871.3381555]
[1616531868.671491, 1616531871.3973815]
[1616531868.650982, 1616531871.325161]
[1616531868.718105, 1616531871.3127573]
[1616531868.6915808, 1616531871.3787372]
[1616531868.6177304, 1616531871.3543437]
[1616531868.6694903, 1616531871.3252265]
[1616531868.6007164, 1616531871.269705]
[1616531868.714813, 1616531871.3986459]
[1616531869.687306, 1616531873.186404]
[1616531868.7282271, 1616531871.3864586]
[1616531868.6646216, 1616531871.3297691]
