[1616702451.3247564, 1616702470.3464465]
[1616702451.2192793, 1616702463.3394773]
[1616702451.4751751, 1616702468.9093049]
[1616702450.8261046, 1616702463.9546394]
[1616702451.507189, 1616702467.596224]
[1616702451.3998075, 1616702467.1865888]
[1616702451.3727221, 1616702469.731772]
[1616702451.6095448, 1616702472.2240522]
[1616702450.937022, 1616702469.9552138]
[1616702451.2122862, 1616702470.4088154]
[1616702451.390679, 1616702463.3249516]
[1616702451.7609277, 1616702460.700963]
[1616702451.4516132, 1616702467.7201207]
[1616702450.904215, 1616702460.7674627]
[1616702451.4034972, 1616702467.678176]
[1616702451.1935394, 1616702469.8895588]
[1616702451.4343066, 1616702468.0040748]
[1616702451.2108285, 1616702465.593001]
[1616702451.2897298, 1616702460.3379807]
[1616702451.3347166, 1616702467.703714]
[1616702451.7558482, 1616702471.48208]
[1616702451.9682927, 1616702469.958064]
[1616702451.8174567, 1616702469.4135902]
[1616702452.4348314, 1616702469.5468135]
[1616702452.1685038, 1616702473.3016632]
[1616702451.9160125, 1616702467.2171504]
[1616702452.1969264, 1616702469.0241501]
[1616702452.3755636, 1616702464.2854674]
[1616702452.7095087, 1616702468.4139423]
[1616702452.7828214, 1616702468.0741675]
[1616702452.5541837, 1616702472.1821394]
[1616702452.292898, 1616702473.1798053]
[1616702452.7249238, 1616702466.8398252]
[1616702453.1526065, 1616702472.311355]
[1616702453.0626574, 1616702472.1268406]
[1616702453.0052488, 1616702465.6501224]
[1616702453.249314, 1616702472.3313928]
[1616702453.1858919, 1616702469.9850788]
[1616702452.9258063, 1616702470.5798342]
[1616702453.282866, 1616702467.5395665]
[1616702452.8447235, 1616702468.8489168]
[1616702453.3579934, 1616702470.5327537]
[1616702453.7050984, 1616702470.9459553]
[1616702453.9039233, 1616702470.7907305]
[1616702454.012269, 1616702466.087171]
[1616702453.931539, 1616702473.210828]
[1616702453.985659, 1616702472.5198944]
[1616702453.8203585, 1616702473.428279]
[1616702454.2213376, 1616702473.6380227]
[1616702454.2294118, 1616702468.8112462]
[1616702454.3457284, 1616702470.425448]
[1616702454.120098, 1616702474.1149135]
[1616702454.1063993, 1616702472.597222]
[1616702454.4757674, 1616702470.8962212]
[1616702454.5073838, 1616702468.0158706]
[1616702454.5247638, 1616702472.6321807]
[1616702454.446367, 1616702471.5843453]
[1616702454.6088996, 1616702471.6983922]
[1616702454.5950537, 1616702472.3424575]
[1616702454.5601554, 1616702469.2057295]
[1616702454.5118186, 1616702472.7299163]
[1616702454.5874796, 1616702470.8654]
[1616702454.7156417, 1616702470.9611385]
[1616702454.7910728, 1616702472.5876884]
[1616702454.805469, 1616702474.446506]
[1616702455.0088215, 1616702464.3282905]
[1616702454.8704398, 1616702467.0602539]
[1616702454.9556813, 1616702471.2106297]
[1616702454.8944483, 1616702475.714185]
[1616702455.2149498, 1616702469.7555192]
[1616702454.967645, 1616702472.2372935]
[1616702455.0671387, 1616702471.4628656]
[1616702455.1375768, 1616702474.14986]
[1616702455.1050048, 1616702475.7575054]
[1616702455.199208, 1616702474.5706313]
[1616702455.0729306, 1616702474.7197196]
[1616702455.1369617, 1616702470.6797438]
[1616702455.2956052, 1616702471.8422601]
[1616702455.3440347, 1616702469.6931818]
[1616702455.2215416, 1616702476.0347369]
[1616702455.3498993, 1616702470.896796]
[1616702455.3303208, 1616702470.992224]
[1616702455.3659859, 1616702473.7370992]
[1616702455.3221436, 1616702474.4236662]
[1616702455.4003441, 1616702474.5760422]
[1616702455.4391499, 1616702474.7164292]
[1616702455.4359736, 1616702473.5844536]
[1616702455.3839314, 1616702482.3729165]
[1616702455.4800482, 1616702475.75675]
[1616702455.483882, 1616702473.084762]
[1616702455.6130066, 1616702474.478838]
[1616702455.5954924, 1616702473.6434639]
[1616702455.6206694, 1616702476.4607375]
[1616702455.6935303, 1616702473.2304034]
[1616702455.54824, 1616702472.3331645]
[1616702455.5514874, 1616702472.9463634]
[1616702455.704697, 1616702470.2654717]
[1616702455.7299037, 1616702476.626547]
[1616702455.6770737, 1616702472.317412]
[1616702455.6506555, 1616702476.728692]
[1616702455.8099933, 1616702474.8314836]
[1616702455.817622, 1616702471.783845]
[1616702455.8634439, 1616702475.920865]
[1616702455.793747, 1616702470.3009717]
[1616702455.8215215, 1616702470.3680043]
[1616702455.8272173, 1616702470.8865757]
[1616702455.9387422, 1616702469.8193665]
[1616702455.9646053, 1616702471.9553566]
[1616702455.9888537, 1616702474.294878]
[1616702455.8837314, 1616702468.0259807]
[1616702456.0183928, 1616702476.1638546]
[1616702456.0336668, 1616702472.5235045]
[1616702455.8843737, 1616702470.4041321]
[1616702455.9631221, 1616702467.0005207]
[1616702455.9428673, 1616702472.911319]
[1616702455.9250057, 1616702468.5757213]
[1616702456.1196933, 1616702473.070441]
[1616702456.0596337, 1616702473.715399]
[1616702456.1388237, 1616702473.603161]
[1616702456.0739367, 1616702474.6675959]
[1616702456.1878462, 1616702473.6442342]
[1616702456.2176394, 1616702468.8863397]
[1616702456.1530411, 1616702464.8625603]
[1616702456.110616, 1616702476.4587953]
[1616702456.0574532, 1616702474.3023477]
[1616702456.2063177, 1616702469.7797651]
[1616702456.1992543, 1616702475.7852926]
[1616702456.0276144, 1616702472.4284687]
[1616702456.256311, 1616702475.0878615]
[1616702456.167532, 1616702470.3868966]
[1616702456.166991, 1616702473.214261]
[1616702456.30084, 1616702472.5061178]
[1616702456.2423856, 1616702473.4706223]
[1616702456.2646346, 1616702475.0816977]
[1616702456.2713094, 1616702474.308215]
[1616702456.2814062, 1616702472.3909628]
[1616702456.228909, 1616702472.3757746]
[1616702456.2422879, 1616702472.4663954]
[1616702456.3129652, 1616702471.6683998]
[1616702456.3156798, 1616702472.015386]
[1616702456.3379126, 1616702471.1764603]
[1616702456.331567, 1616702473.080655]
[1616702456.311658, 1616702474.7338]
[1616702456.2402887, 1616702476.0612164]
[1616702456.3334763, 1616702474.8104303]
[1616702456.2554953, 1616702472.4771643]
[1616702456.3603628, 1616702470.8030088]
[1616702456.2790282, 1616702473.6232944]
[1616702456.3518026, 1616702476.2260518]
[1616702456.379527, 1616702471.967746]
[1616702456.3749716, 1616702475.5038154]
[1616702456.3552291, 1616702469.1449816]
[1616702456.363328, 1616702474.6470702]
[1616702456.3716676, 1616702473.5469325]
[1616702456.3729029, 1616702475.2972355]
[1616702456.261049, 1616702471.5612812]
[1616702456.3676455, 1616702476.3493]
[1616702456.2236001, 1616702474.8881283]
[1616702456.3992872, 1616702473.5311704]
[1616702456.3007417, 1616702470.0243754]
[1616702456.3429828, 1616702471.6464877]
[1616702456.3791208, 1616702475.5449882]
[1616702456.3986747, 1616702476.6032286]
[1616702456.390724, 1616702471.9854093]
[1616702456.3101628, 1616702475.9214685]
[1616702456.3634546, 1616702475.1284409]
