[1616948936.6262546, 1616948939.3916912]
[1616948937.1141996, 1616948939.803205]
[1616948937.1173763, 1616948939.9035816]
[1616948936.7813325, 1616948939.5025241]
[1616948937.5862675, 1616948940.2994146]
[1616948937.4316752, 1616948940.1272306]
[1616948937.1513767, 1616948939.867334]
[1616948936.9923944, 1616948939.7028427]
[1616948936.9203289, 1616948939.626935]
[1616948937.199979, 1616948939.8825114]
[1616948936.9919524, 1616948939.7059426]
[1616948937.264892, 1616948940.0041811]
[1616948937.3982453, 1616948940.1141841]
[1616948937.1828535, 1616948939.8456957]
[1616948936.9449766, 1616948939.679307]
[1616948937.0783577, 1616948939.7322273]
[1616948936.9458034, 1616948939.6583183]
[1616948937.226813, 1616948939.8694823]
[1616948936.9160385, 1616948939.6763537]
[1616948937.33122, 1616948939.9688053]
[1616948937.3739185, 1616948940.0602434]
[1616948937.5028722, 1616948940.2265987]
[1616948937.351218, 1616948940.0724273]
[1616948937.5771823, 1616948940.255241]
[1616948937.8204517, 1616948940.5031364]
[1616948937.7408786, 1616948940.3861985]
[1616948938.119719, 1616948940.8040214]
[1616948937.8815563, 1616948940.6100495]
[1616948938.3500257, 1616948941.0130117]
[1616948938.3074756, 1616948941.0543566]
[1616948938.3659031, 1616948941.1146026]
[1616948938.6053712, 1616948941.3403006]
[1616948938.5053775, 1616948941.1814919]
[1616948938.8040595, 1616948941.5144658]
[1616948938.7947125, 1616948941.4306402]
[1616948938.5819528, 1616948941.323638]
[1616948938.9644823, 1616948941.7008142]
[1616948939.0755684, 1616948941.7367404]
[1616948939.017794, 1616948941.695995]
[1616948939.1471157, 1616948941.79829]
[1616948938.8775527, 1616948941.5863392]
[1616948939.5400877, 1616948942.3096685]
[1616948939.1552656, 1616948941.8268642]
[1616948939.5082603, 1616948942.3071587]
[1616948939.3571122, 1616948942.1018777]
[1616948939.857179, 1616948942.5561829]
[1616948939.667132, 1616948942.3880446]
[1616948940.005815, 1616948942.692917]
[1616948940.2748873, 1616948942.9426658]
[1616948939.950377, 1616948942.7177217]
[1616948940.2057881, 1616948942.9285734]
[1616948940.161728, 1616948942.8678591]
[1616948940.6466205, 1616948943.357414]
[1616948940.4187598, 1616948943.0735576]
[1616948940.3577251, 1616948943.0696037]
[1616948940.674522, 1616948943.3897557]
[1616948940.828108, 1616948943.5616412]
[1616948940.566794, 1616948943.2388084]
[1616948940.7076209, 1616948943.3977458]
[1616948940.6293204, 1616948943.367028]
[1616948940.9578352, 1616948943.6407692]
[1616948940.7352881, 1616948943.4642146]
[1616948941.0966542, 1616948943.7630348]
[1616948940.8172843, 1616948943.5158803]
[1616948941.1402366, 1616948943.8847463]
[1616948941.1906643, 1616948943.8274896]
[1616948941.089566, 1616948943.8123915]
[1616948941.253446, 1616948943.9693532]
[1616948941.2569876, 1616948943.9297922]
[1616948941.593362, 1616948944.3033876]
[1616948941.613306, 1616948944.3373213]
[1616948941.4431524, 1616948944.0975692]
[1616948941.9076443, 1616948944.5938969]
[1616948941.766878, 1616948944.4438396]
[1616948941.637241, 1616948944.366795]
[1616948941.6191194, 1616948944.359946]
[1616948941.9820173, 1616948944.6448414]
[1616948942.1707075, 1616948944.9472156]
[1616948942.0452487, 1616948944.7810936]
[1616948942.3316905, 1616948945.1860116]
[1616948942.459757, 1616948945.1777072]
[1616948942.5194716, 1616948945.2674465]
[1616948942.367504, 1616948945.054896]
[1616948942.496736, 1616948945.1439779]
[1616948942.3298385, 1616948945.058366]
[1616948942.543842, 1616948945.2517576]
[1616948942.7986293, 1616948945.485976]
[1616948942.8378444, 1616948945.4830985]
[1616948942.7225282, 1616948945.4911826]
[1616948943.0227742, 1616948945.730734]
[1616948942.9953873, 1616948945.6995492]
[1616948942.9803495, 1616948945.6474643]
[1616948943.0402594, 1616948945.7758055]
[1616948942.9960895, 1616948945.6854472]
[1616948943.1572497, 1616948945.8675697]
[1616948943.1136043, 1616948945.7682788]
[1616948943.2967978, 1616948946.0100334]
[1616948943.4232233, 1616948946.124557]
[1616948943.2727401, 1616948945.9100277]
[1616948943.4995823, 1616948946.2425108]
[1616948943.3877394, 1616948946.1081853]
[1616948943.445252, 1616948946.1678598]
[1616948943.688351, 1616948946.377991]
[1616948943.9351063, 1616948946.7082915]
[1616948943.7698736, 1616948946.4255884]
[1616948943.7505426, 1616948946.4771044]
[1616948944.0556462, 1616948946.681383]
[1616948943.9882731, 1616948946.6730702]
[1616948943.7606864, 1616948946.4460573]
[1616948944.1889956, 1616948946.8204265]
[1616948944.1115985, 1616948946.7686753]
[1616948944.0438821, 1616948946.7275646]
[1616948944.2766502, 1616948946.9787748]
[1616948944.1632633, 1616948946.914219]
[1616948944.1833718, 1616948946.9045355]
[1616948944.5594015, 1616948947.3024182]
[1616948944.6002972, 1616948947.2623937]
[1616948944.5204105, 1616948947.1903062]
[1616948944.6079912, 1616948947.3511155]
[1616948944.6283329, 1616948947.334856]
[1616948944.5994043, 1616948947.325061]
[1616948944.8479035, 1616948947.5857549]
[1616948944.6609619, 1616948947.3313506]
[1616948944.9424775, 1616948947.624578]
[1616948944.875022, 1616948947.569716]
[1616948945.205469, 1616948948.0098886]
[1616948944.9437304, 1616948947.7044265]
[1616948945.3574004, 1616948948.0900843]
[1616948945.38657, 1616948948.089961]
[1616948945.4044774, 1616948948.122151]
[1616948945.5488808, 1616948948.2282846]
[1616948945.4488373, 1616948948.1078663]
[1616948945.7876053, 1616948948.5012774]
[1616948945.5522447, 1616948948.2059402]
[1616948945.5378466, 1616948948.301579]
[1616948945.8132453, 1616948948.467333]
[1616948945.7096615, 1616948948.4304094]
[1616948945.7174816, 1616948948.4304254]
[1616948946.033715, 1616948948.7439392]
[1616948945.8641672, 1616948948.565334]
[1616948945.9921007, 1616948948.7158377]
[1616948945.981761, 1616948948.631878]
[1616948946.2018623, 1616948948.9585814]
[1616948946.1620173, 1616948948.8773744]
[1616948946.2184496, 1616948948.9413471]
[1616948946.4109607, 1616948949.0892475]
[1616948946.5072176, 1616948949.1875992]
[1616948946.4172606, 1616948949.1484542]
[1616948946.615114, 1616948949.2759833]
[1616948946.4889703, 1616948949.2069125]
[1616948946.6254475, 1616948949.395584]
[1616948946.839321, 1616948949.530904]
[1616948946.6349616, 1616948949.3121881]
[1616948946.9984336, 1616948949.7389772]
[1616948946.5695603, 1616948949.230109]
[1616948946.791133, 1616948949.4693956]
[1616948946.8585482, 1616948949.5486076]
[1616948946.9937305, 1616948949.70339]
[1616948947.0120394, 1616948949.7364676]
[1616948947.1977878, 1616948949.8614383]
[1616948946.977632, 1616948949.718491]
[1616948947.0605736, 1616948949.6824036]
[1616948947.1999283, 1616948949.9299366]
[1616948947.3836007, 1616948950.101242]
[1616948947.6084504, 1616948950.3413744]
[1616948947.2919276, 1616948949.9754364]
[1616948947.5043736, 1616948950.2807033]
[1616948947.4138453, 1616948950.1236656]
[1616948947.5640316, 1616948950.2912238]
[1616948947.4363499, 1616948950.104266]
[1616948947.5750554, 1616948950.33663]
[1616948947.7919362, 1616948950.5162222]
[1616948947.6651418, 1616948950.361285]
[1616948947.8208005, 1616948950.4574957]
[1616948947.7353776, 1616948950.4927137]
[1616948948.0008686, 1616948950.8466225]
[1616948947.6883016, 1616948950.3941934]
[1616948947.7414055, 1616948950.465674]
[1616948948.1417663, 1616948950.863561]
[1616948947.896155, 1616948950.6953917]
[1616948948.1089559, 1616948950.807374]
[1616948948.1445694, 1616948950.7975261]
[1616948948.1991096, 1616948950.917307]
[1616948948.4791908, 1616948951.157607]
[1616948948.41827, 1616948951.1017823]
[1616948948.330233, 1616948951.079499]
[1616948948.481708, 1616948951.209806]
[1616948948.4888084, 1616948951.1973348]
[1616948948.424992, 1616948951.0496507]
[1616948948.5539558, 1616948951.3116658]
[1616948948.7411132, 1616948951.4782848]
[1616948948.613001, 1616948951.3212073]
[1616948948.5533335, 1616948951.3607218]
[1616948948.5351806, 1616948951.2887585]
[1616948948.844454, 1616948951.6038852]
[1616948948.6828394, 1616948951.3542228]
[1616948948.9969854, 1616948951.7391772]
[1616948948.805998, 1616948951.5183554]
[1616948948.9424596, 1616948951.656666]
[1616948948.9642992, 1616948951.676369]
[1616948949.0940719, 1616948951.8632607]
[1616948948.9890156, 1616948951.6962707]
[1616948949.3782043, 1616948952.045939]
[1616948949.1020257, 1616948951.7808955]
[1616948949.2411208, 1616948951.9028692]
[1616948949.0600874, 1616948951.7656796]
[1616948949.3632364, 1616948952.0306518]
[1616948949.3952408, 1616948952.1179497]
[1616948949.545211, 1616948952.20947]
[1616948949.4360578, 1616948952.188538]
[1616948949.767842, 1616948952.5278006]
[1616948949.7280574, 1616948952.4524827]
[1616948949.7210047, 1616948952.4473848]
[1616948949.7946784, 1616948952.4401197]
[1616948949.536274, 1616948952.2141712]
[1616948949.7772567, 1616948952.523888]
[1616948949.8215177, 1616948952.5220134]
[1616948949.6669192, 1616948952.348272]
[1616948950.112166, 1616948952.8021731]
[1616948950.2617733, 1616948952.930939]
[1616948949.9402392, 1616948952.6346173]
[1616948950.158529, 1616948952.904652]
[1616948950.0694573, 1616948952.7304728]
[1616948950.1379404, 1616948952.8305624]
[1616948950.1327648, 1616948952.850285]
[1616948950.2074583, 1616948952.8310838]
[1616948950.2842486, 1616948952.953428]
[1616948950.4756944, 1616948953.2263267]
[1616948950.4683566, 1616948953.1228263]
[1616948950.1334896, 1616948952.8453128]
[1616948950.407816, 1616948953.1678421]
[1616948950.7067797, 1616948953.450251]
[1616948950.7756898, 1616948953.6536853]
[1616948950.7029803, 1616948953.4218006]
[1616948950.545085, 1616948953.3160732]
[1616948950.600191, 1616948953.280688]
[1616948950.5729027, 1616948953.2932374]
[1616948950.6947584, 1616948953.4804466]
[1616948950.7714653, 1616948953.516768]
[1616948950.9034038, 1616948953.6227493]
[1616948950.9751837, 1616948953.7508879]
[1616948951.0909905, 1616948953.8633153]
[1616948951.0555925, 1616948953.7249286]
[1616948951.003152, 1616948953.7034614]
[1616948951.0654457, 1616948953.7266138]
[1616948950.955227, 1616948953.678971]
[1616948951.2293217, 1616948953.9536517]
[1616948951.201474, 1616948953.8538234]
[1616948951.305391, 1616948954.011389]
[1616948951.4134283, 1616948954.2041028]
[1616948951.446302, 1616948954.16766]
[1616948951.429021, 1616948954.100933]
[1616948951.4946318, 1616948954.2077513]
[1616948951.3051574, 1616948954.01349]
[1616948951.542175, 1616948954.301975]
[1616948951.529095, 1616948954.2413204]
[1616948951.7186463, 1616948954.452644]
[1616948951.7963543, 1616948954.4691482]
[1616948951.7643294, 1616948954.4863317]
[1616948951.618922, 1616948954.3315842]
[1616948952.145089, 1616948954.8635502]
[1616948951.8306289, 1616948954.5288577]
[1616948951.9757063, 1616948954.6362875]
[1616948951.8792198, 1616948954.6062918]
[1616948952.2469444, 1616948954.9013495]
[1616948952.2144501, 1616948954.8815217]
[1616948952.23206, 1616948954.8779106]
[1616948952.316774, 1616948954.9743242]
[1616948952.4461112, 1616948955.0833187]
[1616948952.3087316, 1616948955.0742202]
[1616948952.4633555, 1616948955.2176964]
[1616948952.3650844, 1616948955.0498567]
[1616948952.612287, 1616948955.3314023]
[1616948952.7496808, 1616948955.4359207]
[1616948952.387926, 1616948955.10981]
[1616948952.8348258, 1616948955.5230572]
[1616948952.5517402, 1616948955.2924032]
[1616948952.58089, 1616948955.3410923]
[1616948952.7201204, 1616948955.4280086]
[1616948952.6803932, 1616948955.4010303]
[1616948952.777227, 1616948955.4546337]
[1616948953.0652122, 1616948955.7517939]
[1616948952.923055, 1616948955.6462042]
[1616948953.04615, 1616948955.7170122]
[1616948952.763642, 1616948955.490497]
[1616948953.048313, 1616948955.7557752]
[1616948953.1808236, 1616948955.8959644]
[1616948952.9626598, 1616948955.6308954]
[1616948953.188557, 1616948955.8649087]
[1616948953.2911396, 1616948956.0243037]
[1616948953.288626, 1616948955.9740913]
[1616948953.4920673, 1616948956.2214785]
[1616948953.393976, 1616948956.1310935]
[1616948953.6292958, 1616948956.3460364]
[1616948953.5622284, 1616948956.310866]
[1616948953.6095204, 1616948956.3429823]
[1616948953.6496527, 1616948956.4079473]
[1616948953.6897917, 1616948956.4195442]
[1616948953.7844336, 1616948956.4054668]
[1616948953.704582, 1616948956.520344]
[1616948953.8340843, 1616948956.4777365]
[1616948953.7667484, 1616948956.518863]
[1616948953.8580756, 1616948956.5894291]
[1616948953.8956678, 1616948956.5709548]
[1616948953.887211, 1616948956.6502492]
[1616948954.1203833, 1616948956.7907548]
[1616948954.070345, 1616948956.7755868]
[1616948954.0065534, 1616948956.7366924]
[1616948954.3020418, 1616948957.0637937]
[1616948954.2441587, 1616948957.0339296]
[1616948954.295211, 1616948957.006811]
[1616948954.2846537, 1616948956.9932914]
[1616948954.2338028, 1616948956.9478185]
[1616948954.335365, 1616948957.0594497]
[1616948954.4896014, 1616948957.1756756]
[1616948954.333395, 1616948957.081826]
[1616948954.3553078, 1616948957.0728269]
[1616948954.4224613, 1616948957.0432286]
[1616948954.5648983, 1616948957.2898242]
[1616948954.8051348, 1616948957.529374]
[1616948954.7449927, 1616948957.3885343]
[1616948954.7763155, 1616948957.522613]
[1616948954.8257494, 1616948957.5099702]
[1616948954.978511, 1616948957.6122892]
[1616948955.0642335, 1616948957.7623434]
[1616948955.1316006, 1616948957.8620973]
[1616948955.0869052, 1616948957.7579198]
[1616948954.81064, 1616948957.5223658]
[1616948955.3932703, 1616948958.0081017]
[1616948955.3154082, 1616948958.0321023]
[1616948955.0412781, 1616948957.705121]
[1616948955.10331, 1616948957.8326733]
[1616948955.2633638, 1616948957.989398]
[1616948955.5428474, 1616948958.2356648]
[1616948955.378967, 1616948958.0968506]
[1616948955.5017884, 1616948958.215645]
[1616948955.5473554, 1616948958.2265885]
[1616948955.3925967, 1616948958.0827305]
[1616948955.57188, 1616948958.2492933]
[1616948955.6354876, 1616948958.2899299]
[1616948955.6698704, 1616948958.3915327]
[1616948955.877481, 1616948958.556655]
[1616948955.9372299, 1616948958.644515]
[1616948955.7547672, 1616948958.4203107]
[1616948955.9292653, 1616948958.633901]
[1616948955.8919523, 1616948958.5995543]
[1616948956.009445, 1616948958.6786442]
[1616948956.2431374, 1616948958.9621375]
[1616948956.0635762, 1616948958.7737913]
[1616948956.2330415, 1616948958.9726772]
[1616948956.3062408, 1616948959.0128374]
[1616948956.068821, 1616948958.7978024]
[1616948956.4575367, 1616948959.1805272]
[1616948956.360595, 1616948959.0633774]
[1616948956.4831846, 1616948959.1146016]
[1616948956.5762393, 1616948959.250062]
[1616948956.647061, 1616948959.3954444]
[1616948956.5867455, 1616948959.493497]
[1616948956.4965036, 1616948959.1972084]
[1616948956.738129, 1616948959.46377]
[1616948956.686342, 1616948959.4776583]
[1616948956.7294593, 1616948959.4024093]
[1616948956.6882973, 1616948959.4323635]
[1616948956.8262305, 1616948959.508401]
[1616948956.942814, 1616948959.6770365]
[1616948956.910598, 1616948959.617434]
[1616948957.0631013, 1616948959.8508477]
[1616948957.0943696, 1616948959.8434598]
[1616948957.037774, 1616948959.8075712]
[1616948957.2008002, 1616948959.8564534]
[1616948957.0508757, 1616948959.6655643]
[1616948957.50718, 1616948960.2619176]
[1616948957.2268846, 1616948959.9697864]
[1616948957.3232265, 1616948960.0220068]
[1616948957.5052207, 1616948960.212258]
[1616948957.6445646, 1616948960.3163774]
[1616948957.5949996, 1616948960.307409]
[1616948957.451527, 1616948960.097409]
[1616948957.815423, 1616948960.4825482]
[1616948957.7814686, 1616948960.4522736]
[1616948957.6474807, 1616948960.4427543]
[1616948957.7716832, 1616948960.4719558]
[1616948957.7993474, 1616948960.4659061]
[1616948957.549204, 1616948960.2756314]
[1616948957.9182563, 1616948960.6396935]
[1616948958.022819, 1616948960.6480098]
[1616948958.2093925, 1616948960.9449444]
[1616948958.1773221, 1616948960.847144]
[1616948958.1600707, 1616948960.8660367]
[1616948958.056603, 1616948960.7838156]
[1616948958.344579, 1616948961.039898]
[1616948958.2454023, 1616948960.9144583]
[1616948958.2394106, 1616948960.87768]
[1616948958.3013296, 1616948960.9709535]
[1616948958.4016495, 1616948961.1501093]
[1616948958.4347968, 1616948961.0847304]
[1616948958.5127082, 1616948961.211324]
[1616948958.3436153, 1616948961.035449]
[1616948958.4803872, 1616948961.1954875]
[1616948958.671684, 1616948961.3474407]
[1616948958.7415335, 1616948961.4277308]
[1616948958.7445164, 1616948961.4379408]
[1616948958.886475, 1616948961.6109755]
[1616948958.8862526, 1616948961.6010325]
[1616948958.9265523, 1616948961.5855768]
[1616948958.95966, 1616948961.690129]
[1616948959.0738602, 1616948961.8165648]
[1616948959.0450795, 1616948961.7579904]
[1616948958.8244193, 1616948961.545933]
[1616948959.0050864, 1616948961.7405505]
[1616948959.1714122, 1616948961.8060489]
[1616948959.3192785, 1616948962.0306559]
[1616948959.0878496, 1616948961.8149066]
[1616948959.2968938, 1616948961.9792712]
[1616948959.2980013, 1616948962.0111792]
[1616948959.3711956, 1616948962.014294]
[1616948959.186013, 1616948961.9186518]
[1616948959.4715824, 1616948962.2128463]
[1616948959.623551, 1616948962.332923]
[1616948959.465516, 1616948962.25744]
[1616948959.4213164, 1616948962.0550635]
[1616948959.6955492, 1616948962.4427655]
[1616948959.70319, 1616948962.3855312]
[1616948959.698985, 1616948962.3070383]
[1616948959.9683576, 1616948962.7199383]
[1616948960.036573, 1616948962.7641897]
[1616948959.986831, 1616948962.7051902]
[1616948960.0029764, 1616948962.7257073]
[1616948959.9130785, 1616948962.5892656]
[1616948959.7970233, 1616948962.5675318]
[1616948960.0776882, 1616948962.845356]
[1616948960.1201298, 1616948962.7814312]
[1616948959.9148793, 1616948962.6898053]
[1616948960.2424233, 1616948962.9459548]
[1616948960.2173247, 1616948962.9516418]
[1616948960.2466006, 1616948962.9734771]
[1616948960.3793557, 1616948963.142202]
[1616948960.309668, 1616948963.0620444]
[1616948960.4879909, 1616948963.147091]
[1616948960.38205, 1616948963.0431654]
[1616948960.3593888, 1616948963.068579]
[1616948960.5455995, 1616948963.2276578]
[1616948960.3336413, 1616948962.9811504]
[1616948960.6191804, 1616948963.273764]
[1616948960.433096, 1616948963.179512]
[1616948960.7137282, 1616948963.4734423]
[1616948960.667154, 1616948963.2971401]
[1616948960.767669, 1616948963.4907122]
[1616948960.7179682, 1616948963.3788733]
[1616948960.928098, 1616948963.5911896]
[1616948960.9153695, 1616948963.5773194]
[1616948961.0420947, 1616948963.7101212]
[1616948961.1027663, 1616948963.7793436]
[1616948961.1209044, 1616948963.8227267]
[1616948961.2679267, 1616948964.0214987]
[1616948961.216605, 1616948963.9513748]
[1616948961.252582, 1616948963.9543986]
[1616948961.274103, 1616948963.9248903]
[1616948961.3367686, 1616948964.079422]
[1616948961.5016162, 1616948964.2004774]
[1616948961.4629438, 1616948964.1682336]
[1616948961.409128, 1616948964.1205747]
[1616948961.3954048, 1616948964.1048458]
[1616948961.619686, 1616948964.3625436]
[1616948961.506627, 1616948964.2155857]
[1616948961.571484, 1616948964.2904222]
[1616948961.4783509, 1616948964.1487963]
[1616948961.6999536, 1616948964.4067442]
[1616948961.856239, 1616948964.5731676]
[1616948961.804785, 1616948964.5472627]
[1616948961.7952106, 1616948964.497923]
[1616948962.029199, 1616948964.6773803]
[1616948961.94237, 1616948964.6846013]
[1616948962.0133593, 1616948964.7472405]
[1616948961.9918056, 1616948964.652651]
[1616948961.950626, 1616948964.5914052]
[1616948962.105512, 1616948964.776147]
[1616948961.9481823, 1616948964.717736]
[1616948962.2675579, 1616948965.0851693]
[1616948962.0495422, 1616948964.7727537]
[1616948962.4612122, 1616948965.1568666]
[1616948962.4958534, 1616948965.1040375]
[1616948962.4519062, 1616948965.1820738]
[1616948962.4461777, 1616948965.1184266]
[1616948962.593506, 1616948965.3520067]
[1616948962.199665, 1616948964.863287]
[1616948962.1498797, 1616948964.8452895]
[1616948962.6065633, 1616948965.2542396]
[1616948962.7438612, 1616948965.466688]
[1616948962.7134817, 1616948965.4346964]
[1616948962.6398973, 1616948965.3674576]
[1616948962.7565482, 1616948965.497482]
[1616948962.8622432, 1616948965.6325963]
[1616948962.8861694, 1616948965.5277102]
[1616948962.935712, 1616948965.6160846]
[1616948962.923081, 1616948965.6929128]
[1616948962.8981571, 1616948965.6356046]
[1616948963.0105097, 1616948965.6812785]
[1616948963.161679, 1616948965.8140109]
[1616948963.1208136, 1616948965.8262963]
[1616948963.3134649, 1616948965.9631195]
[1616948963.2423794, 1616948965.9221635]
[1616948963.146473, 1616948965.9151256]
[1616948963.4993398, 1616948966.252869]
[1616948963.204935, 1616948965.9942892]
[1616948963.3891666, 1616948966.053051]
[1616948963.2517562, 1616948965.9807632]
[1616948963.4167416, 1616948966.1398778]
[1616948963.4168391, 1616948966.077661]
[1616948963.4098773, 1616948966.0652516]
[1616948963.5947552, 1616948966.2586708]
[1616948963.6989827, 1616948966.3889616]
[1616948963.7492762, 1616948966.4781594]
[1616948963.8667195, 1616948966.5411844]
[1616948963.708607, 1616948966.4369204]
[1616948963.838843, 1616948966.5328157]
[1616948963.719539, 1616948966.3969407]
[1616948963.9143097, 1616948966.6145635]
[1616948964.1210406, 1616948966.851459]
[1616948964.0185106, 1616948966.722604]
[1616948963.8984573, 1616948966.6134024]
[1616948964.3019667, 1616948967.024718]
[1616948964.0538783, 1616948966.7700644]
[1616948964.3258407, 1616948967.0090985]
[1616948964.2706866, 1616948966.9984457]
[1616948964.4341307, 1616948967.168577]
[1616948964.370254, 1616948967.0967693]
[1616948964.3597686, 1616948967.0774407]
[1616948964.6864035, 1616948967.346326]
[1616948964.7620065, 1616948967.4760377]
[1616948964.6512718, 1616948967.306447]
[1616948964.5362945, 1616948967.1877544]
[1616948964.512646, 1616948967.2413886]
[1616948964.6873636, 1616948967.3603458]
[1616948964.7992516, 1616948967.444895]
[1616948964.7811983, 1616948967.496503]
[1616948964.7028332, 1616948967.4618797]
[1616948965.110159, 1616948967.6995633]
[1616948965.064307, 1616948967.7688198]
[1616948964.9033484, 1616948967.5679564]
[1616948965.271105, 1616948967.915652]
[1616948965.3034961, 1616948968.1043172]
[1616948965.2431998, 1616948967.954149]
[1616948965.1512773, 1616948967.8404045]
[1616948965.3223064, 1616948968.0343895]
[1616948965.2748618, 1616948967.968122]
[1616948965.3126614, 1616948968.041242]
[1616948965.4629457, 1616948968.186483]
[1616948965.3598843, 1616948968.102212]
[1616948965.3625898, 1616948968.0664964]
[1616948965.350681, 1616948968.0876534]
[1616948965.6700418, 1616948968.3970346]
[1616948965.6347733, 1616948968.3280978]
[1616948965.7116644, 1616948968.4710457]
[1616948965.8984098, 1616948968.5604246]
[1616948965.711467, 1616948968.3291929]
[1616948965.7662776, 1616948968.421574]
[1616948965.7546468, 1616948968.514375]
[1616948965.9125724, 1616948968.6286716]
[1616948965.7846503, 1616948968.5205061]
[1616948966.0147927, 1616948968.792753]
[1616948965.8666453, 1616948968.5799897]
[1616948966.0991597, 1616948968.7526963]
[1616948966.0509195, 1616948968.8149886]
[1616948966.1638942, 1616948968.8013458]
[1616948966.5158987, 1616948969.2619648]
[1616948966.1635666, 1616948968.8741426]
[1616948966.3590274, 1616948969.0159874]
[1616948966.2292783, 1616948968.8920615]
[1616948966.45236, 1616948969.2012808]
[1616948966.6122425, 1616948969.2459855]
[1616948966.5812676, 1616948969.2850592]
[1616948966.4529335, 1616948969.1262805]
[1616948966.5326157, 1616948969.2358801]
[1616948966.58614, 1616948969.3290951]
[1616948966.5613043, 1616948969.2125819]
[1616948966.6714213, 1616948969.3386524]
[1616948966.956756, 1616948969.70719]
[1616948966.8541536, 1616948969.5503833]
[1616948967.0941048, 1616948969.8161433]
[1616948966.7726398, 1616948969.4740021]
[1616948966.901653, 1616948969.6067805]
[1616948967.0791044, 1616948969.8123126]
[1616948967.2186139, 1616948969.9819403]
[1616948967.2567499, 1616948969.9470725]
[1616948967.203214, 1616948969.8528438]
[1616948967.1678734, 1616948969.8898444]
[1616948967.2828531, 1616948969.984362]
[1616948967.3603868, 1616948969.999618]
[1616948967.3603003, 1616948970.0081453]
[1616948967.4665792, 1616948970.1420164]
[1616948967.4726794, 1616948970.2278774]
[1616948967.549285, 1616948970.2779543]
[1616948967.57996, 1616948970.2360795]
[1616948967.4505067, 1616948970.0983307]
[1616948967.6843355, 1616948970.4597347]
[1616948967.638517, 1616948970.358708]
[1616948967.5663896, 1616948970.2916815]
[1616948967.638118, 1616948970.3353643]
[1616948967.7931805, 1616948970.512039]
[1616948967.8464482, 1616948970.4556131]
[1616948967.8769026, 1616948970.5541627]
[1616948968.0791533, 1616948970.8091402]
[1616948968.1135037, 1616948970.8916554]
[1616948968.074118, 1616948970.8155267]
[1616948968.3365262, 1616948970.9860964]
[1616948968.0913997, 1616948970.8510702]
[1616948967.9976366, 1616948970.7040317]
[1616948968.205517, 1616948970.968244]
[1616948968.3437526, 1616948971.040522]
[1616948968.1785524, 1616948970.914519]
[1616948968.3774986, 1616948971.081509]
[1616948968.4892275, 1616948971.1518462]
[1616948968.4033144, 1616948971.1164942]
[1616948968.5058615, 1616948971.1939256]
[1616948968.7886949, 1616948971.4268935]
[1616948968.482395, 1616948971.2156796]
[1616948968.7595367, 1616948971.3847153]
[1616948968.6192176, 1616948971.3358219]
[1616948968.6450424, 1616948971.3640494]
[1616948968.9633005, 1616948971.6694968]
[1616948968.8468294, 1616948971.6009223]
[1616948968.8490345, 1616948971.4947708]
[1616948969.0305848, 1616948971.7073145]
[1616948968.981539, 1616948971.740129]
[1616948969.1550586, 1616948971.861621]
[1616948969.0105453, 1616948971.7514238]
[1616948969.1918793, 1616948971.955407]
[1616948968.9622025, 1616948971.6122952]
[1616948969.2235525, 1616948971.8623557]
[1616948969.512935, 1616948972.2093127]
[1616948969.4272788, 1616948972.142154]
[1616948969.4099824, 1616948972.0820026]
[1616948969.5529346, 1616948972.1754432]
[1616948969.5139556, 1616948972.2055647]
[1616948969.5690794, 1616948972.2937741]
[1616948969.89187, 1616948972.6290243]
[1616948969.534504, 1616948972.2767851]
[1616948969.7176766, 1616948972.4331017]
[1616948969.6455789, 1616948972.3157125]
[1616948969.8228247, 1616948972.5278008]
[1616948969.893497, 1616948972.5637488]
[1616948969.7705355, 1616948972.441126]
[1616948969.8792481, 1616948972.5292695]
[1616948969.9299834, 1616948972.6703217]
[1616948969.7779503, 1616948972.5159295]
[1616948970.1043713, 1616948972.71022]
[1616948969.988854, 1616948972.7392247]
[1616948970.2422106, 1616948972.8985667]
[1616948969.9804487, 1616948972.7043276]
[1616948970.177294, 1616948972.8524282]
[1616948970.2013526, 1616948972.8380394]
[1616948970.0868344, 1616948972.73799]
[1616948970.2330356, 1616948972.9852636]
[1616948970.320949, 1616948973.032786]
[1616948970.4242735, 1616948973.1117682]
[1616948970.4183388, 1616948973.1371372]
[1616948970.5615919, 1616948973.2122157]
[1616948970.773034, 1616948973.5428307]
[1616948970.4771411, 1616948973.2545917]
[1616948970.689832, 1616948973.4130857]
[1616948970.5399833, 1616948973.253728]
[1616948970.7199671, 1616948973.4161909]
[1616948970.6276066, 1616948973.2340147]
[1616948970.7631197, 1616948973.4956765]
[1616948970.756045, 1616948973.4329941]
[1616948970.938734, 1616948973.7651145]
[1616948971.0623689, 1616948973.7994902]
[1616948971.0208647, 1616948973.741481]
[1616948971.102856, 1616948973.8087192]
[1616948971.1454296, 1616948973.8801007]
[1616948970.9976554, 1616948973.633277]
[1616948971.3835397, 1616948974.100257]
[1616948971.4641345, 1616948974.1208487]
[1616948971.2835796, 1616948973.9612782]
[1616948971.472798, 1616948974.1310518]
[1616948971.2213662, 1616948973.9980679]
[1616948971.5166886, 1616948974.1610594]
[1616948971.651708, 1616948974.3037577]
[1616948971.5742252, 1616948974.2860336]
[1616948971.711514, 1616948974.442354]
[1616948971.7027495, 1616948974.446211]
[1616948971.9555352, 1616948974.6206694]
[1616948971.6936553, 1616948974.3957708]
[1616948971.693886, 1616948974.4493234]
[1616948971.8607607, 1616948974.6051376]
[1616948971.698531, 1616948974.4869237]
[1616948971.943087, 1616948974.6132393]
[1616948971.9921777, 1616948974.775204]
[1616948971.8520045, 1616948974.591491]
[1616948972.0104735, 1616948974.6889105]
[1616948972.1134064, 1616948974.7975302]
[1616948972.2304251, 1616948974.924324]
[1616948972.1258225, 1616948974.8536565]
[1616948972.237637, 1616948974.9194841]
[1616948972.2104573, 1616948974.8300724]
[1616948972.2765317, 1616948975.038849]
[1616948972.5158477, 1616948975.2054307]
[1616948972.3589988, 1616948975.0438092]
[1616948972.5543218, 1616948975.2442946]
[1616948972.540702, 1616948975.1918468]
[1616948972.4270067, 1616948975.1265793]
[1616948972.5585375, 1616948975.2744226]
[1616948972.5585763, 1616948975.2855158]
[1616948972.8665183, 1616948975.531236]
[1616948972.9219737, 1616948975.5666978]
[1616948971.6963842, 1616948974.3626654]
[1616948972.9440734, 1616948975.5839891]
[1616948972.9139228, 1616948975.5783393]
[1616948972.7667174, 1616948975.5155625]
[1616948972.8927548, 1616948975.533881]
[1616948973.0436141, 1616948975.7583854]
[1616948973.1571145, 1616948975.9173987]
[1616948973.123772, 1616948975.8130326]
[1616948973.2102437, 1616948975.924908]
[1616948973.3421502, 1616948976.1119688]
[1616948973.3954618, 1616948976.0543716]
[1616948973.416028, 1616948976.1672635]
[1616948973.351789, 1616948976.0709305]
[1616948973.359399, 1616948975.9531822]
[1616948973.202899, 1616948975.958824]
[1616948973.4855504, 1616948976.1843956]
[1616948973.4385805, 1616948976.132759]
[1616948973.56939, 1616948976.3278966]
[1616948973.8429804, 1616948976.5743945]
[1616948973.8420029, 1616948976.5388098]
[1616948973.8165398, 1616948976.5292141]
[1616948973.9312727, 1616948976.5886915]
[1616948973.9007874, 1616948976.5937989]
[1616948973.6361148, 1616948976.3691819]
[1616948973.9580579, 1616948976.6886997]
[1616948973.8022444, 1616948976.5094798]
[1616948974.1198523, 1616948976.8421319]
[1616948974.0266645, 1616948976.841281]
[1616948974.4167829, 1616948977.1368651]
[1616948974.22529, 1616948976.8945594]
[1616948974.2670257, 1616948976.9186456]
[1616948974.423967, 1616948977.09709]
[1616948974.3651493, 1616948977.0898578]
[1616948974.4502587, 1616948977.1745977]
[1616948974.3413935, 1616948976.9915967]
[1616948974.5516496, 1616948977.2865639]
[1616948974.5721817, 1616948977.322414]
[1616948974.5052, 1616948977.3276913]
[1616948974.766645, 1616948977.458133]
[1616948974.6493995, 1616948977.3029666]
[1616948974.6312573, 1616948977.3150136]
[1616948974.9430554, 1616948977.632282]
[1616948974.8021677, 1616948977.5774312]
[1616948975.0103214, 1616948977.6781237]
[1616948975.0913334, 1616948977.790263]
[1616948975.0275881, 1616948977.754198]
[1616948975.234873, 1616948977.9493766]
[1616948975.1320393, 1616948977.853404]
[1616948975.1807332, 1616948977.8381817]
[1616948975.3300064, 1616948978.0650015]
[1616948975.0820537, 1616948977.7605317]
[1616948975.472172, 1616948978.123642]
[1616948975.4937384, 1616948978.2646081]
[1616948975.4948018, 1616948978.2406259]
[1616948975.4541552, 1616948978.1741788]
[1616948975.575391, 1616948978.2336667]
[1616948975.6238694, 1616948978.2747364]
[1616948975.2626455, 1616948977.9605386]
[1616948975.4783309, 1616948978.1642723]
[1616948975.6793592, 1616948978.3303194]
[1616948975.5101428, 1616948978.165528]
[1616948975.6970243, 1616948978.3391078]
[1616948975.8267763, 1616948978.521067]
[1616948975.990895, 1616948978.6138213]
[1616948975.9132023, 1616948978.6362903]
[1616948976.028213, 1616948978.7500267]
[1616948975.988814, 1616948978.7417576]
[1616948976.1092098, 1616948978.7613385]
[1616948975.9442258, 1616948978.7691045]
[1616948976.0916486, 1616948978.8041766]
[1616948976.1912303, 1616948978.8982418]
[1616948976.1779292, 1616948978.8763855]
[1616948976.4641047, 1616948979.1966743]
[1616948976.2893445, 1616948978.9708626]
[1616948976.493705, 1616948979.2489362]
[1616948976.4687347, 1616948979.2150798]
[1616948976.742028, 1616948979.3735535]
[1616948976.5334346, 1616948979.3008049]
[1616948976.7906265, 1616948979.499903]
[1616948976.694575, 1616948979.4587972]
[1616948976.8059034, 1616948979.5155737]
[1616948976.7090259, 1616948979.4095888]
[1616948976.7683976, 1616948979.489726]
[1616948977.025194, 1616948979.6856275]
[1616948977.0412633, 1616948979.706371]
[1616948977.06499, 1616948979.7468977]
[1616948977.2933667, 1616948980.0276601]
[1616948977.177853, 1616948979.8873227]
[1616948977.2323115, 1616948979.9512725]
[1616948977.2214677, 1616948979.9565594]
[1616948977.2681565, 1616948979.9824996]
[1616948977.647369, 1616948980.3528497]
[1616948977.288614, 1616948980.0428147]
[1616948977.388484, 1616948980.1300473]
[1616948977.497885, 1616948980.1663427]
[1616948977.3748207, 1616948980.182357]
[1616948977.5303473, 1616948980.1764534]
[1616948977.2293482, 1616948979.8979907]
[1616948977.53969, 1616948980.2099166]
[1616948977.4182336, 1616948980.097164]
[1616948977.7000306, 1616948980.3941529]
[1616948977.9729607, 1616948980.6852908]
[1616948977.677341, 1616948980.436441]
[1616948977.7545977, 1616948980.4592113]
[1616948977.9669437, 1616948980.6710746]
[1616948978.0519104, 1616948980.788553]
[1616948978.0547338, 1616948980.7277765]
[1616948978.0827966, 1616948980.8228662]
[1616948977.9372237, 1616948980.6398833]
[1616948978.0622807, 1616948980.7272427]
[1616948978.243597, 1616948980.89804]
[1616948978.247673, 1616948980.986247]
[1616948978.328496, 1616948980.9666278]
[1616948978.5670562, 1616948981.2475474]
[1616948978.4293797, 1616948981.0956213]
[1616948978.3857007, 1616948981.0550137]
[1616948978.222165, 1616948980.930836]
[1616948978.6077056, 1616948981.2449772]
[1616948978.398275, 1616948981.1303575]
[1616948978.6835654, 1616948981.427098]
[1616948978.3384728, 1616948980.9831185]
[1616948978.8569994, 1616948981.5975416]
[1616948978.537758, 1616948981.2264876]
[1616948979.1227405, 1616948981.8821208]
[1616948979.0565462, 1616948981.7353787]
[1616948978.8491645, 1616948981.558265]
[1616948979.0828035, 1616948981.8144197]
[1616948979.0241416, 1616948981.8241174]
[1616948979.1936617, 1616948981.890026]
[1616948979.00241, 1616948981.7350404]
[1616948979.2067177, 1616948981.9382055]
[1616948979.170496, 1616948981.8932812]
[1616948979.1521811, 1616948981.7652824]
[1616948979.3187158, 1616948982.070842]
[1616948979.2125392, 1616948981.891069]
[1616948979.2032166, 1616948981.9669096]
[1616948979.0167272, 1616948981.7274947]
[1616948979.368512, 1616948982.1485298]
[1616948979.4423845, 1616948982.1445558]
[1616948979.633368, 1616948982.3426173]
[1616948979.6891923, 1616948982.338827]
[1616948979.8397834, 1616948982.4891665]
[1616948979.696544, 1616948982.353923]
[1616948979.6671574, 1616948982.4069]
[1616948979.970683, 1616948982.7217646]
[1616948979.7109652, 1616948982.4792979]
[1616948979.6319687, 1616948982.3423727]
[1616948979.9176047, 1616948982.5763924]
[1616948979.6342618, 1616948982.3824146]
[1616948980.0605469, 1616948982.8603725]
[1616948980.2723637, 1616948982.929866]
[1616948980.1825123, 1616948982.8254552]
[1616948980.130409, 1616948982.824443]
[1616948980.1567383, 1616948982.9021676]
[1616948980.0792027, 1616948982.8234162]
[1616948980.2780674, 1616948983.1086853]
[1616948980.3152997, 1616948982.9638317]
[1616948980.3306365, 1616948983.0438533]
[1616948980.4998128, 1616948983.2009926]
[1616948980.633549, 1616948983.3364127]
[1616948980.4309266, 1616948983.1158628]
[1616948980.6350965, 1616948983.3441327]
[1616948980.8476996, 1616948983.5784178]
[1616948980.5758548, 1616948983.3401089]
[1616948980.972406, 1616948983.6710243]
[1616948980.933506, 1616948983.6336977]
[1616948980.8240213, 1616948983.553987]
[1616948980.6710806, 1616948983.3677833]
[1616948980.654599, 1616948983.3990622]
[1616948980.9248223, 1616948983.57758]
[1616948981.257073, 1616948983.9214568]
[1616948981.0204983, 1616948983.7121916]
[1616948981.1443527, 1616948983.8799157]
[1616948981.3182142, 1616948983.9777606]
[1616948981.4149196, 1616948984.067493]
[1616948981.2304127, 1616948983.891031]
[1616948981.3782845, 1616948984.0409517]
[1616948981.4859204, 1616948984.2105885]
[1616948981.4914658, 1616948984.1088095]
[1616948981.3663967, 1616948984.0452335]
[1616948981.1809013, 1616948983.8384585]
[1616948981.5957048, 1616948984.3026655]
[1616948981.8637254, 1616948984.5310092]
[1616948981.7311347, 1616948984.420839]
[1616948981.7909927, 1616948984.3997788]
[1616948981.7060106, 1616948984.363962]
[1616948981.8069184, 1616948984.5156815]
[1616948981.823352, 1616948984.5347881]
[1616948981.6030087, 1616948984.3240964]
[1616948981.760757, 1616948984.4324038]
[1616948981.8587463, 1616948984.5589833]
[1616948981.9733353, 1616948984.7358513]
[1616948981.8456612, 1616948984.550236]
[1616948982.0382183, 1616948984.7516804]
[1616948982.1506925, 1616948984.8598013]
[1616948982.3930151, 1616948985.1545954]
[1616948982.4619553, 1616948985.1490004]
[1616948982.2263114, 1616948984.9631882]
[1616948982.3732133, 1616948985.0393882]
[1616948982.6037414, 1616948985.2664618]
[1616948982.417172, 1616948985.1333544]
[1616948982.7119172, 1616948985.4267483]
[1616948982.2368505, 1616948985.014896]
[1616948982.657381, 1616948985.3185973]
[1616948982.9604013, 1616948985.66037]
[1616948982.8779848, 1616948985.6138878]
[1616948982.847422, 1616948985.5125005]
[1616948982.6404312, 1616948985.3530157]
[1616948982.5753596, 1616948985.3133504]
[1616948982.5419192, 1616948985.1838286]
[1616948982.92458, 1616948985.6716955]
[1616948983.0928721, 1616948985.8082776]
[1616948983.2083201, 1616948985.9132693]
[1616948983.2552707, 1616948985.8943262]
[1616948983.429049, 1616948986.1203568]
[1616948983.1648092, 1616948985.8548295]
[1616948983.3821669, 1616948986.080388]
[1616948983.1939037, 1616948985.980559]
[1616948983.2833836, 1616948985.959108]
[1616948983.4305327, 1616948986.1439393]
[1616948983.465781, 1616948986.2186103]
[1616948983.5046275, 1616948986.2449827]
[1616948983.7020478, 1616948986.4114902]
[1616948983.6129074, 1616948986.3511279]
[1616948983.8612828, 1616948986.5246644]
[1616948983.5456035, 1616948986.289739]
[1616948983.8842607, 1616948986.6226995]
[1616948983.8021147, 1616948986.486674]
[1616948983.5674365, 1616948986.2795618]
[1616948983.8808832, 1616948986.5265808]
[1616948983.743623, 1616948986.4320295]
[1616948983.984891, 1616948986.617874]
[1616948983.9441411, 1616948986.6049669]
[1616948984.0343115, 1616948986.6904721]
[1616948984.266422, 1616948986.9977062]
[1616948984.1413448, 1616948986.798891]
[1616948984.2931106, 1616948986.989445]
[1616948984.1162932, 1616948986.7684634]
[1616948984.3249784, 1616948987.0304604]
[1616948984.4383726, 1616948987.117309]
[1616948984.294655, 1616948986.946212]
[1616948984.3607662, 1616948987.049927]
[1616948984.4971824, 1616948987.1094716]
[1616948984.7102613, 1616948987.3864443]
[1616948984.55845, 1616948987.321412]
[1616948984.6103432, 1616948987.317157]
[1616948984.4902232, 1616948987.1942616]
[1616948984.6588254, 1616948987.3803961]
[1616948984.5040836, 1616948987.264655]
[1616948984.8993912, 1616948987.5979433]
[1616948984.3969944, 1616948987.0721366]
[1616948984.5139, 1616948987.1401963]
[1616948984.8280725, 1616948987.5527356]
[1616948985.001194, 1616948987.755865]
[1616948985.094413, 1616948987.810353]
[1616948984.7190497, 1616948987.4229233]
[1616948984.9879751, 1616948987.714865]
[1616948984.927845, 1616948987.719175]
[1616948985.2127173, 1616948987.8656375]
[1616948984.997204, 1616948987.6818516]
[1616948985.4700878, 1616948988.1765296]
[1616948985.098427, 1616948987.8371654]
[1616948985.276658, 1616948987.9453914]
[1616948985.0933938, 1616948987.7659128]
[1616948985.5375583, 1616948988.2383595]
[1616948985.6390166, 1616948988.324404]
[1616948985.6294425, 1616948988.402283]
[1616948985.4168935, 1616948988.1343956]
[1616948985.7249823, 1616948988.470196]
[1616948985.6889224, 1616948988.4358723]
[1616948985.6878476, 1616948988.3766675]
[1616948985.7485576, 1616948988.4526157]
[1616948985.725122, 1616948988.4464984]
[1616948986.026848, 1616948988.816458]
[1616948985.9148774, 1616948988.5538013]
[1616948986.0854514, 1616948988.8016121]
[1616948986.1549923, 1616948988.8647292]
[1616948986.331423, 1616948989.104749]
[1616948986.2827675, 1616948988.985506]
[1616948986.2130816, 1616948988.95377]
[1616948986.3438613, 1616948989.1187205]
[1616948986.3875806, 1616948989.1243055]
[1616948986.4994655, 1616948989.2503133]
[1616948986.2868762, 1616948989.0006812]
[1616948986.4967048, 1616948989.1702046]
[1616948986.4459164, 1616948989.1418908]
[1616948986.6431973, 1616948989.3712726]
[1616948986.4030955, 1616948989.1154137]
[1616948986.7566805, 1616948989.4365149]
[1616948986.5603666, 1616948989.200616]
[1616948986.8739164, 1616948989.5552094]
[1616948986.851718, 1616948989.4814951]
[1616948986.8530352, 1616948989.5266404]
[1616948986.6569335, 1616948989.2991102]
[1616948986.8545182, 1616948989.5685503]
[1616948986.8483992, 1616948989.4789934]
[1616948986.567421, 1616948989.2370896]
[1616948987.224915, 1616948989.9142]
[1616948987.1756423, 1616948989.8402636]
[1616948987.0174763, 1616948989.7473035]
[1616948987.4153447, 1616948990.1314688]
[1616948987.178416, 1616948989.8460925]
[1616948987.0995662, 1616948989.7843626]
[1616948987.395301, 1616948990.062138]
[1616948987.4446287, 1616948990.17939]
[1616948987.295656, 1616948990.0330677]
[1616948987.433311, 1616948990.1265054]
[1616948987.557481, 1616948990.273297]
[1616948987.2663348, 1616948989.8822622]
[1616948987.5955007, 1616948990.31681]
[1616948987.5460818, 1616948990.258683]
[1616948987.743732, 1616948990.466064]
[1616948987.6023614, 1616948990.345182]
[1616948987.6585994, 1616948990.362013]
[1616948987.7385426, 1616948990.5360646]
[1616948987.9451091, 1616948990.6628559]
[1616948987.8112812, 1616948990.4642913]
[1616948987.7365835, 1616948990.4905431]
[1616948988.163763, 1616948990.8762941]
[1616948988.0150743, 1616948990.6863718]
[1616948987.8874562, 1616948990.5400133]
[1616948988.1919441, 1616948990.9285743]
[1616948988.2198677, 1616948990.9806564]
[1616948988.326579, 1616948991.011796]
[1616948988.3153613, 1616948991.0626478]
[1616948988.4605293, 1616948991.1767719]
[1616948988.4585092, 1616948991.19311]
[1616948988.2711086, 1616948990.9477587]
[1616948988.508861, 1616948991.249395]
[1616948988.5372791, 1616948991.2715955]
[1616948988.6895308, 1616948991.3489683]
[1616948988.569058, 1616948991.2074718]
[1616948988.605141, 1616948991.29306]
[1616948988.4160762, 1616948991.2043102]
[1616948988.7949102, 1616948991.5144162]
[1616948988.7617705, 1616948991.418619]
[1616948989.0023215, 1616948991.6980956]
[1616948988.8657362, 1616948991.6200871]
[1616948989.0256414, 1616948991.7392466]
[1616948989.0022962, 1616948991.7496552]
[1616948989.1573212, 1616948991.8556745]
[1616948989.109649, 1616948991.8261735]
[1616948989.1361892, 1616948991.9426026]
[1616948989.2010226, 1616948991.898102]
[1616948989.222252, 1616948991.8620343]
[1616948989.3132284, 1616948991.9474428]
[1616948989.2707007, 1616948992.0110254]
[1616948989.4370487, 1616948992.1816947]
[1616948989.7641592, 1616948992.4652004]
[1616948989.6744945, 1616948992.349696]
[1616948989.528861, 1616948992.1644316]
[1616948989.5325816, 1616948992.1952958]
[1616948989.626946, 1616948992.2884634]
[1616948989.5769947, 1616948992.2754989]
[1616948989.5656116, 1616948992.2503026]
[1616948989.8504798, 1616948992.5209434]
[1616948989.7678664, 1616948992.5246928]
[1616948989.7473195, 1616948992.4093828]
[1616948989.890236, 1616948992.527126]
[1616948990.0136886, 1616948992.7014391]
[1616948989.7797084, 1616948992.4958148]
[1616948990.0849557, 1616948992.761832]
[1616948990.0568311, 1616948992.9143183]
[1616948990.3342445, 1616948993.053915]
[1616948990.0309985, 1616948992.7161634]
[1616948990.079527, 1616948992.7555022]
[1616948990.268929, 1616948992.9795995]
[1616948990.2799964, 1616948992.9785311]
[1616948990.393351, 1616948993.1274152]
[1616948990.3733928, 1616948993.0731628]
[1616948990.4753726, 1616948993.194075]
[1616948990.5387335, 1616948993.190846]
[1616948990.5887794, 1616948993.245462]
[1616948990.6434536, 1616948993.3903308]
[1616948990.6889124, 1616948993.3854187]
[1616948990.664085, 1616948993.381634]
[1616948990.5176544, 1616948993.2361445]
[1616948990.7053118, 1616948993.3729594]
[1616948990.7831488, 1616948993.5147405]
[1616948991.0544238, 1616948993.7397845]
[1616948990.8112128, 1616948993.4889753]
[1616948990.8610728, 1616948993.5511308]
[1616948990.9777796, 1616948993.6647274]
[1616948990.8966014, 1616948993.6228874]
[1616948990.8230355, 1616948993.5619545]
[1616948990.8965642, 1616948993.6018462]
[1616948991.3219109, 1616948994.0897505]
[1616948991.3291488, 1616948994.0762744]
[1616948991.2999454, 1616948993.9901767]
[1616948991.1435635, 1616948993.888639]
[1616948991.5245311, 1616948994.247251]
[1616948991.420427, 1616948994.0849876]
[1616948991.496534, 1616948994.1414142]
[1616948991.3409522, 1616948993.992868]
[1616948991.5964606, 1616948994.3680205]
[1616948991.645699, 1616948994.3930545]
[1616948991.7237859, 1616948994.4207108]
[1616948991.6253707, 1616948994.414294]
[1616948991.878361, 1616948994.5202343]
[1616948991.8987308, 1616948994.5888026]
[1616948991.866021, 1616948994.5660467]
[1616948991.7694895, 1616948994.493911]
[1616948991.8408115, 1616948994.5391564]
[1616948992.0223913, 1616948994.7255807]
[1616948991.9502094, 1616948994.6865308]
[1616948992.3504775, 1616948994.9946706]
[1616948992.108588, 1616948994.7996902]
[1616948992.1094973, 1616948994.857153]
[1616948992.0270247, 1616948994.6629832]
[1616948992.2652202, 1616948994.9661036]
[1616948992.1797266, 1616948994.845617]
[1616948992.3602018, 1616948995.0315137]
[1616948992.5138612, 1616948995.2128706]
[1616948992.5695555, 1616948995.3377514]
[1616948992.542629, 1616948995.1659043]
[1616948992.4813964, 1616948995.2026978]
[1616948992.6315742, 1616948995.3733945]
[1616948992.5744686, 1616948995.2415686]
[1616948992.6560805, 1616948995.3177135]
[1616948992.4545093, 1616948995.111603]
[1616948992.7639651, 1616948995.4192042]
[1616948992.8269534, 1616948995.484064]
[1616948992.9198637, 1616948995.6471589]
[1616948992.7924094, 1616948995.4668486]
[1616948992.8932989, 1616948995.589578]
[1616948993.0996807, 1616948995.8078063]
[1616948992.9952865, 1616948995.693923]
[1616948993.0264509, 1616948995.7413402]
[1616948993.0770118, 1616948995.790488]
[1616948993.2088888, 1616948995.894626]
[1616948993.4109137, 1616948996.131047]
[1616948993.3460343, 1616948995.9950063]
[1616948993.1124873, 1616948995.827957]
[1616948993.405937, 1616948996.1817305]
[1616948993.4843004, 1616948996.2193542]
[1616948993.584361, 1616948996.324081]
[1616948993.5903099, 1616948996.290852]
[1616948993.6943295, 1616948996.3530262]
[1616948993.5570822, 1616948996.2741942]
[1616948993.8441174, 1616948996.5444183]
[1616948993.9434736, 1616948996.609987]
[1616948993.8616786, 1616948996.5949411]
[1616948993.9657505, 1616948996.6376076]
[1616948993.8646238, 1616948996.572907]
[1616948993.9422576, 1616948996.7015564]
[1616948994.0374641, 1616948996.7239747]
[1616948994.036376, 1616948996.6882007]
[1616948994.2457845, 1616948996.8882754]
[1616948994.1931138, 1616948996.8617764]
[1616948994.1017003, 1616948996.8350136]
[1616948994.2951915, 1616948997.0178003]
[1616948994.2816553, 1616948997.0389893]
[1616948994.4332001, 1616948997.124906]
[1616948994.2966728, 1616948996.950142]
[1616948994.2941628, 1616948997.0411794]
[1616948994.5799654, 1616948997.2842233]
[1616948994.578484, 1616948997.217259]
[1616948994.830585, 1616948997.52964]
[1616948994.846102, 1616948997.5625503]
[1616948994.5466661, 1616948997.2605267]
[1616948994.7331414, 1616948997.441381]
[1616948994.7551308, 1616948997.3944871]
[1616948994.8219733, 1616948997.5054252]
[1616948995.0060432, 1616948997.6779425]
[1616948994.756707, 1616948997.500022]
[1616948994.9148855, 1616948997.5799506]
[1616948994.8853037, 1616948997.6486146]
[1616948994.9493659, 1616948997.6780534]
[1616948994.926947, 1616948997.7738724]
[1616948995.0984259, 1616948997.7751975]
[1616948995.168408, 1616948997.9397337]
[1616948995.138565, 1616948997.833343]
[1616948995.3262904, 1616948997.973949]
[1616948995.1256714, 1616948997.779825]
[1616948995.4007602, 1616948998.1519923]
[1616948995.416965, 1616948998.1015615]
[1616948995.5944684, 1616948998.214433]
[1616948995.401006, 1616948998.112001]
[1616948995.4255774, 1616948998.077314]
[1616948995.417621, 1616948998.108336]
[1616948995.4470522, 1616948998.1612759]
[1616948995.4886374, 1616948998.1670396]
[1616948995.5786533, 1616948998.2675898]
[1616948995.640721, 1616948998.3257596]
[1616948995.774643, 1616948998.4791107]
[1616948995.748905, 1616948998.4422534]
[1616948995.6644285, 1616948998.4344518]
[1616948995.92778, 1616948998.632198]
[1616948995.9945087, 1616948998.7103813]
[1616948995.953681, 1616948998.7027304]
[1616948995.9809673, 1616948998.6834207]
[1616948996.1918445, 1616948998.9920096]
[1616948996.2378042, 1616948998.9570868]
[1616948996.273084, 1616948998.923744]
[1616948996.261188, 1616948998.9760182]
[1616948996.2787156, 1616948999.0143793]
[1616948996.3844612, 1616948999.0598524]
[1616948996.303564, 1616948998.989085]
[1616948996.3872917, 1616948999.1178982]
[1616948996.448475, 1616948999.2030818]
[1616948996.447048, 1616948999.1661189]
[1616948996.5935333, 1616948999.3101263]
[1616948996.6174908, 1616948999.2884235]
[1616948996.829114, 1616948999.5804627]
[1616948996.6181867, 1616948999.395652]
[1616948996.676759, 1616948999.3462293]
[1616948996.7896745, 1616948999.4651406]
[1616948996.8359642, 1616948999.5416174]
[1616948996.6971457, 1616948999.3357823]
[1616948996.9184127, 1616948999.5739985]
[1616948996.951194, 1616948999.607354]
[1616948996.9981482, 1616948999.7326891]
[1616948996.9711163, 1616948999.6219125]
[1616948997.1733315, 1616948999.8705993]
[1616948997.2584865, 1616948999.9256084]
[1616948997.3850243, 1616949000.1196241]
[1616948997.3580039, 1616949000.091721]
[1616948997.3540862, 1616949000.0654397]
[1616948997.3471606, 1616949000.0490265]
[1616948997.4571445, 1616949000.1662037]
[1616948997.7085557, 1616949000.3702173]
[1616948997.579248, 1616949000.2949545]
[1616948997.6173716, 1616949000.2805462]
[1616948997.6881177, 1616949000.4686759]
[1616948997.5845532, 1616949000.2748837]
[1616948997.7035282, 1616949000.4232674]
[1616948997.7767112, 1616949000.4587078]
[1616948997.7890592, 1616949000.4225757]
[1616948997.8070211, 1616949000.4889824]
[1616948997.8338916, 1616949000.6189048]
[1616948998.0431178, 1616949000.7059917]
[1616948997.9767435, 1616949000.7264585]
[1616948998.172517, 1616949000.8687606]
[1616948998.1392753, 1616949000.8621192]
[1616948998.1509798, 1616949000.7934878]
[1616948998.1388366, 1616949000.8438842]
[1616948998.1417506, 1616949000.8347604]
[1616948998.2493532, 1616949000.9513261]
[1616948998.37083, 1616949001.0693295]
[1616948998.5441906, 1616949001.4039183]
[1616948998.2609966, 1616949001.038693]
[1616948998.2264376, 1616949000.8291466]
[1616948998.5262654, 1616949001.2647028]
[1616948998.6778092, 1616949001.3972564]
[1616948998.5201683, 1616949001.305844]
[1616948998.5899131, 1616949001.259749]
[1616948998.6019824, 1616949001.3329449]
[1616948998.5904088, 1616949001.286031]
[1616948998.795254, 1616949001.535219]
[1616948999.0655072, 1616949001.7542334]
[1616948998.8197284, 1616949001.520896]
[1616948998.798718, 1616949001.5491064]
[1616948998.8441505, 1616949001.4996347]
[1616948999.046692, 1616949001.7515576]
[1616948999.2051122, 1616949001.8991656]
[1616948998.9874563, 1616949001.7008173]
[1616948999.1206212, 1616949001.930837]
[1616948999.2028573, 1616949001.933743]
[1616948999.184557, 1616949001.907084]
[1616948999.299104, 1616949001.9644048]
[1616948999.299192, 1616949001.9566646]
[1616948999.4657843, 1616949002.1312556]
[1616948999.27858, 1616949001.9828494]
[1616948999.3324277, 1616949002.0431888]
[1616948999.4007075, 1616949002.064958]
[1616948999.2382283, 1616949002.002674]
[1616948999.502149, 1616949002.1814687]
[1616948999.4524834, 1616949002.1754603]
[1616948999.7215233, 1616949002.395184]
[1616948999.7723236, 1616949002.51825]
[1616948999.8034844, 1616949002.4740064]
[1616949000.0092525, 1616949002.7687926]
[1616948999.8344913, 1616949002.5848334]
[1616948999.9012072, 1616949002.5998523]
[1616948999.836118, 1616949002.4784837]
[1616948999.9530373, 1616949002.604582]
[1616949000.0206926, 1616949002.7281733]
[1616948999.9926157, 1616949002.6922166]
[1616949000.1110651, 1616949002.85186]
[1616949000.119845, 1616949002.8251565]
[1616949000.2504015, 1616949002.9757102]
[1616949000.287104, 1616949002.9509213]
[1616949000.258191, 1616949002.9998093]
[1616949000.3932552, 1616949003.0997543]
[1616949000.6218905, 1616949003.290438]
[1616949000.3199046, 1616949003.0642874]
[1616949000.4202201, 1616949003.1554785]
[1616949000.522077, 1616949003.3063874]
[1616949000.4606726, 1616949003.169464]
[1616949000.5127542, 1616949003.199398]
[1616949000.5268588, 1616949003.2330759]
[1616949000.6693985, 1616949003.4073555]
[1616949000.7242804, 1616949003.527081]
[1616949000.7501059, 1616949003.4858248]
[1616949000.6341448, 1616949003.4136252]
[1616949000.7203107, 1616949003.4109573]
[1616949000.774656, 1616949003.4849887]
[1616949000.859753, 1616949003.5768657]
[1616949000.8810177, 1616949003.5985794]
[1616949000.9792504, 1616949003.6887834]
[1616949000.9229898, 1616949003.64199]
[1616949000.7337654, 1616949003.5262358]
[1616949001.2669666, 1616949003.9715822]
[1616949001.098381, 1616949003.8023853]
[1616949001.1331618, 1616949003.9200518]
[1616949001.3284726, 1616949004.0581028]
[1616949001.2441158, 1616949003.8803751]
[1616949001.271663, 1616949003.9834273]
[1616949001.2311466, 1616949003.9269843]
[1616949001.3963218, 1616949004.0763419]
[1616949001.3599312, 1616949004.128675]
[1616949001.390133, 1616949004.074582]
[1616949001.4786735, 1616949004.1709018]
[1616949001.43976, 1616949004.1888013]
[1616949001.5784254, 1616949004.3225598]
[1616949001.751053, 1616949004.4286883]
[1616949001.639027, 1616949004.3481326]
[1616949001.5476677, 1616949004.2926707]
[1616949001.4469252, 1616949004.1677835]
[1616949001.7332134, 1616949004.4537609]
[1616949001.8818235, 1616949004.6242576]
[1616949001.856238, 1616949004.5598912]
[1616949001.7570755, 1616949004.451501]
[1616949001.9016154, 1616949004.6211715]
[1616949001.7569082, 1616949004.4795887]
[1616949001.8774416, 1616949004.5687516]
[1616949001.9097846, 1616949004.628517]
[1616949001.9569287, 1616949004.7139807]
[1616949001.911436, 1616949004.5937371]
[1616949001.7474406, 1616949004.3916523]
[1616949001.9775562, 1616949004.668545]
[1616949002.0856209, 1616949004.7530015]
[1616949002.1378694, 1616949004.8708658]
[1616949002.1528072, 1616949004.8526163]
[1616949002.1447968, 1616949004.8360994]
[1616949002.2928984, 1616949005.2186973]
[1616949002.0675821, 1616949004.7611787]
[1616949002.0945976, 1616949004.8172517]
[1616949002.202092, 1616949004.9027545]
[1616949002.3509963, 1616949005.0621731]
[1616949002.3815334, 1616949005.13898]
[1616949002.2902188, 1616949005.0084994]
[1616949002.3366566, 1616949005.0641017]
[1616949002.5135899, 1616949005.1776512]
[1616949002.5010972, 1616949005.1798081]
[1616949002.5514708, 1616949005.288095]
[1616949002.386727, 1616949005.0396023]
[1616949002.5108593, 1616949005.2109582]
[1616949002.5512767, 1616949005.3121092]
[1616949002.6517613, 1616949005.3536832]
[1616949002.6719396, 1616949005.4741588]
[1616949002.703398, 1616949005.416251]
[1616949002.7474403, 1616949005.4542284]
[1616949002.6434734, 1616949005.2983613]
[1616949002.6692286, 1616949005.372694]
[1616949002.810965, 1616949005.4852362]
[1616949002.6670604, 1616949005.4241822]
[1616949002.803596, 1616949005.6099901]
[1616949002.8821435, 1616949005.6595762]
[1616949002.8667693, 1616949005.6194777]
[1616949002.8442335, 1616949005.5323136]
[1616949002.8079367, 1616949005.500471]
[1616949002.794446, 1616949005.5303812]
[1616949002.9310546, 1616949005.621688]
[1616949003.0196202, 1616949005.7929473]
[1616949003.1520205, 1616949005.9443853]
[1616949003.0154107, 1616949005.7850158]
[1616949003.1516714, 1616949006.1575942]
[1616949003.0310998, 1616949005.7166197]
[1616949003.1115894, 1616949005.7983594]
[1616949003.1954906, 1616949005.8967655]
[1616949003.28235, 1616949005.993947]
[1616949003.1292818, 1616949005.8519952]
[1616949003.1996925, 1616949005.935715]
[1616949003.199599, 1616949005.9036746]
[1616949003.2279544, 1616949005.9204776]
[1616949003.3135502, 1616949006.2935858]
[1616949003.395036, 1616949006.1103153]
[1616949003.421217, 1616949006.119448]
[1616949003.4323614, 1616949006.1257353]
[1616949003.431533, 1616949006.1426933]
[1616949003.3713143, 1616949006.093549]
[1616949003.3725286, 1616949006.1482499]
[1616949003.5129654, 1616949006.2306328]
[1616949003.6877167, 1616949006.3548973]
[1616949003.4873736, 1616949006.26424]
[1616949003.421509, 1616949006.2454417]
[1616949003.6045222, 1616949006.3455076]
[1616949003.5492392, 1616949006.3662584]
[1616949003.5405893, 1616949006.2680945]
[1616949003.5969272, 1616949006.3141425]
[1616949003.640433, 1616949006.3400552]
[1616949003.6880178, 1616949006.393527]
[1616949003.6715848, 1616949006.431344]
[1616949003.7644656, 1616949006.4395883]
[1616949003.7107823, 1616949006.4564087]
[1616949003.855938, 1616949006.5905175]
[1616949003.762891, 1616949006.505902]
[1616949003.8586855, 1616949006.582239]
[1616949003.829215, 1616949006.5434942]
[1616949003.9832907, 1616949006.6716483]
[1616949003.8325403, 1616949006.495809]
[1616949003.9483914, 1616949006.7274034]
[1616949003.892312, 1616949006.5169399]
[1616949003.941443, 1616949006.6476014]
[1616949004.1017163, 1616949006.7521608]
[1616949003.9674828, 1616949006.6481252]
[1616949003.8084018, 1616949006.519173]
[1616949004.0018961, 1616949006.6977706]
[1616949003.972673, 1616949006.6668577]
[1616949003.9901037, 1616949006.7234273]
[1616949004.1931777, 1616949006.8679929]
[1616949004.0574665, 1616949006.7749753]
[1616949004.2639573, 1616949006.9379377]
[1616949004.053111, 1616949006.7697818]
[1616949004.1446762, 1616949006.9133663]
[1616949004.2057426, 1616949006.9183316]
[1616949004.0775197, 1616949006.8105664]
[1616949004.1486735, 1616949006.7728364]
[1616949004.107634, 1616949006.7950041]
[1616949004.3914745, 1616949007.1066988]
[1616949004.223401, 1616949006.9638982]
[1616949004.287848, 1616949006.9588103]
[1616949004.201247, 1616949007.0161777]
[1616949004.3762655, 1616949007.1022267]
[1616949004.278191, 1616949006.9765384]
[1616949004.2791958, 1616949006.980373]
[1616949004.274157, 1616949007.028771]
[1616949004.4055023, 1616949007.0667577]
[1616949004.352185, 1616949007.210547]
[1616949004.309767, 1616949007.2907023]
[1616949004.21989, 1616949006.9132662]
[1616949004.3008127, 1616949007.0203192]
[1616949004.2646413, 1616949006.9922912]
[1616949004.3345892, 1616949007.0541048]
[1616949004.3599668, 1616949007.0763469]
[1616949004.544171, 1616949007.2530937]
[1616949004.3684447, 1616949007.0481553]
[1616949004.612309, 1616949007.2928503]
[1616949004.5428038, 1616949007.1966608]
[1616949004.4566472, 1616949007.1569138]
[1616949004.276872, 1616949006.9651692]
[1616949004.6398482, 1616949007.4126277]
[1616949004.6422746, 1616949007.3910406]
[1616949004.5852573, 1616949007.2837555]
[1616949004.4077528, 1616949007.1815429]
[1616949004.607095, 1616949007.3116128]
[1616949004.6512384, 1616949007.3675807]
[1616949004.4191542, 1616949007.1346123]
[1616949004.3296764, 1616949007.0589917]
[1616949004.471171, 1616949007.2336721]
[1616949004.5456975, 1616949007.2321928]
[1616949004.5141425, 1616949007.2339706]
[1616949004.705606, 1616949007.4021795]
[1616949004.6176307, 1616949007.3142164]
[1616949004.7234218, 1616949007.3798606]
[1616949004.6995587, 1616949007.6123934]
[1616949004.6848085, 1616949007.3976793]
[1616949004.5220037, 1616949007.2036808]
[1616949004.6959584, 1616949007.4116228]
[1616949004.7681816, 1616949007.4700518]
[1616949004.7532952, 1616949007.442514]
[1616949004.3902771, 1616949007.0853138]
[1616949004.7467558, 1616949007.4863467]
[1616949004.6129532, 1616949007.3469524]
[1616949004.6821525, 1616949007.4704833]
[1616949004.372877, 1616949007.0897534]
[1616949004.7508154, 1616949007.4733496]
[1616949004.7230322, 1616949007.4805012]
[1616949004.7402391, 1616949007.455487]
[1616949004.5888505, 1616949007.2919207]
[1616949004.7014303, 1616949007.534867]
[1616949004.7620468, 1616949007.4275134]
[1616949004.5884483, 1616949007.3099709]
[1616949004.7823105, 1616949007.4926426]
[1616949004.7362368, 1616949007.4506593]
[1616949004.679029, 1616949007.3601995]
[1616949004.7584314, 1616949007.4146717]
[1616949004.8052685, 1616949007.5372562]
[1616949004.7506664, 1616949007.4526584]
[1616949004.754547, 1616949007.4427633]
[1616949004.7514246, 1616949007.4057627]
[1616949004.7974515, 1616949007.5082211]
[1616949004.758747, 1616949007.4691179]
[1616949004.799298, 1616949007.5004857]
[1616949004.7780108, 1616949007.4909694]
[1616949004.8159506, 1616949007.5888815]
[1616949004.3951418, 1616949007.1272552]
[1616949004.8133204, 1616949007.4849858]
[1616949004.776079, 1616949007.4867067]
[1616949004.7521656, 1616949007.4523098]
[1616949004.8825858, 1616949007.660339]
[1616949004.5954356, 1616949007.3341086]
[1616949004.845465, 1616949007.5294273]
