[1617296128.6149764, 1617296131.3617449]
[1617296128.6463094, 1617296131.3929987]
[1617296128.6423204, 1617296131.418488]
[1617296128.866508, 1617296131.6002018]
[1617296128.185101, 1617296130.8864427]
[1617296128.8202348, 1617296131.569034]
[1617296129.0713015, 1617296131.8094783]
[1617296128.5897784, 1617296131.3578486]
[1617296128.6867247, 1617296131.4247916]
[1617296128.332524, 1617296131.0936623]
[1617296128.7219918, 1617296131.476003]
[1617296128.5037432, 1617296131.264136]
[1617296128.991022, 1617296131.7076273]
[1617296128.614496, 1617296131.381329]
[1617296128.940835, 1617296131.6678839]
[1617296128.7676437, 1617296131.527408]
[1617296128.886518, 1617296131.6289701]
[1617296128.6622043, 1617296131.4160407]
[1617296128.5699835, 1617296131.3366334]
[1617296128.6692615, 1617296131.4179368]
[1617296128.991707, 1617296131.7336063]
[1617296129.2003822, 1617296131.941813]
[1617296129.5274072, 1617296132.2719023]
[1617296129.5372682, 1617296132.2759159]
[1617296129.1401236, 1617296131.858708]
[1617296129.671413, 1617296132.41311]
[1617296129.820258, 1617296132.5902402]
[1617296129.807377, 1617296132.5257344]
[1617296129.8801372, 1617296132.61734]
[1617296129.8983157, 1617296132.6115906]
[1617296130.0474772, 1617296132.775151]
[1617296130.0380511, 1617296132.745304]
[1617296130.014408, 1617296132.7595305]
[1617296130.0273309, 1617296132.749428]
[1617296129.9163105, 1617296132.6305928]
[1617296130.1708562, 1617296132.8798418]
[1617296130.2127283, 1617296132.9472008]
[1617296130.082911, 1617296132.8289998]
[1617296130.5936854, 1617296133.3161702]
[1617296130.3557262, 1617296133.0940478]
[1617296130.741141, 1617296133.4874456]
[1617296130.5099623, 1617296133.2125232]
[1617296131.1064706, 1617296133.8315406]
[1617296130.9899442, 1617296133.6882305]
[1617296130.992962, 1617296133.738481]
[1617296131.2739778, 1617296133.9882114]
[1617296130.8556323, 1617296133.5595067]
[1617296131.5635357, 1617296134.2714138]
[1617296131.351561, 1617296134.0837078]
[1617296130.9498591, 1617296133.7083719]
[1617296131.569501, 1617296134.290013]
[1617296131.3244672, 1617296134.0253458]
[1617296131.713388, 1617296134.409936]
[1617296132.1190987, 1617296134.813139]
[1617296132.0435374, 1617296134.7533665]
[1617296131.7537637, 1617296134.455595]
[1617296131.9054964, 1617296134.593068]
[1617296132.1794505, 1617296134.8691967]
[1617296132.3946335, 1617296135.1554718]
[1617296132.6124036, 1617296135.3507874]
[1617296132.572451, 1617296135.2899232]
[1617296132.6679556, 1617296135.40366]
[1617296132.832045, 1617296135.5697024]
[1617296132.9894228, 1617296135.720632]
[1617296132.7017274, 1617296135.4261599]
[1617296133.0975344, 1617296135.8422117]
[1617296132.892911, 1617296135.6099102]
[1617296133.560077, 1617296136.2869244]
[1617296133.2152545, 1617296135.9429665]
[1617296133.4317741, 1617296136.1449]
[1617296133.2919257, 1617296136.0214274]
[1617296133.4790137, 1617296136.202317]
[1617296133.5551012, 1617296136.301818]
[1617296133.6486468, 1617296136.3491921]
[1617296133.4573624, 1617296136.1859174]
[1617296133.7029252, 1617296136.4282196]
[1617296133.756907, 1617296136.5027776]
[1617296133.7285104, 1617296136.4288328]
[1617296133.6901846, 1617296136.4212306]
[1617296133.8988342, 1617296136.6085622]
[1617296133.9376218, 1617296136.7826257]
[1617296133.8982651, 1617296136.6387143]
[1617296134.2626805, 1617296136.987517]
[1617296134.0819297, 1617296136.8012888]
[1617296134.4615717, 1617296137.160411]
[1617296134.189806, 1617296136.9113238]
[1617296134.384605, 1617296137.0974867]
[1617296134.486084, 1617296137.1770601]
[1617296134.4305618, 1617296137.123094]
[1617296134.322236, 1617296137.04244]
[1617296134.642981, 1617296137.3250089]
[1617296134.5913591, 1617296137.3134694]
[1617296134.7176313, 1617296137.4160843]
[1617296134.8326955, 1617296137.5590017]
[1617296134.8028514, 1617296137.5058262]
[1617296134.6956146, 1617296137.406222]
[1617296134.9490478, 1617296137.6349707]
[1617296134.7554774, 1617296137.4805908]
[1617296135.2461295, 1617296137.96458]
[1617296135.2726066, 1617296137.9780703]
[1617296135.2423003, 1617296137.966427]
[1617296135.2281804, 1617296137.9534857]
[1617296135.3903077, 1617296138.1223752]
[1617296135.5656192, 1617296138.27521]
[1617296135.4392364, 1617296138.191567]
[1617296135.4992697, 1617296138.2166245]
[1617296135.6346822, 1617296138.3473544]
[1617296135.64187, 1617296138.3544786]
[1617296135.6690264, 1617296138.372029]
[1617296135.8602045, 1617296138.599993]
[1617296135.582695, 1617296138.3367746]
[1617296136.072412, 1617296138.7737472]
[1617296135.990192, 1617296138.7101026]
[1617296136.016605, 1617296138.7544365]
[1617296136.1537013, 1617296138.859877]
[1617296136.2076356, 1617296138.940121]
[1617296136.223631, 1617296138.9463863]
[1617296136.1205285, 1617296138.8599632]
[1617296136.5118248, 1617296139.2353425]
[1617296136.3119974, 1617296139.0744612]
[1617296136.7199757, 1617296139.4321232]
[1617296136.7703903, 1617296139.4726033]
[1617296136.7434776, 1617296139.4093473]
[1617296136.8325388, 1617296139.542101]
[1617296136.6533942, 1617296139.4119902]
[1617296136.7889264, 1617296139.6682084]
[1617296136.9542873, 1617296139.6739807]
[1617296137.0415614, 1617296139.76135]
[1617296136.9527297, 1617296139.6733549]
[1617296137.2068808, 1617296139.9126585]
[1617296137.0498767, 1617296139.771664]
[1617296137.1779783, 1617296139.8731155]
[1617296137.2927232, 1617296139.989133]
[1617296137.3124092, 1617296140.0356417]
[1617296137.353188, 1617296140.0485013]
[1617296137.3528068, 1617296140.024581]
[1617296137.4710543, 1617296140.1816397]
[1617296137.723061, 1617296140.4475234]
[1617296137.7945898, 1617296140.5686276]
[1617296137.803768, 1617296140.5084994]
[1617296137.6252391, 1617296140.3505554]
[1617296137.6573927, 1617296140.3456504]
[1617296137.9557889, 1617296140.6598427]
[1617296137.903244, 1617296140.6030715]
[1617296138.001067, 1617296140.7017224]
[1617296138.0190446, 1617296140.7320476]
[1617296138.0660074, 1617296140.890614]
[1617296138.1699972, 1617296140.923459]
[1617296138.1651301, 1617296140.8927362]
[1617296138.3612704, 1617296141.1095262]
[1617296138.3081515, 1617296141.0037227]
[1617296138.5873775, 1617296141.3108013]
[1617296138.5407894, 1617296141.2540326]
[1617296138.4008646, 1617296141.1147184]
[1617296138.669425, 1617296141.390183]
[1617296138.6805787, 1617296141.395879]
[1617296138.328622, 1617296141.0450602]
[1617296138.8655927, 1617296141.5611126]
[1617296138.3328118, 1617296141.0753772]
[1617296138.872774, 1617296141.598741]
[1617296138.7897544, 1617296141.5083218]
[1617296139.0335963, 1617296141.7525408]
[1617296139.1508849, 1617296141.8761282]
[1617296139.182911, 1617296141.9053764]
[1617296139.0172641, 1617296141.7367675]
[1617296139.111593, 1617296141.8534136]
[1617296138.849934, 1617296141.6004593]
[1617296139.1960847, 1617296141.8979485]
[1617296139.2585597, 1617296141.990025]
[1617296139.3806567, 1617296142.121701]
[1617296139.2671185, 1617296141.9945781]
[1617296139.2898767, 1617296142.0195694]
[1617296139.5556352, 1617296142.289026]
[1617296139.6434581, 1617296142.316791]
[1617296139.5336742, 1617296142.2305458]
[1617296139.608997, 1617296142.3638659]
[1617296139.5471916, 1617296142.2507594]
[1617296139.6464736, 1617296142.3864238]
[1617296139.8081288, 1617296142.5316696]
[1617296139.7630858, 1617296142.4806247]
[1617296139.9388356, 1617296142.6545818]
[1617296139.8464012, 1617296142.5550008]
[1617296139.8683295, 1617296142.5808485]
[1617296139.8877227, 1617296142.596499]
[1617296140.2029321, 1617296142.9024155]
[1617296140.1132212, 1617296142.8021984]
[1617296140.1860232, 1617296142.8788846]
[1617296140.0810192, 1617296142.7840364]
[1617296140.241899, 1617296142.9442618]
[1617296140.3480418, 1617296143.0799923]
[1617296140.2572057, 1617296142.949661]
[1617296140.061201, 1617296142.755373]
[1617296140.2027378, 1617296142.9523053]
[1617296140.3016562, 1617296143.0169702]
[1617296140.6101196, 1617296143.3246055]
[1617296140.4489086, 1617296143.14147]
[1617296140.3388615, 1617296143.0953846]
[1617296140.598079, 1617296143.371183]
[1617296140.6119223, 1617296143.3431857]
[1617296140.8626719, 1617296143.5712056]
[1617296140.706143, 1617296143.4110885]
[1617296140.8224554, 1617296143.5472975]
[1617296140.7520084, 1617296143.4704463]
[1617296140.8910456, 1617296143.5804389]
[1617296141.1172476, 1617296143.8340843]
[1617296141.0921028, 1617296143.8300786]
[1617296140.9136775, 1617296143.673936]
[1617296141.1065989, 1617296143.8212788]
[1617296141.208637, 1617296143.9501843]
[1617296141.2031941, 1617296143.9326897]
[1617296141.1451452, 1617296143.8546913]
[1617296141.0235288, 1617296143.7193868]
[1617296141.2943943, 1617296144.004354]
[1617296141.4466126, 1617296144.168472]
[1617296141.4102578, 1617296144.1595669]
[1617296141.4748743, 1617296144.152278]
[1617296141.4297144, 1617296144.1504157]
[1617296141.5822518, 1617296144.2970512]
[1617296141.7253776, 1617296144.4248333]
[1617296141.605427, 1617296144.3477337]
[1617296141.8161707, 1617296144.5514417]
[1617296141.651884, 1617296144.35883]
[1617296141.6536934, 1617296144.38816]
[1617296141.786194, 1617296144.5110757]
[1617296141.8973033, 1617296144.610018]
[1617296141.9792576, 1617296144.7038565]
[1617296141.9498637, 1617296144.7742288]
[1617296142.018751, 1617296144.7531981]
[1617296142.039078, 1617296144.7550585]
[1617296142.064154, 1617296144.8201206]
[1617296142.1008072, 1617296144.8176768]
[1617296142.3690255, 1617296145.1299834]
[1617296142.2598803, 1617296144.972957]
[1617296142.3282175, 1617296145.005125]
[1617296142.3442943, 1617296145.0782037]
[1617296142.0922458, 1617296144.9404638]
[1617296142.6056566, 1617296145.3202102]
[1617296142.3447173, 1617296145.043925]
[1617296142.5734196, 1617296145.2949743]
[1617296142.798821, 1617296145.5038538]
[1617296142.6689239, 1617296145.3702052]
[1617296142.6034076, 1617296145.3122334]
[1617296142.8412673, 1617296145.531332]
[1617296142.747008, 1617296145.4804716]
[1617296143.0034232, 1617296145.7637854]
[1617296143.0403054, 1617296145.8662813]
[1617296143.1163976, 1617296145.8348596]
[1617296143.1293223, 1617296145.915956]
[1617296143.1920898, 1617296145.9229267]
[1617296143.277662, 1617296145.9933984]
[1617296143.1782932, 1617296145.915325]
[1617296143.1887915, 1617296145.8800857]
[1617296143.243186, 1617296145.9499238]
[1617296143.473403, 1617296146.1713037]
[1617296143.5024002, 1617296146.2231174]
[1617296143.464922, 1617296146.1789615]
[1617296143.4345844, 1617296146.138623]
[1617296143.379864, 1617296146.1094594]
[1617296143.5332422, 1617296146.3001103]
[1617296143.4928474, 1617296146.2001872]
[1617296143.5094962, 1617296146.2287807]
[1617296143.6784585, 1617296146.3842359]
[1617296143.6776807, 1617296146.3733091]
[1617296143.7207532, 1617296146.4581046]
[1617296143.9888752, 1617296146.7494228]
[1617296143.7444777, 1617296146.4496064]
[1617296143.9081795, 1617296146.6386914]
[1617296143.9540582, 1617296146.6911983]
[1617296143.8243294, 1617296146.526709]
[1617296144.1362724, 1617296146.8697336]
[1617296144.0931592, 1617296146.8259006]
[1617296144.1690583, 1617296146.9077532]
[1617296144.183026, 1617296146.8994908]
[1617296144.1532352, 1617296146.8830516]
[1617296144.3078973, 1617296147.0165765]
[1617296144.3655322, 1617296147.0693936]
[1617296144.3267684, 1617296147.053177]
[1617296144.2550082, 1617296146.926074]
[1617296144.5393965, 1617296147.26739]
[1617296144.677419, 1617296147.3855746]
[1617296144.3278472, 1617296147.049332]
[1617296144.5542495, 1617296147.2527366]
[1617296144.5997536, 1617296147.3068635]
[1617296144.8999193, 1617296147.6122963]
[1617296144.7687132, 1617296147.491377]
[1617296144.8449194, 1617296147.571046]
[1617296144.7629566, 1617296147.479977]
[1617296144.970016, 1617296147.7154202]
[1617296144.9280732, 1617296147.64121]
[1617296144.939632, 1617296147.6697996]
[1617296144.9065378, 1617296147.6299]
[1617296144.9326208, 1617296147.66766]
[1617296145.0748158, 1617296147.774417]
[1617296145.1904404, 1617296147.923045]
[1617296145.0954373, 1617296147.8106394]
[1617296145.216061, 1617296147.8879988]
[1617296145.3378952, 1617296148.0678291]
[1617296145.3685098, 1617296148.0718443]
[1617296145.410307, 1617296148.1334124]
[1617296145.4067113, 1617296148.1109655]
[1617296145.468266, 1617296148.21674]
[1617296145.4425733, 1617296148.1518025]
[1617296145.5919333, 1617296148.2663515]
[1617296145.6743505, 1617296148.3852963]
[1617296145.6801853, 1617296148.4334629]
[1617296145.9056325, 1617296148.601277]
[1617296146.0121396, 1617296148.7071426]
[1617296146.029962, 1617296148.754077]
[1617296145.8141954, 1617296148.5681193]
[1617296145.8205032, 1617296148.6083326]
[1617296146.0680404, 1617296148.7629845]
[1617296146.044657, 1617296148.781709]
[1617296146.0304272, 1617296148.7306552]
[1617296146.0985415, 1617296148.8311872]
[1617296146.1371856, 1617296148.8595285]
[1617296146.2384336, 1617296148.9573386]
[1617296146.5314019, 1617296149.2385402]
[1617296146.3159058, 1617296149.0728118]
[1617296146.5392876, 1617296149.254674]
[1617296146.3699265, 1617296149.0655966]
[1617296146.453944, 1617296149.141469]
[1617296146.3800573, 1617296149.0817738]
[1617296146.6194723, 1617296149.3383565]
[1617296146.6696873, 1617296149.3919747]
[1617296146.7559876, 1617296149.4946249]
[1617296146.4898295, 1617296149.2103128]
[1617296146.7949317, 1617296149.5095599]
[1617296146.6592023, 1617296149.387704]
[1617296146.8516946, 1617296149.5637562]
[1617296146.9774833, 1617296149.706196]
[1617296146.9016576, 1617296149.618183]
[1617296146.8229887, 1617296149.5269053]
[1617296147.080292, 1617296149.7774854]
[1617296146.9685762, 1617296149.648875]
[1617296147.082074, 1617296149.8030093]
[1617296147.205928, 1617296149.942145]
[1617296147.1803327, 1617296149.9035392]
[1617296146.8918965, 1617296149.6080384]
[1617296147.1468403, 1617296149.8675084]
[1617296147.2613475, 1617296149.9606233]
[1617296147.2849813, 1617296150.0046506]
[1617296147.216998, 1617296149.924937]
[1617296147.5563357, 1617296150.2781248]
[1617296147.525034, 1617296150.238428]
[1617296147.4049978, 1617296150.119383]
[1617296147.5712612, 1617296150.3030682]
[1617296147.6155612, 1617296150.3587804]
[1617296147.5045295, 1617296150.2439988]
[1617296147.6177487, 1617296150.3448703]
[1617296147.8890705, 1617296150.6172347]
[1617296147.7807639, 1617296150.57398]
[1617296148.2377808, 1617296150.9588988]
[1617296148.0782263, 1617296150.7964752]
[1617296148.1546109, 1617296150.8835151]
[1617296148.128244, 1617296150.8228846]
[1617296147.9879897, 1617296150.688579]
[1617296147.911671, 1617296150.5963252]
[1617296147.9320955, 1617296150.6672199]
[1617296148.2542095, 1617296150.9538825]
[1617296148.081125, 1617296150.8276856]
[1617296148.2724311, 1617296150.9559321]
[1617296148.5949128, 1617296151.3326678]
[1617296148.3617258, 1617296151.086433]
[1617296148.3988292, 1617296151.10568]
[1617296148.5397954, 1617296151.2588584]
[1617296148.5829177, 1617296151.369749]
[1617296148.6659653, 1617296151.3988829]
[1617296148.7356613, 1617296151.433951]
[1617296148.6661701, 1617296151.357659]
[1617296148.606242, 1617296151.308708]
[1617296148.6751342, 1617296151.4058201]
[1617296148.7828898, 1617296151.4977763]
[1617296148.8638492, 1617296151.5859823]
[1617296148.897108, 1617296151.6300178]
[1617296148.938008, 1617296151.6789293]
[1617296148.9716856, 1617296151.6903834]
[1617296149.058031, 1617296151.7769318]
[1617296149.107022, 1617296151.888915]
[1617296149.1554403, 1617296151.8460233]
[1617296149.089803, 1617296151.8423083]
[1617296149.2769947, 1617296151.9754522]
[1617296149.3609035, 1617296152.057768]
[1617296149.268283, 1617296151.968089]
[1617296149.3559592, 1617296152.0629616]
[1617296149.4433768, 1617296152.1523201]
[1617296149.2968805, 1617296152.027874]
[1617296149.5695333, 1617296152.2781641]
[1617296149.45809, 1617296152.1751208]
[1617296149.4022794, 1617296152.1104512]
[1617296149.713886, 1617296152.4599261]
[1617296149.68081, 1617296152.3607192]
[1617296149.7059777, 1617296152.4405756]
[1617296149.7667787, 1617296152.4729145]
[1617296149.7886949, 1617296152.4846652]
[1617296149.6991656, 1617296152.456854]
[1617296149.7775507, 1617296152.4906392]
[1617296149.9719405, 1617296152.6632555]
[1617296150.0391371, 1617296152.746159]
[1617296150.0138772, 1617296152.7570384]
[1617296150.090483, 1617296152.7969918]
[1617296150.0146124, 1617296152.7341452]
[1617296150.3683257, 1617296153.1070957]
[1617296150.260835, 1617296152.9832516]
[1617296150.315293, 1617296153.037978]
[1617296150.2022226, 1617296152.9224784]
[1617296150.374989, 1617296153.0830371]
[1617296150.4860284, 1617296153.2210479]
[1617296150.2846715, 1617296152.99277]
[1617296150.480393, 1617296153.2051823]
[1617296150.4619038, 1617296153.1738443]
[1617296150.6355588, 1617296153.3789115]
[1617296150.6210806, 1617296153.336618]
[1617296150.6232803, 1617296153.4149492]
[1617296150.7926018, 1617296153.5166245]
[1617296150.9573593, 1617296153.662931]
[1617296150.8671203, 1617296153.594681]
[1617296150.939939, 1617296153.6414733]
[1617296150.9065518, 1617296153.6454794]
[1617296151.1390235, 1617296153.8287628]
[1617296151.1064072, 1617296153.828195]
[1617296150.959016, 1617296153.711933]
[1617296151.1189258, 1617296153.827929]
[1617296151.3646796, 1617296154.0780232]
[1617296151.0176144, 1617296153.7434855]
[1617296151.383065, 1617296154.2092874]
[1617296151.4085302, 1617296154.1378186]
[1617296151.3690119, 1617296154.0946684]
[1617296151.4530513, 1617296154.1511407]
[1617296151.4737725, 1617296154.2009666]
[1617296151.7591867, 1617296154.495457]
[1617296151.497477, 1617296154.2025998]
[1617296151.7977257, 1617296154.506822]
[1617296151.6155677, 1617296154.3482585]
[1617296151.8091547, 1617296154.518714]
[1617296151.6745496, 1617296154.39527]
[1617296151.7556646, 1617296154.5081065]
[1617296151.840703, 1617296154.548742]
[1617296151.9166028, 1617296154.6643016]
[1617296151.7962809, 1617296154.5057082]
[1617296151.9329255, 1617296154.6212313]
[1617296151.9868495, 1617296154.6926205]
[1617296152.080295, 1617296154.7921295]
[1617296152.1629398, 1617296154.870338]
[1617296152.3056467, 1617296155.0254803]
[1617296152.1471033, 1617296154.8727345]
[1617296152.2710574, 1617296154.964003]
[1617296152.2969291, 1617296155.0236378]
[1617296152.190001, 1617296154.879297]
[1617296152.5335956, 1617296155.2428997]
[1617296152.441482, 1617296155.1141174]
[1617296152.4516435, 1617296155.1748028]
[1617296152.6056206, 1617296155.314057]
[1617296152.6564538, 1617296155.3935366]
[1617296152.7041018, 1617296155.3954594]
[1617296152.6301982, 1617296155.3302815]
[1617296152.896199, 1617296155.6141717]
[1617296152.9456782, 1617296155.6600592]
[1617296152.8108354, 1617296155.502917]
[1617296152.9260612, 1617296155.6531603]
[1617296152.8845162, 1617296155.6122837]
[1617296152.9798923, 1617296155.6760101]
[1617296152.9660664, 1617296155.6885095]
[1617296153.1229134, 1617296155.863041]
[1617296152.9975607, 1617296155.732517]
[1617296153.264508, 1617296156.0074933]
[1617296153.1633804, 1617296155.919421]
[1617296153.314641, 1617296156.0240602]
[1617296153.487324, 1617296156.226988]
[1617296153.3458672, 1617296156.0395236]
[1617296153.4615278, 1617296156.2114856]
[1617296153.5217917, 1617296156.2200346]
[1617296153.5017, 1617296156.217517]
[1617296153.726006, 1617296156.4256797]
[1617296153.639882, 1617296156.3605242]
[1617296153.7757468, 1617296156.5040457]
[1617296153.568453, 1617296156.2881844]
[1617296153.6528535, 1617296156.4019618]
[1617296153.7178025, 1617296156.4782581]
[1617296153.5698106, 1617296156.2948065]
[1617296153.8573918, 1617296156.58148]
[1617296153.856861, 1617296156.5949535]
[1617296153.8393705, 1617296156.5327885]
[1617296154.1393204, 1617296156.872226]
[1617296154.0187888, 1617296156.777212]
[1617296154.1436388, 1617296156.871808]
[1617296154.2573402, 1617296156.99897]
[1617296154.344507, 1617296157.064291]
[1617296154.1536763, 1617296156.84746]
[1617296154.2861168, 1617296156.9929376]
[1617296154.1643195, 1617296156.863979]
[1617296154.4229186, 1617296157.142564]
[1617296154.5333066, 1617296157.2502196]
[1617296154.367562, 1617296157.1462839]
[1617296154.6836798, 1617296157.3694725]
[1617296154.802808, 1617296157.5208454]
[1617296154.8170402, 1617296157.5361433]
[1617296154.6820393, 1617296157.3888185]
[1617296154.6710718, 1617296157.4014363]
[1617296154.7084596, 1617296157.4045706]
[1617296155.004899, 1617296157.6985974]
[1617296154.8682454, 1617296157.5923522]
[1617296155.0325565, 1617296157.7646804]
[1617296155.1624877, 1617296157.859932]
[1617296155.0542479, 1617296157.7633338]
[1617296155.0237987, 1617296157.7395859]
[1617296154.991499, 1617296157.6880124]
[1617296155.34084, 1617296158.0472474]
[1617296155.2101743, 1617296157.9168477]
[1617296155.227811, 1617296157.9224143]
[1617296155.2056246, 1617296157.9215903]
[1617296155.452682, 1617296158.173229]
[1617296155.4257293, 1617296158.154601]
[1617296155.5690017, 1617296158.325165]
[1617296155.3518848, 1617296158.0592694]
[1617296155.4006903, 1617296158.093852]
[1617296155.534303, 1617296158.2263658]
[1617296155.6817274, 1617296158.3803186]
[1617296155.899055, 1617296158.6049764]
[1617296155.7348688, 1617296158.453224]
[1617296155.8506992, 1617296158.577208]
[1617296155.9764073, 1617296158.6929505]
[1617296155.8917627, 1617296158.6497185]
[1617296156.109478, 1617296158.8425071]
[1617296156.0076382, 1617296158.7120066]
[1617296156.003782, 1617296158.7198427]
[1617296156.0063853, 1617296158.7375343]
[1617296156.2044818, 1617296158.904146]
[1617296156.0882268, 1617296158.7857208]
[1617296156.134235, 1617296158.8627603]
[1617296156.296848, 1617296159.0173366]
[1617296156.3239734, 1617296159.0669427]
[1617296156.2938256, 1617296159.0131838]
[1617296156.552761, 1617296159.2385862]
[1617296156.5896032, 1617296159.2981517]
[1617296156.7090695, 1617296159.403691]
[1617296156.5024123, 1617296159.2334518]
[1617296156.725495, 1617296159.469523]
[1617296156.6598947, 1617296159.3901198]
[1617296156.6873908, 1617296159.4431784]
[1617296157.1084247, 1617296159.8514016]
[1617296156.7924163, 1617296159.5111027]
[1617296156.9133084, 1617296159.6403499]
[1617296156.944143, 1617296159.6673713]
[1617296156.944909, 1617296159.6531298]
[1617296157.1437948, 1617296159.841978]
[1617296157.1427228, 1617296159.8863137]
[1617296157.1982381, 1617296159.9234595]
[1617296157.0200322, 1617296159.7853153]
[1617296157.102777, 1617296159.857119]
[1617296157.3465564, 1617296160.0640926]
[1617296157.287924, 1617296160.021721]
[1617296157.420168, 1617296160.1134305]
[1617296157.120095, 1617296159.827467]
[1617296157.3200514, 1617296160.0560853]
[1617296157.4505816, 1617296160.1612394]
[1617296157.8127635, 1617296160.5188782]
[1617296157.4342425, 1617296160.1568866]
[1617296157.7607987, 1617296160.465926]
[1617296157.6897347, 1617296160.391405]
[1617296157.7206748, 1617296160.4301534]
[1617296157.7293658, 1617296160.453791]
[1617296157.9107478, 1617296160.5996628]
[1617296157.8900378, 1617296160.6132367]
[1617296157.8721228, 1617296160.5221145]
[1617296157.8943238, 1617296160.597505]
[1617296157.8022838, 1617296160.5339034]
[1617296158.008216, 1617296160.7044196]
[1617296158.0434556, 1617296160.7659376]
[1617296158.072912, 1617296160.7738173]
[1617296158.045458, 1617296160.7504766]
[1617296158.3865757, 1617296161.0791302]
[1617296158.1668322, 1617296160.9042344]
[1617296158.5056124, 1617296161.2427573]
[1617296158.5456755, 1617296161.2519538]
[1617296158.447764, 1617296161.196284]
[1617296158.8111508, 1617296161.5038786]
[1617296158.769297, 1617296161.5029354]
[1617296158.6560109, 1617296161.4255507]
[1617296158.5293589, 1617296161.2215497]
[1617296158.5941815, 1617296161.3246357]
[1617296158.9066007, 1617296161.6384065]
[1617296158.7289503, 1617296161.4412699]
[1617296158.9593906, 1617296161.676316]
[1617296158.853194, 1617296161.585071]
[1617296158.9545453, 1617296161.663081]
[1617296159.039386, 1617296161.7542582]
[1617296159.2220793, 1617296161.9142737]
[1617296159.1848927, 1617296161.9170387]
[1617296158.9539504, 1617296161.6739383]
[1617296159.1702178, 1617296161.8869407]
[1617296158.977713, 1617296161.694577]
[1617296159.3573048, 1617296162.0933225]
[1617296159.3679776, 1617296162.07119]
[1617296159.2964828, 1617296161.9770644]
[1617296159.3343878, 1617296162.051072]
[1617296159.3749945, 1617296162.1434457]
[1617296159.686422, 1617296162.4014742]
[1617296159.3730433, 1617296162.1169639]
[1617296159.5148625, 1617296162.2359765]
[1617296159.6657393, 1617296162.3654191]
[1617296159.4164798, 1617296162.1015544]
[1617296159.6336963, 1617296162.4635289]
[1617296159.7061863, 1617296162.4365199]
[1617296159.7051685, 1617296162.4534056]
[1617296159.761396, 1617296162.4652462]
[1617296159.9458654, 1617296162.6912973]
[1617296159.8898578, 1617296162.6125896]
[1617296159.7211418, 1617296162.455463]
[1617296159.9189641, 1617296162.6306372]
[1617296160.0807233, 1617296162.7930593]
[1617296160.1502948, 1617296162.851278]
[1617296159.8767056, 1617296162.6088443]
[1617296160.3935642, 1617296163.1392667]
[1617296160.3823464, 1617296163.124793]
[1617296160.4730525, 1617296163.2080922]
[1617296160.215225, 1617296162.9280982]
[1617296160.4257874, 1617296163.1216967]
[1617296160.4010928, 1617296163.109385]
[1617296160.6513233, 1617296163.3734477]
[1617296160.414454, 1617296163.1532714]
[1617296160.7717395, 1617296163.4950464]
[1617296160.8545332, 1617296163.5570526]
[1617296160.7064776, 1617296163.3914518]
[1617296160.6013036, 1617296163.342293]
[1617296160.6690784, 1617296163.3561602]
[1617296160.6854448, 1617296163.408628]
[1617296160.8711271, 1617296163.6067598]
[1617296160.8911905, 1617296163.5846746]
[1617296161.1539567, 1617296163.868275]
[1617296160.9334579, 1617296163.6840084]
[1617296161.0276885, 1617296163.7270792]
[1617296161.1656668, 1617296163.8581445]
[1617296161.1457322, 1617296163.844799]
[1617296161.4777808, 1617296164.236294]
[1617296161.007152, 1617296163.7153952]
[1617296161.3828025, 1617296164.0896251]
[1617296161.4555998, 1617296164.1771631]
[1617296161.489715, 1617296164.2270594]
[1617296161.4919758, 1617296164.1941228]
[1617296161.3313217, 1617296164.0545392]
[1617296161.6659422, 1617296164.3999429]
[1617296161.6303723, 1617296164.3419795]
[1617296161.671731, 1617296164.3923812]
[1617296161.7039125, 1617296164.4150803]
[1617296161.7974932, 1617296164.5471883]
[1617296161.9612496, 1617296164.683745]
[1617296161.8068895, 1617296164.5212953]
[1617296161.7158928, 1617296164.4253528]
[1617296161.900832, 1617296164.6177173]
[1617296161.8425267, 1617296164.5443873]
[1617296162.0839715, 1617296164.799725]
[1617296162.168963, 1617296164.9402194]
[1617296162.1273413, 1617296164.8681686]
[1617296162.2423391, 1617296165.1248312]
[1617296162.120018, 1617296164.8067758]
[1617296162.384608, 1617296165.0760574]
[1617296162.4129224, 1617296165.102662]
[1617296162.4131994, 1617296165.1227882]
[1617296162.2563448, 1617296164.9933484]
[1617296162.5323122, 1617296165.2987812]
[1617296162.450063, 1617296165.1877046]
[1617296162.4629312, 1617296165.1939597]
[1617296162.5055919, 1617296165.2107248]
[1617296162.405373, 1617296165.1249704]
[1617296162.5275636, 1617296165.242642]
[1617296162.7106543, 1617296165.4420636]
[1617296162.655797, 1617296165.3723788]
[1617296162.61292, 1617296165.3799698]
[1617296162.7179863, 1617296165.4909968]
[1617296162.5819213, 1617296165.2733927]
[1617296163.0285645, 1617296165.7383213]
[1617296163.0889754, 1617296165.812331]
[1617296163.169336, 1617296165.8846126]
[1617296163.0121436, 1617296165.7133453]
[1617296163.5589414, 1617296166.2434788]
[1617296163.2969244, 1617296166.0103583]
[1617296163.4276392, 1617296166.1138082]
[1617296163.5632007, 1617296166.2588234]
[1617296163.1230757, 1617296165.8213093]
[1617296163.5382674, 1617296166.2685454]
[1617296163.178417, 1617296165.8980305]
[1617296163.424329, 1617296166.1458132]
[1617296163.4923065, 1617296166.2147415]
[1617296163.6577437, 1617296166.3848588]
[1617296163.5803497, 1617296166.3353345]
[1617296163.353085, 1617296166.0861902]
[1617296163.751856, 1617296166.4564295]
[1617296163.7738154, 1617296166.4920516]
[1617296163.716321, 1617296166.4579039]
[1617296163.9205093, 1617296166.6231925]
[1617296164.043568, 1617296166.7485237]
[1617296164.0917025, 1617296166.8204777]
[1617296164.123198, 1617296166.8291755]
[1617296164.1368983, 1617296166.8832092]
[1617296164.0919034, 1617296166.7828913]
[1617296164.1920495, 1617296166.926813]
[1617296164.02136, 1617296166.7194853]
[1617296164.092952, 1617296166.7942166]
[1617296164.4371042, 1617296167.1474013]
[1617296164.177558, 1617296166.9104972]
[1617296164.5185916, 1617296167.226215]
[1617296164.533432, 1617296167.258489]
[1617296164.2748916, 1617296167.019416]
[1617296164.5031734, 1617296167.2357275]
[1617296164.692428, 1617296167.427098]
[1617296164.4384053, 1617296167.168143]
[1617296164.3211088, 1617296167.0369174]
[1617296164.7182958, 1617296167.435873]
[1617296164.77138, 1617296167.489036]
[1617296164.7289567, 1617296167.4872916]
[1617296164.7860308, 1617296167.4867492]
[1617296164.986916, 1617296167.7168026]
[1617296164.7411966, 1617296167.4669607]
[1617296164.931638, 1617296167.6592386]
[1617296165.2521584, 1617296167.9537354]
[1617296165.2264955, 1617296167.9355233]
[1617296165.1126666, 1617296167.809647]
[1617296165.238205, 1617296167.9720414]
[1617296164.926124, 1617296167.6729147]
[1617296165.0920348, 1617296167.7880378]
[1617296165.2468002, 1617296167.9537556]
[1617296165.20771, 1617296167.942718]
[1617296165.3682587, 1617296168.060552]
[1617296165.2459338, 1617296167.9667056]
[1617296165.2446423, 1617296168.0242639]
[1617296165.3189807, 1617296168.0662117]
[1617296165.486259, 1617296168.2424326]
[1617296165.5714104, 1617296168.2970343]
[1617296165.4955318, 1617296168.2243464]
[1617296165.6465409, 1617296168.3865864]
[1617296165.6286848, 1617296168.332089]
[1617296165.8371148, 1617296168.5408678]
[1617296165.7137861, 1617296168.4068508]
[1617296165.8555062, 1617296168.5802512]
[1617296165.7726715, 1617296168.4748344]
[1617296166.0847456, 1617296168.82065]
[1617296166.0144243, 1617296168.736599]
[1617296166.207744, 1617296168.9475646]
[1617296166.1954033, 1617296168.8881826]
[1617296166.1851223, 1617296168.8961515]
[1617296166.0499012, 1617296168.7719808]
[1617296166.4103196, 1617296169.1222138]
[1617296166.4086163, 1617296169.0979974]
[1617296166.4952297, 1617296169.2430098]
[1617296166.540641, 1617296169.231488]
[1617296166.4958863, 1617296169.1953611]
[1617296166.4099503, 1617296169.151312]
[1617296166.3276298, 1617296169.0470614]
[1617296166.5242708, 1617296169.22643]
[1617296166.6700664, 1617296169.364147]
[1617296166.7820466, 1617296169.4803653]
[1617296166.7657063, 1617296169.4611742]
[1617296166.8825786, 1617296169.593537]
[1617296166.8636346, 1617296169.5852332]
[1617296166.873129, 1617296169.5961158]
[1617296166.7359214, 1617296169.426874]
[1617296166.7489114, 1617296169.4960508]
[1617296167.1227925, 1617296169.8712935]
[1617296167.0144143, 1617296169.772505]
[1617296167.0745144, 1617296169.8152053]
[1617296167.285526, 1617296169.988046]
[1617296166.9615324, 1617296169.7159772]
[1617296167.1802588, 1617296170.1412632]
[1617296167.4689817, 1617296170.1895595]
[1617296167.3457818, 1617296170.076178]
[1617296167.4277885, 1617296170.1527972]
[1617296167.5018322, 1617296170.2094371]
[1617296167.379831, 1617296170.0878007]
[1617296167.4247386, 1617296170.1348171]
[1617296167.4909003, 1617296170.1743016]
[1617296167.828102, 1617296170.5194185]
[1617296167.7469475, 1617296170.4809062]
[1617296167.8941505, 1617296170.6076875]
[1617296167.7072861, 1617296170.4470816]
[1617296167.864483, 1617296170.5912776]
[1617296167.8167927, 1617296170.5088928]
[1617296167.8942406, 1617296170.6112018]
[1617296168.0091412, 1617296170.7532933]
[1617296167.9774237, 1617296170.72801]
[1617296168.344627, 1617296171.0496113]
[1617296167.9438193, 1617296170.6501694]
[1617296168.2872698, 1617296171.0175543]
[1617296167.838792, 1617296170.5443854]
[1617296168.175843, 1617296170.8826668]
[1617296168.1436374, 1617296170.8387654]
[1617296168.142896, 1617296170.8721094]
[1617296168.5855381, 1617296171.2842662]
[1617296168.0855818, 1617296170.8252704]
[1617296168.536309, 1617296171.2341328]
[1617296168.6537354, 1617296171.3888357]
[1617296168.7144318, 1617296171.454435]
[1617296168.5854826, 1617296171.2993581]
[1617296168.7102659, 1617296171.4322553]
[1617296168.7972634, 1617296171.5030272]
[1617296168.8761067, 1617296171.5738401]
[1617296168.8536088, 1617296171.5696435]
[1617296168.5733824, 1617296171.2836447]
[1617296168.8711894, 1617296171.6067033]
[1617296168.9542181, 1617296171.698206]
[1617296168.994885, 1617296171.7245069]
[1617296168.8901463, 1617296171.5879452]
[1617296168.8986955, 1617296171.587267]
[1617296169.0485435, 1617296171.913978]
[1617296169.152548, 1617296171.8583205]
[1617296168.8788252, 1617296171.643826]
[1617296169.4023378, 1617296172.116958]
[1617296169.3261828, 1617296172.090625]
[1617296169.353165, 1617296172.0456798]
[1617296169.609254, 1617296172.2853088]
[1617296169.5818605, 1617296172.3014555]
[1617296169.37348, 1617296172.0708852]
[1617296169.4901505, 1617296172.2082546]
[1617296169.7140393, 1617296172.4534814]
[1617296169.6082578, 1617296172.3323212]
[1617296169.4821432, 1617296172.178291]
[1617296169.4945629, 1617296172.186205]
[1617296169.5444255, 1617296172.271293]
[1617296169.556967, 1617296172.2590413]
[1617296169.8787956, 1617296172.6274502]
[1617296169.9683976, 1617296172.7112951]
[1617296170.0248501, 1617296172.7418654]
[1617296170.1127932, 1617296172.8286095]
[1617296169.9223926, 1617296172.6545854]
[1617296169.981502, 1617296172.699628]
[1617296170.0449498, 1617296172.725605]
[1617296170.3017848, 1617296172.9829555]
[1617296170.2789085, 1617296173.0091512]
[1617296170.1404839, 1617296172.887017]
[1617296170.297051, 1617296173.0197372]
[1617296170.4890933, 1617296173.2307286]
[1617296170.5156112, 1617296173.2066822]
[1617296170.627577, 1617296173.3284461]
[1617296170.4907386, 1617296173.2228303]
[1617296170.6066117, 1617296173.3876417]
[1617296170.7061567, 1617296173.5115786]
[1617296170.4980679, 1617296173.225309]
[1617296170.5726473, 1617296173.2900548]
[1617296170.5814145, 1617296173.288889]
[1617296170.9080305, 1617296173.6116571]
[1617296171.005628, 1617296173.7554493]
[1617296170.8742473, 1617296173.5610187]
[1617296170.703809, 1617296173.414128]
[1617296171.074872, 1617296173.7760718]
[1617296171.1436894, 1617296173.881026]
[1617296171.1415336, 1617296173.978632]
[1617296171.269283, 1617296173.9739385]
[1617296171.2120435, 1617296173.9422305]
[1617296170.706389, 1617296173.4228966]
[1617296171.350069, 1617296174.067986]
[1617296171.452816, 1617296174.1640928]
[1617296171.2714448, 1617296174.0052705]
[1617296170.955619, 1617296173.6950707]
[1617296171.5693023, 1617296174.3055704]
[1617296171.4577272, 1617296174.1695235]
[1617296171.3956065, 1617296174.1289258]
[1617296171.7218103, 1617296174.4635222]
[1617296171.539483, 1617296174.2508411]
[1617296171.6805024, 1617296174.4207907]
[1617296171.694792, 1617296174.443355]
[1617296171.75492, 1617296174.4750438]
[1617296171.9345932, 1617296174.6490345]
[1617296171.9353352, 1617296174.6462476]
[1617296171.5905457, 1617296174.284895]
[1617296172.1115286, 1617296174.8351758]
[1617296172.1594281, 1617296174.857609]
[1617296171.9274662, 1617296174.6908143]
[1617296172.1343539, 1617296174.8669431]
[1617296172.1717124, 1617296174.8581502]
[1617296172.2324255, 1617296174.9589293]
[1617296172.3823528, 1617296175.1216416]
[1617296172.2120254, 1617296174.9163857]
[1617296172.2470875, 1617296174.9346466]
[1617296172.5298436, 1617296175.2486393]
[1617296172.6076112, 1617296175.342913]
[1617296172.6081355, 1617296175.3004432]
[1617296172.666441, 1617296175.395683]
[1617296172.8078065, 1617296175.5599964]
[1617296172.8354194, 1617296175.5365555]
[1617296172.2413297, 1617296174.9375393]
[1617296172.6068218, 1617296175.3679771]
[1617296172.8517509, 1617296175.5339234]
[1617296172.89743, 1617296175.634646]
[1617296172.8777502, 1617296175.5938516]
[1617296172.9123192, 1617296175.697814]
[1617296172.8777118, 1617296175.6213021]
[1617296172.9763203, 1617296175.6733232]
[1617296173.137235, 1617296175.8448308]
[1617296173.313905, 1617296176.0252256]
[1617296173.2064345, 1617296175.9218009]
[1617296173.1811342, 1617296175.8837364]
[1617296173.166122, 1617296175.8936183]
[1617296173.4422061, 1617296176.1702876]
[1617296173.4911928, 1617296176.2264261]
[1617296173.4802516, 1617296176.183927]
[1617296173.5568986, 1617296176.2542987]
[1617296173.6693513, 1617296176.377762]
[1617296173.5534928, 1617296176.28488]
[1617296173.7744782, 1617296176.5358195]
[1617296173.8228009, 1617296176.515893]
[1617296173.8144195, 1617296176.51636]
[1617296173.7296143, 1617296176.4659321]
[1617296173.9863386, 1617296176.724141]
[1617296173.6833377, 1617296176.3711143]
[1617296173.8790054, 1617296176.6088648]
[1617296173.8319545, 1617296176.6033401]
[1617296174.1359236, 1617296176.877489]
[1617296174.187752, 1617296176.9146125]
[1617296174.205177, 1617296176.9038074]
[1617296174.3620431, 1617296177.0976925]
[1617296174.4306664, 1617296177.1433027]
[1617296174.11591, 1617296176.8227212]
[1617296174.1827226, 1617296176.9029481]
[1617296174.283094, 1617296176.9981291]
[1617296174.2147815, 1617296176.9666357]
[1617296174.1174748, 1617296176.8356597]
[1617296174.533835, 1617296177.3102489]
[1617296174.6051698, 1617296177.7239938]
[1617296174.6261897, 1617296177.3226416]
[1617296174.5385933, 1617296177.2396913]
[1617296174.5568666, 1617296177.2712853]
[1617296174.5125325, 1617296177.2435343]
[1617296174.6067753, 1617296177.3125556]
[1617296174.5040889, 1617296177.2108836]
[1617296174.8191235, 1617296177.5817327]
[1617296174.9518392, 1617296177.640599]
[1617296175.008154, 1617296177.7240903]
[1617296175.074726, 1617296177.7689347]
[1617296175.085736, 1617296177.7936428]
[1617296174.913453, 1617296177.6195705]
[1617296175.1383116, 1617296177.9004283]
[1617296175.051508, 1617296177.7465358]
[1617296175.2739446, 1617296177.9872336]
[1617296175.2317693, 1617296177.9498372]
[1617296175.1330152, 1617296177.8557973]
[1617296175.3540137, 1617296178.0663395]
[1617296175.267472, 1617296178.0469167]
[1617296175.2057626, 1617296177.9079747]
[1617296175.2601743, 1617296177.983567]
[1617296175.3675206, 1617296178.0556679]
[1617296175.081988, 1617296177.7850077]
[1617296175.699054, 1617296178.4424407]
[1617296175.498946, 1617296178.239637]
[1617296175.6879401, 1617296178.390693]
[1617296175.8699605, 1617296178.5979223]
[1617296175.8234866, 1617296178.5444162]
[1617296175.5605977, 1617296178.2638597]
[1617296175.792666, 1617296178.5385108]
[1617296175.5755281, 1617296178.283304]
[1617296176.2494714, 1617296178.9707725]
[1617296175.7867186, 1617296178.5206294]
[1617296176.0290234, 1617296178.7965894]
[1617296176.223229, 1617296178.9245017]
[1617296176.2977524, 1617296179.0217721]
[1617296176.314323, 1617296179.0169697]
[1617296176.4902565, 1617296179.1861942]
[1617296176.4376893, 1617296179.187275]
[1617296176.3910098, 1617296179.128571]
[1617296176.5322635, 1617296179.269669]
[1617296176.407022, 1617296179.0915787]
[1617296176.4880655, 1617296179.228984]
[1617296176.5943682, 1617296179.3500555]
[1617296176.5591855, 1617296179.325826]
[1617296176.5377476, 1617296179.228608]
[1617296176.473105, 1617296179.1855142]
[1617296175.8727777, 1617296178.5807753]
[1617296176.4397624, 1617296179.1518166]
[1617296176.9498215, 1617296179.6469436]
[1617296176.661398, 1617296179.3912008]
[1617296176.9046435, 1617296179.6849332]
[1617296176.9335222, 1617296179.6475132]
[1617296176.9599082, 1617296179.670623]
[1617296177.0476882, 1617296179.773867]
[1617296177.1784542, 1617296179.9015877]
[1617296176.951093, 1617296179.6573145]
[1617296177.0937955, 1617296179.8272102]
[1617296177.1322422, 1617296179.8604462]
[1617296177.1484435, 1617296179.910097]
[1617296177.2392468, 1617296179.9616268]
[1617296177.4850614, 1617296180.1820526]
[1617296176.9790807, 1617296179.7272575]
[1617296177.007516, 1617296179.7375565]
[1617296177.0017953, 1617296179.7094498]
[1617296177.597955, 1617296180.3332071]
[1617296177.3545601, 1617296180.067599]
[1617296177.498749, 1617296180.2283034]
[1617296177.7738295, 1617296180.4644988]
[1617296177.6841033, 1617296180.3947465]
[1617296177.6181793, 1617296180.32917]
[1617296177.6791918, 1617296180.3810112]
[1617296177.831767, 1617296180.5431538]
[1617296177.7268577, 1617296180.4436426]
[1617296177.8464642, 1617296180.5262284]
[1617296177.8974278, 1617296180.6233568]
[1617296178.174485, 1617296180.8962827]
[1617296178.2470982, 1617296180.9740496]
[1617296178.114076, 1617296180.819857]
[1617296178.157583, 1617296180.8437057]
[1617296178.2820692, 1617296180.9900637]
[1617296178.32813, 1617296181.051381]
[1617296178.2230542, 1617296180.926965]
[1617296178.2071671, 1617296180.912373]
[1617296178.286931, 1617296181.0376825]
[1617296178.3570402, 1617296181.0669603]
[1617296178.5323179, 1617296181.2792]
[1617296178.702141, 1617296181.43813]
[1617296178.6601555, 1617296181.3565593]
[1617296178.5157888, 1617296181.2674677]
[1617296178.6440432, 1617296181.367994]
[1617296178.7835793, 1617296181.4802842]
[1617296178.7443843, 1617296181.4915366]
[1617296178.8899028, 1617296181.6307642]
[1617296178.8182898, 1617296181.587517]
[1617296178.9847865, 1617296181.6815286]
[1617296179.1131961, 1617296181.8091974]
[1617296178.9818168, 1617296181.7349017]
[1617296179.089798, 1617296181.8361259]
[1617296178.9542868, 1617296181.6544755]
[1617296179.0613225, 1617296181.7597823]
[1617296179.0334942, 1617296181.7471852]
[1617296179.4784489, 1617296182.2062407]
[1617296179.285435, 1617296181.9905767]
[1617296179.1621473, 1617296181.8590581]
[1617296179.5522435, 1617296182.2446992]
[1617296179.326979, 1617296182.0395193]
[1617296179.5735197, 1617296182.2971663]
[1617296179.458125, 1617296182.1831102]
[1617296179.6787276, 1617296182.3881297]
[1617296179.9802783, 1617296182.6826327]
[1617296179.5509534, 1617296182.2968407]
[1617296179.9075658, 1617296182.6621714]
[1617296179.622044, 1617296182.3520477]
[1617296180.029775, 1617296182.781458]
[1617296180.1297019, 1617296182.8300686]
[1617296180.149707, 1617296182.8747811]
[1617296179.9067364, 1617296182.6524785]
[1617296180.389032, 1617296183.0919828]
[1617296180.1766863, 1617296182.899535]
[1617296180.1281152, 1617296182.876728]
[1617296180.1608763, 1617296182.881768]
[1617296180.4793127, 1617296183.169874]
[1617296180.355372, 1617296183.1129603]
[1617296180.2023892, 1617296182.8991983]
[1617296180.687761, 1617296183.4125867]
[1617296180.516673, 1617296183.2508175]
[1617296180.6028833, 1617296183.3148746]
[1617296180.7813354, 1617296183.5575025]
[1617296180.5732143, 1617296183.2589216]
[1617296180.7099295, 1617296183.4301531]
[1617296180.5535161, 1617296183.285663]
[1617296180.6838987, 1617296183.4041164]
[1617296180.7213197, 1617296183.4381971]
[1617296180.8308964, 1617296183.5384955]
[1617296181.092406, 1617296183.7829134]
[1617296180.849482, 1617296183.541358]
[1617296180.979983, 1617296183.6861103]
[1617296181.0516646, 1617296183.782424]
[1617296180.997465, 1617296183.7057054]
[1617296181.3037074, 1617296184.0395262]
[1617296181.240745, 1617296183.9518416]
[1617296181.352531, 1617296184.078697]
[1617296181.4531083, 1617296184.1922357]
[1617296181.1294043, 1617296183.8338032]
[1617296181.4167404, 1617296184.160033]
[1617296181.2475047, 1617296183.958415]
[1617296181.6855223, 1617296184.4035285]
[1617296181.606956, 1617296184.3261793]
[1617296181.5399234, 1617296184.283472]
[1617296181.630643, 1617296184.3277876]
[1617296181.8004942, 1617296184.5082254]
[1617296181.7438636, 1617296184.4601996]
[1617296181.6184015, 1617296184.3141727]
[1617296182.1402423, 1617296184.8376367]
[1617296181.750812, 1617296184.5037322]
[1617296181.7022393, 1617296184.3998735]
[1617296181.8639984, 1617296184.572746]
[1617296181.9897423, 1617296184.75274]
[1617296182.1577544, 1617296184.879266]
[1617296182.0419657, 1617296184.760355]
[1617296182.4328241, 1617296185.1421235]
[1617296182.3195376, 1617296185.0657134]
[1617296182.4059868, 1617296185.1033459]
[1617296182.1117578, 1617296184.8278873]
[1617296182.292731, 1617296185.0384622]
[1617296182.438845, 1617296185.1492324]
[1617296182.2528727, 1617296184.9528732]
[1617296182.7765238, 1617296185.4822714]
[1617296182.584906, 1617296185.3103902]
[1617296182.2667527, 1617296184.9847364]
[1617296182.7224364, 1617296185.4199233]
[1617296182.5914798, 1617296185.2942839]
[1617296182.75521, 1617296185.4522507]
[1617296182.7246597, 1617296185.4584112]
[1617296182.7723215, 1617296185.484153]
[1617296182.7752426, 1617296185.4580734]
[1617296182.7458634, 1617296185.4697459]
[1617296182.852175, 1617296185.6215198]
[1617296182.8407872, 1617296185.5426412]
[1617296183.0607684, 1617296185.8120317]
[1617296183.066897, 1617296185.799115]
[1617296183.0526962, 1617296185.742872]
[1617296183.039702, 1617296185.7706635]
[1617296183.3699322, 1617296186.0697308]
[1617296183.5933855, 1617296186.3219016]
[1617296183.4125707, 1617296186.1363626]
[1617296183.1775954, 1617296185.8683894]
[1617296183.4706056, 1617296186.2152944]
[1617296183.347021, 1617296186.057862]
[1617296183.3783245, 1617296186.0673852]
[1617296183.4611673, 1617296186.1926806]
[1617296183.7412245, 1617296186.4455516]
[1617296183.7501385, 1617296186.462483]
[1617296183.5154762, 1617296186.2469013]
[1617296183.6779704, 1617296186.3752582]
[1617296183.6988485, 1617296186.4077623]
[1617296183.9957309, 1617296186.7020874]
[1617296183.8587675, 1617296186.5839956]
[1617296183.5397382, 1617296186.279385]
[1617296183.8283145, 1617296186.5734134]
[1617296183.5103517, 1617296186.284562]
[1617296184.1235607, 1617296186.8518999]
[1617296183.947799, 1617296186.645873]
[1617296184.1309936, 1617296186.8868659]
[1617296183.9946117, 1617296186.7337275]
[1617296184.1492336, 1617296186.8486917]
[1617296184.2032979, 1617296186.9196982]
[1617296184.3388982, 1617296187.0334013]
[1617296184.3111098, 1617296187.0539963]
[1617296184.375235, 1617296187.0703292]
[1617296184.3708475, 1617296187.1168282]
[1617296184.4141586, 1617296187.1184514]
[1617296184.549435, 1617296187.2547414]
[1617296184.4253714, 1617296187.1271267]
[1617296184.6589072, 1617296187.3638296]
[1617296184.7934554, 1617296187.4966202]
[1617296184.7056067, 1617296187.446632]
[1617296184.4981728, 1617296187.2213137]
[1617296184.908202, 1617296187.6491039]
[1617296184.9044528, 1617296187.6136036]
[1617296184.973562, 1617296187.6756504]
[1617296184.7325244, 1617296187.444728]
[1617296184.9139335, 1617296187.6302466]
[1617296184.8589435, 1617296187.5428588]
[1617296184.879845, 1617296187.5949154]
[1617296185.2599137, 1617296187.9776208]
[1617296185.1707947, 1617296187.9021137]
[1617296184.9152937, 1617296187.6755235]
[1617296185.1440487, 1617296187.8453693]
[1617296185.4360464, 1617296188.1538846]
[1617296185.3484282, 1617296188.066382]
[1617296185.2756803, 1617296188.0160937]
[1617296185.3855915, 1617296188.0880072]
[1617296185.8536947, 1617296188.5726218]
[1617296185.2697659, 1617296188.021652]
[1617296185.6926816, 1617296188.4264586]
[1617296185.452917, 1617296188.2011409]
[1617296185.5333173, 1617296188.2609422]
[1617296185.511588, 1617296188.2228043]
[1617296185.680456, 1617296188.3967395]
[1617296185.8854072, 1617296188.575006]
[1617296185.6536584, 1617296188.4177842]
[1617296185.7366638, 1617296188.4693758]
[1617296185.771885, 1617296188.4573298]
[1617296186.0428553, 1617296188.7520812]
[1617296185.9991524, 1617296188.7424867]
[1617296185.9805791, 1617296188.7401018]
[1617296186.2035298, 1617296188.9036126]
[1617296186.218827, 1617296188.9480524]
[1617296186.4635034, 1617296189.1656034]
[1617296186.6505435, 1617296189.380178]
[1617296186.5154219, 1617296189.2184033]
[1617296186.4808948, 1617296189.1865864]
[1617296186.570893, 1617296189.2957973]
[1617296186.4735396, 1617296189.1802564]
[1617296186.5206466, 1617296189.2724104]
[1617296186.378102, 1617296189.0984297]
[1617296186.3398297, 1617296189.0774922]
[1617296186.592151, 1617296189.2975874]
[1617296186.6845882, 1617296189.419304]
[1617296186.8604755, 1617296189.5877905]
[1617296186.79633, 1617296189.506876]
[1617296186.7359378, 1617296189.494309]
[1617296187.0071945, 1617296189.728243]
[1617296187.0044227, 1617296189.7046902]
[1617296186.974125, 1617296189.696844]
[1617296187.371013, 1617296190.080416]
[1617296187.127038, 1617296189.8502665]
[1617296187.12394, 1617296189.829272]
[1617296186.9757295, 1617296189.7421951]
[1617296187.1633384, 1617296189.8614056]
[1617296187.3168628, 1617296190.0422]
[1617296187.3692188, 1617296190.0842154]
[1617296187.3163872, 1617296190.0224884]
[1617296187.332572, 1617296190.1064558]
[1617296187.3252523, 1617296190.0285356]
[1617296187.4416695, 1617296190.1490512]
[1617296187.5760627, 1617296190.2633889]
[1617296187.6313386, 1617296190.3583696]
[1617296187.4428864, 1617296190.1429253]
[1617296187.5774994, 1617296190.2850087]
[1617296187.7235246, 1617296190.4218397]
[1617296187.777128, 1617296190.5404296]
[1617296187.763926, 1617296190.5010831]
[1617296187.9040666, 1617296190.6126723]
[1617296187.8291771, 1617296190.5459235]
[1617296188.112764, 1617296190.852291]
[1617296187.976383, 1617296190.6869025]
[1617296188.0205476, 1617296190.7634535]
[1617296188.1026661, 1617296190.839731]
[1617296188.0616524, 1617296190.7970195]
[1617296188.0949273, 1617296190.8276198]
[1617296188.2721746, 1617296190.982048]
[1617296188.0258548, 1617296190.7496672]
[1617296188.337679, 1617296191.057143]
[1617296188.2496705, 1617296190.970421]
[1617296188.424328, 1617296191.1800497]
[1617296188.2647064, 1617296191.0103848]
[1617296188.4403386, 1617296191.1666765]
[1617296188.5835288, 1617296191.2744346]
[1617296188.598378, 1617296191.330008]
[1617296188.8135207, 1617296191.5438619]
[1617296188.6798477, 1617296191.4098656]
[1617296188.6692345, 1617296191.3577766]
[1617296188.6062224, 1617296191.2999847]
[1617296188.7111688, 1617296191.4231248]
[1617296188.7744796, 1617296191.5350394]
[1617296188.6740973, 1617296191.3781404]
[1617296188.713813, 1617296191.437358]
[1617296188.8918307, 1617296191.6608233]
[1617296188.9471552, 1617296191.6490948]
[1617296189.0989718, 1617296191.8329165]
[1617296189.2750776, 1617296191.9883063]
[1617296189.3773942, 1617296192.095114]
[1617296189.0704858, 1617296191.7919774]
[1617296189.6402178, 1617296192.3459563]
[1617296189.1998274, 1617296191.9129167]
[1617296189.5111947, 1617296192.2046113]
[1617296189.2776902, 1617296192.0368981]
[1617296189.7299664, 1617296192.424857]
[1617296189.5084062, 1617296192.2225215]
[1617296189.5331464, 1617296192.24679]
[1617296189.5707798, 1617296192.307586]
[1617296189.6542776, 1617296192.3840091]
[1617296189.5893085, 1617296192.3114276]
[1617296189.567372, 1617296192.2862594]
[1617296189.9254048, 1617296192.6342962]
[1617296189.6734428, 1617296192.3935866]
[1617296189.834, 1617296192.5888782]
[1617296189.6251607, 1617296192.362851]
[1617296190.0514202, 1617296192.8054283]
[1617296189.9271052, 1617296192.6389282]
[1617296190.1965497, 1617296192.8964052]
[1617296190.0057132, 1617296192.706967]
[1617296190.0840287, 1617296192.7888358]
[1617296190.3365724, 1617296193.0331092]
[1617296190.0807335, 1617296192.779325]
[1617296190.406574, 1617296193.1315958]
[1617296190.2481198, 1617296192.9282002]
[1617296190.490533, 1617296193.2041187]
[1617296190.6853988, 1617296193.3909173]
[1617296190.4946058, 1617296193.2255912]
[1617296190.3058245, 1617296193.014909]
[1617296190.593717, 1617296193.3410745]
[1617296190.658417, 1617296193.3936775]
[1617296190.6657932, 1617296193.3586955]
[1617296190.6466212, 1617296193.3538141]
[1617296190.5723984, 1617296193.2912931]
[1617296191.1108484, 1617296193.8725226]
[1617296190.9177165, 1617296193.6439822]
[1617296190.7624054, 1617296193.4911401]
[1617296190.822813, 1617296193.570176]
[1617296191.0046055, 1617296193.7253017]
[1617296191.0972292, 1617296193.8072455]
[1617296191.1450639, 1617296193.8558047]
[1617296191.251055, 1617296193.9581056]
[1617296191.2361436, 1617296193.9962137]
[1617296191.245345, 1617296193.9729972]
[1617296191.2160993, 1617296193.9878147]
[1617296191.3571844, 1617296194.0788293]
[1617296191.364212, 1617296194.048175]
[1617296191.4694607, 1617296194.1774156]
[1617296191.6280065, 1617296194.3566802]
[1617296191.543554, 1617296194.2937965]
[1617296191.6350384, 1617296194.3571866]
[1617296191.469104, 1617296194.1729558]
[1617296191.686273, 1617296194.4500723]
[1617296191.6131985, 1617296194.3460853]
[1617296191.8785725, 1617296194.626114]
[1617296191.783405, 1617296194.4963953]
[1617296191.9374816, 1617296194.6448255]
[1617296192.002828, 1617296194.6969056]
[1617296192.1399317, 1617296194.8548224]
[1617296192.1541932, 1617296194.9345887]
[1617296192.343993, 1617296195.0435224]
[1617296192.330245, 1617296195.0745022]
[1617296192.3033369, 1617296195.0334983]
[1617296192.2625434, 1617296194.9792523]
[1617296192.2707596, 1617296195.0321143]
[1617296192.3694777, 1617296195.1446955]
[1617296192.336073, 1617296195.0638835]
[1617296192.6658657, 1617296195.3670645]
[1617296192.393722, 1617296195.1114242]
[1617296192.524426, 1617296195.2859101]
[1617296192.5912507, 1617296195.2906847]
[1617296192.6039393, 1617296195.4134517]
[1617296192.9906034, 1617296195.7107773]
[1617296192.762755, 1617296195.4724026]
[1617296192.8178127, 1617296195.5684028]
[1617296192.8726046, 1617296195.5786226]
[1617296192.646534, 1617296195.3610022]
[1617296192.9449632, 1617296195.6425185]
[1617296193.0801818, 1617296195.783673]
[1617296193.2045221, 1617296195.921798]
[1617296193.4076922, 1617296196.145694]
[1617296193.302778, 1617296196.0169904]
[1617296193.2588034, 1617296195.9897234]
[1617296193.0755107, 1617296195.7870214]
[1617296193.4901748, 1617296196.1978865]
[1617296193.3378675, 1617296196.033657]
[1617296193.2211254, 1617296195.9207067]
[1617296193.4164224, 1617296196.1238322]
[1617296193.4535873, 1617296196.1487195]
[1617296193.5327563, 1617296196.2589893]
[1617296193.6014059, 1617296196.3554358]
[1617296193.6980112, 1617296196.4171488]
[1617296193.5649512, 1617296196.274869]
[1617296193.5493355, 1617296196.2966483]
[1617296193.6695938, 1617296196.3883176]
[1617296193.8207655, 1617296196.547661]
[1617296193.7568662, 1617296196.481369]
[1617296193.7700803, 1617296196.491585]
[1617296193.923213, 1617296196.6365201]
[1617296193.922238, 1617296196.652275]
[1617296193.8305912, 1617296196.5232596]
[1617296194.0259452, 1617296196.7487137]
[1617296194.1666086, 1617296196.90579]
[1617296194.356781, 1617296197.1110146]
[1617296194.4850502, 1617296197.314706]
[1617296194.487826, 1617296197.2253578]
[1617296194.5348268, 1617296197.3940046]
[1617296194.238617, 1617296196.9462552]
[1617296194.235105, 1617296196.9474256]
[1617296194.2570379, 1617296196.9448912]
[1617296194.6189165, 1617296197.3621085]
[1617296194.3080118, 1617296197.0378323]
[1617296194.664892, 1617296197.4057684]
[1617296194.7006388, 1617296197.4647775]
[1617296194.4892654, 1617296197.1857455]
[1617296194.6833446, 1617296197.4012363]
[1617296194.7837276, 1617296197.4799433]
[1617296194.8748071, 1617296197.5848854]
[1617296194.9860766, 1617296197.6992836]
[1617296194.8219235, 1617296197.5268662]
[1617296194.9210725, 1617296197.6552272]
[1617296194.8412893, 1617296197.5778959]
[1617296195.2686117, 1617296198.0274482]
[1617296195.2734022, 1617296197.9775093]
[1617296195.1596727, 1617296197.8826761]
[1617296195.179818, 1617296197.952881]
[1617296195.1309047, 1617296197.837813]
[1617296195.211308, 1617296197.9465547]
[1617296195.3100846, 1617296198.0116844]
[1617296195.2203093, 1617296197.9139488]
[1617296195.3895955, 1617296198.0951717]
[1617296195.605964, 1617296198.3581076]
[1617296195.4796586, 1617296198.1875796]
[1617296195.5577815, 1617296198.2679725]
[1617296195.592539, 1617296198.297531]
[1617296195.7168186, 1617296198.4188263]
[1617296195.6677694, 1617296198.347531]
[1617296195.7738512, 1617296198.536608]
[1617296195.779361, 1617296198.5049667]
[1617296195.7460687, 1617296198.4562817]
[1617296195.5046666, 1617296198.2856853]
[1617296195.8549106, 1617296198.5424044]
[1617296195.7566018, 1617296198.508621]
[1617296195.9403021, 1617296198.705282]
[1617296196.082713, 1617296198.7978723]
[1617296196.1278048, 1617296198.8408282]
[1617296196.217246, 1617296198.92589]
[1617296196.3447042, 1617296199.126439]
[1617296196.3885338, 1617296199.1459277]
[1617296196.1488576, 1617296198.8482797]
[1617296195.955544, 1617296198.6510253]
[1617296196.2801657, 1617296198.990324]
[1617296196.3224604, 1617296199.0886366]
[1617296196.5532298, 1617296199.2321568]
[1617296196.4698987, 1617296199.2331002]
[1617296196.8109293, 1617296199.5634882]
[1617296196.7537475, 1617296199.4666085]
[1617296196.548526, 1617296199.2397296]
[1617296196.6413348, 1617296199.4281707]
[1617296196.7026203, 1617296199.4057837]
[1617296196.6757336, 1617296199.4344745]
[1617296196.9708796, 1617296199.6863358]
[1617296196.7246475, 1617296199.4565513]
[1617296197.2459233, 1617296199.9786756]
[1617296197.1096504, 1617296199.821882]
[1617296197.1035106, 1617296199.8676805]
[1617296196.9218967, 1617296199.6361282]
[1617296197.1121173, 1617296199.800347]
[1617296197.2271588, 1617296199.9269395]
[1617296197.3655722, 1617296200.101056]
[1617296197.49566, 1617296200.185605]
[1617296197.16812, 1617296199.9139366]
[1617296197.260016, 1617296199.962432]
[1617296197.3432736, 1617296200.0996306]
[1617296197.4294894, 1617296200.1518562]
[1617296197.7088597, 1617296200.420394]
[1617296197.4377801, 1617296200.1548717]
[1617296197.5900378, 1617296200.315132]
[1617296197.5153575, 1617296200.2736168]
[1617296197.63901, 1617296200.3764641]
[1617296197.7859712, 1617296200.5312445]
[1617296197.7617638, 1617296200.4711857]
[1617296198.0132556, 1617296200.77602]
[1617296197.705857, 1617296200.464981]
[1617296197.8955295, 1617296200.6440248]
[1617296197.9143531, 1617296200.6843011]
[1617296197.9591808, 1617296200.664196]
[1617296197.9019341, 1617296200.6163313]
[1617296197.817617, 1617296200.5809507]
[1617296198.3959546, 1617296201.1709726]
[1617296198.3508604, 1617296201.061723]
[1617296198.1396601, 1617296200.843997]
[1617296198.7007265, 1617296201.3957393]
[1617296198.2942688, 1617296201.110404]
[1617296198.308026, 1617296201.0166554]
[1617296198.4105241, 1617296201.108692]
[1617296198.9493487, 1617296201.665553]
[1617296198.6594634, 1617296201.353843]
[1617296199.0567002, 1617296201.7587626]
[1617296198.9408991, 1617296201.652208]
[1617296198.7619288, 1617296201.479732]
[1617296198.9899435, 1617296201.7216575]
[1617296198.8345504, 1617296201.5748584]
[1617296198.8164897, 1617296201.5248098]
[1617296198.8961024, 1617296201.5972302]
[1617296198.7075562, 1617296201.4457777]
[1617296199.1052213, 1617296201.874454]
[1617296199.2267554, 1617296201.9233572]
[1617296199.3230135, 1617296202.0143373]
[1617296199.1513994, 1617296201.8703327]
[1617296199.2178733, 1617296201.9301722]
[1617296199.2726102, 1617296201.9551136]
[1617296199.4412098, 1617296202.188677]
[1617296199.1631024, 1617296201.917363]
[1617296199.4147346, 1617296202.1243331]
[1617296199.5525322, 1617296202.2716079]
[1617296199.5276105, 1617296202.2410035]
[1617296199.3727574, 1617296202.1055648]
[1617296199.598305, 1617296202.3345525]
[1617296199.8592064, 1617296202.5455358]
[1617296199.305706, 1617296202.0325193]
[1617296199.7606394, 1617296202.4927652]
[1617296199.922365, 1617296202.681228]
[1617296199.9437752, 1617296202.6471977]
[1617296199.844702, 1617296202.5669265]
[1617296199.990955, 1617296202.7279701]
[1617296200.2388513, 1617296202.9653041]
[1617296200.16484, 1617296202.8869662]
[1617296200.1467261, 1617296202.8956978]
[1617296200.2883134, 1617296203.038598]
[1617296200.430266, 1617296203.1508708]
[1617296200.2536526, 1617296203.0405674]
[1617296200.4106264, 1617296203.1402469]
[1617296200.312327, 1617296203.0481684]
[1617296200.254102, 1617296202.965091]
[1617296200.1952422, 1617296202.891628]
[1617296200.3864067, 1617296203.1113138]
[1617296200.2646005, 1617296203.0169268]
[1617296200.4948041, 1617296203.1981022]
[1617296200.3891087, 1617296203.1019702]
[1617296200.7408447, 1617296203.4743168]
[1617296200.6205635, 1617296203.36994]
[1617296200.84182, 1617296203.5595639]
[1617296200.866437, 1617296203.5944397]
[1617296200.9275894, 1617296203.6388466]
[1617296200.912526, 1617296203.632113]
[1617296201.0042362, 1617296203.725986]
[1617296201.0810666, 1617296203.8041525]
[1617296200.8659952, 1617296203.5830033]
[1617296201.1889145, 1617296203.9750621]
[1617296200.9508317, 1617296203.6687994]
[1617296201.0597434, 1617296203.7614992]
[1617296201.1758547, 1617296203.911238]
[1617296201.263113, 1617296203.9495108]
[1617296201.361881, 1617296204.056935]
[1617296201.6751497, 1617296204.3968108]
[1617296201.741405, 1617296204.4264991]
[1617296201.398859, 1617296204.1678386]
[1617296201.5411878, 1617296204.2429426]
[1617296201.3995833, 1617296204.102443]
[1617296201.7356825, 1617296204.4597185]
[1617296201.6211336, 1617296204.3222668]
[1617296201.5820258, 1617296204.3540726]
[1617296201.5942316, 1617296204.3628323]
[1617296201.6744773, 1617296204.3839552]
[1617296201.7159653, 1617296204.4372022]
[1617296201.887865, 1617296204.627731]
[1617296201.8760498, 1617296204.5933537]
[1617296201.8924174, 1617296204.6454394]
[1617296202.0634842, 1617296204.7849014]
[1617296202.1369941, 1617296204.8431652]
[1617296202.1569858, 1617296204.8597877]
[1617296202.1094975, 1617296204.8614578]
[1617296202.281828, 1617296204.9988391]
[1617296202.3631895, 1617296205.1081283]
[1617296202.5463414, 1617296205.2650948]
[1617296202.4184356, 1617296205.1166162]
[1617296202.2113144, 1617296204.9518063]
[1617296202.3932567, 1617296205.099618]
[1617296202.5119488, 1617296205.2199576]
[1617296202.5510876, 1617296205.2372475]
[1617296202.7360945, 1617296205.477099]
[1617296202.6161225, 1617296205.3428082]
[1617296202.8619556, 1617296205.591829]
[1617296202.6982646, 1617296205.426683]
[1617296202.9056497, 1617296205.686205]
[1617296202.9895093, 1617296205.7137384]
[1617296202.7255096, 1617296205.4297562]
[1617296202.845719, 1617296205.5524397]
[1617296202.9450574, 1617296205.634089]
[1617296203.0722141, 1617296205.8248625]
[1617296203.037877, 1617296205.7655692]
[1617296203.0669034, 1617296205.7799592]
[1617296203.1902916, 1617296205.9044907]
[1617296203.309854, 1617296206.0367746]
[1617296203.302746, 1617296206.0343952]
[1617296203.2300406, 1617296205.935717]
[1617296203.459193, 1617296206.2083201]
[1617296203.4057925, 1617296206.11501]
[1617296203.4592364, 1617296206.1565857]
[1617296203.8209598, 1617296206.55051]
[1617296203.4051118, 1617296206.153274]
[1617296203.88405, 1617296206.5945103]
[1617296203.9785316, 1617296206.6616766]
[1617296204.0256162, 1617296206.74946]
[1617296203.682041, 1617296206.4081745]
[1617296204.13288, 1617296206.8364651]
[1617296204.0556767, 1617296206.8158193]
[1617296203.763749, 1617296206.4778092]
[1617296203.9264958, 1617296206.6776228]
[1617296203.9899423, 1617296206.760231]
[1617296204.0772781, 1617296206.7757623]
[1617296204.2068663, 1617296206.9279408]
[1617296204.27401, 1617296206.9990213]
[1617296204.254157, 1617296206.9579663]
[1617296204.4509566, 1617296207.1737082]
[1617296204.3864949, 1617296207.1112819]
[1617296204.291963, 1617296207.0609305]
[1617296204.2569199, 1617296206.95868]
[1617296204.293283, 1617296207.0169582]
[1617296204.5734658, 1617296207.3008232]
[1617296204.4140987, 1617296207.1914043]
[1617296204.6596355, 1617296207.3894083]
[1617296204.405078, 1617296207.1118143]
[1617296204.4042368, 1617296207.1212869]
[1617296204.6703873, 1617296207.4312956]
[1617296204.6308277, 1617296207.3331368]
[1617296205.0814645, 1617296207.7924206]
[1617296204.9710233, 1617296207.8129478]
[1617296205.0597513, 1617296207.7694292]
[1617296205.009355, 1617296207.7271094]
[1617296205.1157973, 1617296207.8805003]
[1617296205.0347273, 1617296207.7210567]
[1617296205.2373142, 1617296207.9505045]
[1617296205.2046125, 1617296207.9163134]
[1617296205.2783525, 1617296207.998416]
[1617296205.1904767, 1617296207.8832734]
[1617296205.4398053, 1617296208.174664]
[1617296205.4405081, 1617296208.1529877]
[1617296205.378782, 1617296208.106082]
[1617296205.3701794, 1617296208.1006339]
[1617296205.3091843, 1617296208.0114255]
[1617296205.5576346, 1617296208.2557747]
[1617296205.550379, 1617296208.3159325]
[1617296205.734256, 1617296208.4621236]
[1617296205.6147187, 1617296208.3164682]
[1617296205.5569677, 1617296208.2423491]
[1617296205.6061466, 1617296208.3412278]
[1617296205.7359674, 1617296208.4788933]
[1617296205.749355, 1617296208.45017]
[1617296205.757807, 1617296208.4686027]
[1617296206.1159854, 1617296208.841806]
[1617296205.8660321, 1617296208.626314]
[1617296205.9799576, 1617296208.6821575]
[1617296206.0323849, 1617296208.741209]
[1617296206.1666896, 1617296208.8960116]
[1617296206.1193252, 1617296208.8465986]
[1617296206.181108, 1617296208.9511616]
[1617296206.3903303, 1617296209.11074]
[1617296206.034456, 1617296208.7542949]
[1617296206.1518435, 1617296208.862265]
[1617296206.4427047, 1617296209.1604378]
[1617296206.3318784, 1617296209.0666397]
[1617296206.0921297, 1617296208.8045032]
[1617296206.0692496, 1617296208.7850459]
[1617296206.5375113, 1617296209.3146484]
[1617296206.3442695, 1617296209.0723956]
[1617296206.5789828, 1617296209.3229086]
[1617296206.4770312, 1617296209.182042]
[1617296206.6121392, 1617296209.3201284]
[1617296206.6769905, 1617296209.363953]
[1617296206.6347156, 1617296209.3518817]
[1617296206.7328813, 1617296209.4747517]
[1617296206.848408, 1617296209.5777793]
[1617296207.0226371, 1617296209.7482352]
[1617296207.2066746, 1617296209.9206357]
[1617296207.3256745, 1617296210.0499907]
[1617296206.8588483, 1617296209.5940247]
[1617296207.200157, 1617296209.9418616]
[1617296207.0645046, 1617296209.7886252]
[1617296207.191611, 1617296209.9200013]
[1617296207.2223082, 1617296209.966943]
[1617296207.541756, 1617296210.2790453]
[1617296207.1465063, 1617296209.8668659]
[1617296207.2447798, 1617296209.9478776]
[1617296207.2188864, 1617296209.9459167]
[1617296207.5701396, 1617296210.3009782]
[1617296207.6502883, 1617296210.3707001]
[1617296207.8324933, 1617296210.5857475]
[1617296207.8100877, 1617296210.5302713]
[1617296207.6287532, 1617296210.344443]
[1617296207.7297754, 1617296210.4372456]
[1617296207.6992707, 1617296210.4318824]
[1617296207.7733998, 1617296210.4900455]
[1617296207.893672, 1617296210.5908854]
[1617296207.8656278, 1617296210.5698912]
[1617296207.7910752, 1617296210.5020137]
[1617296207.9568062, 1617296210.6623385]
[1617296208.1568818, 1617296210.882138]
[1617296208.0197408, 1617296210.7124119]
[1617296208.3622558, 1617296211.099329]
[1617296208.5540226, 1617296211.2735314]
[1617296208.351487, 1617296211.1279793]
[1617296208.3998125, 1617296211.1121423]
[1617296208.351151, 1617296211.060378]
[1617296208.3125834, 1617296211.0087812]
[1617296208.5370653, 1617296211.2645557]
[1617296208.4649906, 1617296211.1801746]
[1617296208.553187, 1617296211.2828243]
[1617296208.5928297, 1617296211.327646]
[1617296208.7089586, 1617296211.4168622]
[1617296208.7988825, 1617296211.5312731]
[1617296208.7125752, 1617296211.4540079]
[1617296208.8130803, 1617296211.532797]
[1617296208.6244848, 1617296211.3265147]
[1617296208.996036, 1617296211.7166655]
[1617296208.7937014, 1617296211.588291]
[1617296208.8842788, 1617296211.586214]
[1617296208.9054756, 1617296211.6004682]
[1617296208.9802644, 1617296211.7324357]
[1617296208.9473586, 1617296211.6822984]
[1617296209.1556191, 1617296211.8627796]
[1617296209.1785636, 1617296211.8963747]
[1617296209.4519808, 1617296212.1987107]
[1617296209.3823175, 1617296212.0730624]
[1617296209.3243856, 1617296212.0602531]
[1617296209.493498, 1617296212.23464]
[1617296209.6892035, 1617296212.4672194]
[1617296209.4732668, 1617296212.1762822]
[1617296209.3989875, 1617296212.1042488]
[1617296209.614852, 1617296212.3157587]
[1617296209.5298142, 1617296212.2398057]
[1617296209.6088378, 1617296212.3340878]
[1617296209.6716974, 1617296212.3915625]
[1617296209.7974966, 1617296212.5239794]
[1617296209.789771, 1617296212.511252]
[1617296210.0392923, 1617296212.76516]
[1617296210.0160282, 1617296212.729809]
[1617296209.8077233, 1617296212.517814]
[1617296210.0489073, 1617296212.7862341]
[1617296210.002293, 1617296212.7551093]
[1617296210.102088, 1617296212.824468]
[1617296210.1023357, 1617296212.812007]
[1617296210.1762333, 1617296212.8899744]
[1617296210.2852752, 1617296213.0454028]
[1617296210.315584, 1617296213.0361178]
[1617296210.2164886, 1617296212.9607458]
[1617296210.3347092, 1617296213.051617]
[1617296210.3321273, 1617296213.055853]
[1617296210.4695587, 1617296213.1351297]
[1617296210.438428, 1617296213.171797]
[1617296210.5220513, 1617296213.2256284]
[1617296210.5747313, 1617296213.2803974]
[1617296210.6936765, 1617296213.3751724]
[1617296210.6774862, 1617296213.382971]
[1617296210.6977603, 1617296213.4262297]
[1617296210.853282, 1617296213.5566003]
[1617296210.814683, 1617296213.5230083]
[1617296210.953207, 1617296213.6525102]
[1617296210.9395897, 1617296213.6674786]
[1617296210.9252903, 1617296213.6665735]
[1617296211.1887045, 1617296213.905762]
[1617296211.2014763, 1617296213.943802]
[1617296211.090961, 1617296213.8013482]
[1617296211.057693, 1617296213.7658305]
[1617296211.222352, 1617296213.915031]
[1617296211.0516193, 1617296213.7559943]
[1617296211.4018142, 1617296214.156716]
[1617296211.3417125, 1617296214.044271]
[1617296211.4735126, 1617296214.234113]
[1617296211.4549453, 1617296214.1641397]
[1617296211.564394, 1617296214.2696757]
[1617296211.5230293, 1617296214.2542992]
[1617296211.5237536, 1617296214.2367835]
[1617296211.34039, 1617296214.0769105]
[1617296211.6360505, 1617296214.3399525]
[1617296211.657219, 1617296214.3723686]
[1617296211.6539097, 1617296214.388475]
[1617296211.8298123, 1617296214.5713]
[1617296211.8517077, 1617296214.6054988]
[1617296212.0231836, 1617296214.757041]
[1617296211.8959224, 1617296214.6038175]
[1617296212.0017986, 1617296214.7213302]
[1617296212.1167846, 1617296214.8124046]
[1617296212.026893, 1617296214.751679]
[1617296212.1655989, 1617296214.889966]
[1617296212.1589155, 1617296214.8741617]
[1617296212.4096882, 1617296215.1090336]
[1617296212.301963, 1617296215.0421474]
[1617296212.12707, 1617296214.8140798]
[1617296212.2949889, 1617296214.9951231]
[1617296212.4957397, 1617296215.248185]
[1617296212.4094224, 1617296215.168215]
[1617296212.4424524, 1617296215.1414077]
[1617296212.7046802, 1617296215.421634]
[1617296212.5845168, 1617296215.2955356]
[1617296212.5573256, 1617296215.2823086]
[1617296212.7470062, 1617296215.4571407]
[1617296212.59492, 1617296215.3195822]
[1617296212.9927268, 1617296215.7139015]
[1617296212.6493964, 1617296215.3977265]
[1617296212.8849761, 1617296215.6071904]
[1617296212.7811742, 1617296215.5458574]
[1617296212.7953882, 1617296215.5324602]
[1617296213.2478676, 1617296215.9502397]
[1617296213.1159854, 1617296215.8568952]
[1617296213.2696416, 1617296215.985462]
[1617296213.063593, 1617296215.7931406]
[1617296213.231378, 1617296215.9588056]
[1617296213.172229, 1617296215.8393192]
[1617296213.452798, 1617296216.1649408]
[1617296213.0911725, 1617296215.802328]
[1617296213.5177045, 1617296216.213179]
[1617296213.4394152, 1617296216.1656203]
[1617296213.590034, 1617296216.2882106]
[1617296213.3274968, 1617296216.0298686]
[1617296213.473879, 1617296216.2013657]
[1617296213.4553337, 1617296216.1535857]
[1617296213.6718564, 1617296216.3763893]
[1617296213.729492, 1617296216.4624577]
[1617296213.7508237, 1617296216.473162]
[1617296213.912125, 1617296216.6384087]
[1617296214.0430357, 1617296216.7474968]
[1617296213.7623127, 1617296216.4613743]
[1617296213.9430695, 1617296216.631646]
[1617296213.9720733, 1617296216.713836]
[1617296214.1476061, 1617296216.8946664]
[1617296214.0599034, 1617296216.7827942]
[1617296214.0082018, 1617296216.7452505]
[1617296214.3504133, 1617296217.0484593]
[1617296214.4667907, 1617296217.1738725]
[1617296214.4273548, 1617296217.1318886]
[1617296214.4489236, 1617296217.1796825]
[1617296214.4284337, 1617296217.163289]
[1617296214.4688225, 1617296217.2072432]
[1617296214.3748362, 1617296217.1148074]
[1617296214.6258924, 1617296217.335692]
[1617296214.615017, 1617296217.33525]
[1617296214.907761, 1617296217.5934849]
[1617296214.6730547, 1617296217.3804812]
[1617296214.676964, 1617296217.4053483]
[1617296214.7308807, 1617296217.447711]
[1617296214.6264372, 1617296217.3658154]
[1617296215.0324662, 1617296217.7503734]
[1617296214.8793426, 1617296217.6087527]
[1617296215.010677, 1617296217.7136254]
[1617296215.134384, 1617296217.8504105]
[1617296215.303487, 1617296218.032406]
[1617296214.8982675, 1617296217.6290653]
[1617296215.0878968, 1617296217.8254182]
[1617296215.0772486, 1617296217.812205]
[1617296215.299137, 1617296218.0233657]
[1617296215.1994386, 1617296217.9264576]
[1617296215.417144, 1617296218.1574872]
[1617296215.433106, 1617296218.1379554]
[1617296215.3950357, 1617296218.1263433]
[1617296215.541559, 1617296218.3104317]
[1617296215.4910183, 1617296218.1951694]
[1617296215.586427, 1617296218.3036797]
[1617296215.532234, 1617296218.2901464]
[1617296215.892076, 1617296218.6623268]
[1617296215.7288294, 1617296218.4696133]
[1617296215.8143709, 1617296218.5190597]
[1617296215.762307, 1617296218.4841309]
[1617296215.7310216, 1617296218.4575758]
[1617296215.7020473, 1617296218.4262922]
[1617296215.9354253, 1617296218.6256874]
[1617296215.8366892, 1617296218.5416367]
[1617296215.9843807, 1617296218.7292438]
[1617296216.0462897, 1617296218.7573185]
[1617296216.0671682, 1617296218.772024]
[1617296216.0099342, 1617296218.7295048]
[1617296216.1631756, 1617296218.8476572]
[1617296216.1578987, 1617296218.8732688]
[1617296216.1037865, 1617296218.7959545]
[1617296216.3336663, 1617296219.031294]
[1617296216.1621733, 1617296218.9053388]
[1617296216.148978, 1617296218.8930137]
[1617296216.2059004, 1617296218.9182518]
[1617296216.4042945, 1617296219.1094031]
[1617296216.2689455, 1617296219.0026474]
[1617296216.2186375, 1617296218.9318745]
[1617296216.5732925, 1617296219.286624]
[1617296216.4907722, 1617296219.2199774]
[1617296216.4805412, 1617296219.2052374]
[1617296216.550529, 1617296219.2537744]
[1617296216.7481499, 1617296219.4773855]
[1617296216.695747, 1617296219.4019098]
[1617296216.723094, 1617296219.442855]
[1617296216.8226292, 1617296219.5547607]
[1617296216.6278353, 1617296219.3780088]
[1617296216.934169, 1617296219.6659153]
[1617296216.6804552, 1617296219.382682]
[1617296216.9094844, 1617296219.6440935]
[1617296216.9396348, 1617296219.6712878]
[1617296216.8136523, 1617296219.5102866]
[1617296217.0784242, 1617296219.8163986]
[1617296216.9449189, 1617296219.6983612]
[1617296216.9135752, 1617296219.614658]
[1617296217.0044777, 1617296219.7017891]
[1617296217.2122083, 1617296219.9281082]
[1617296217.0263894, 1617296219.7552946]
[1617296217.1894388, 1617296219.917303]
[1617296217.2227278, 1617296219.9501941]
[1617296217.1514847, 1617296219.8614297]
[1617296217.2000732, 1617296219.9033127]
[1617296217.172316, 1617296219.9221973]
[1617296217.228968, 1617296219.9733946]
[1617296217.1339128, 1617296219.8480415]
[1617296217.2110925, 1617296219.914606]
[1617296217.27273, 1617296220.0137222]
[1617296217.472421, 1617296220.190127]
[1617296217.4133437, 1617296220.1689205]
[1617296217.414363, 1617296220.138688]
[1617296217.5261545, 1617296220.296135]
[1617296217.5897005, 1617296220.2964516]
[1617296217.5263903, 1617296220.2324693]
[1617296217.7084725, 1617296220.406304]
[1617296217.5861416, 1617296220.284449]
[1617296217.5471725, 1617296220.3152988]
[1617296217.678935, 1617296220.407339]
[1617296217.7796423, 1617296220.5696664]
[1617296217.8949194, 1617296220.604418]
[1617296217.6341784, 1617296220.3486328]
[1617296217.839028, 1617296220.594979]
[1617296217.8719194, 1617296220.56796]
[1617296217.8844552, 1617296220.6303117]
[1617296217.7723572, 1617296220.4709136]
[1617296217.9178076, 1617296220.609699]
[1617296218.0647736, 1617296220.790051]
[1617296217.926564, 1617296220.6564796]
[1617296218.0311866, 1617296220.7626848]
[1617296218.1982608, 1617296220.936305]
[1617296218.1250575, 1617296220.8748267]
[1617296218.0509076, 1617296220.7615998]
[1617296218.2354212, 1617296220.9837625]
[1617296218.211589, 1617296220.9155471]
[1617296218.3584638, 1617296221.043814]
[1617296218.4012039, 1617296221.1241276]
[1617296218.2348294, 1617296220.9727342]
[1617296218.230696, 1617296220.9509535]
[1617296218.2259505, 1617296220.964502]
[1617296218.3434944, 1617296221.0562005]
[1617296218.3495834, 1617296221.085346]
[1617296218.2946494, 1617296221.069056]
[1617296218.4179301, 1617296221.1502051]
[1617296218.4482307, 1617296221.184245]
[1617296218.4812105, 1617296221.2041447]
[1617296218.5372863, 1617296221.2661357]
[1617296218.5158732, 1617296221.249372]
[1617296218.3613663, 1617296221.064467]
[1617296218.5740454, 1617296221.2773721]
[1617296218.3323007, 1617296221.0823467]
[1617296218.5491495, 1617296221.265782]
[1617296218.4442103, 1617296221.1670501]
[1617296218.6053913, 1617296221.3080904]
[1617296218.6502771, 1617296221.3326838]
[1617296218.6328423, 1617296221.356162]
[1617296218.6510077, 1617296221.3995767]
[1617296218.8778331, 1617296221.568632]
[1617296218.7218707, 1617296221.4675245]
[1617296218.7242286, 1617296221.4229982]
[1617296218.9871857, 1617296221.7295597]
[1617296218.804578, 1617296221.501444]
[1617296218.854898, 1617296221.5582569]
[1617296218.8691719, 1617296221.584221]
[1617296218.8142803, 1617296221.5149465]
[1617296218.9972768, 1617296221.7162526]
[1617296218.8192694, 1617296221.5498774]
[1617296218.9636195, 1617296221.6867611]
[1617296218.9928083, 1617296221.7279499]
[1617296218.8177385, 1617296221.5147834]
[1617296219.065167, 1617296221.7710564]
[1617296219.0526314, 1617296221.758115]
[1617296218.942013, 1617296221.6497781]
[1617296219.0646408, 1617296221.7602901]
[1617296219.1057296, 1617296221.8087616]
[1617296219.005221, 1617296221.6890795]
[1617296219.027393, 1617296221.7455502]
[1617296219.011068, 1617296221.7455432]
[1617296219.288489, 1617296222.0020344]
[1617296219.2464623, 1617296221.9698765]
[1617296219.1551378, 1617296221.864882]
[1617296219.282756, 1617296221.9853265]
[1617296219.1786833, 1617296221.899329]
[1617296219.2847166, 1617296222.0028296]
[1617296219.2576005, 1617296221.983198]
[1617296219.3785179, 1617296222.0931435]
[1617296219.5339103, 1617296222.2455173]
[1617296219.492653, 1617296222.244298]
[1617296219.239379, 1617296221.9889348]
[1617296219.4067984, 1617296222.1336842]
[1617296219.3521237, 1617296222.0914288]
[1617296219.421802, 1617296222.1550722]
[1617296219.3246787, 1617296222.0328975]
[1617296219.4036915, 1617296222.1634982]
[1617296219.4407814, 1617296222.1588776]
[1617296219.4852042, 1617296222.1957815]
[1617296219.5948193, 1617296222.2875085]
[1617296219.5898857, 1617296222.295154]
[1617296219.5938203, 1617296222.3346677]
[1617296219.634741, 1617296222.3129277]
[1617296219.433485, 1617296222.1279097]
[1617296219.7199168, 1617296222.4805534]
[1617296219.624696, 1617296222.3220196]
[1617296219.542798, 1617296222.2763128]
[1617296219.6540093, 1617296222.3964682]
[1617296219.5199075, 1617296222.241909]
[1617296219.5644019, 1617296222.2739189]
[1617296219.611697, 1617296222.33595]
[1617296219.674576, 1617296222.3953948]
[1617296219.5989513, 1617296222.3420217]
[1617296219.8824344, 1617296222.6005979]
[1617296219.50048, 1617296222.2203019]
[1617296219.672297, 1617296222.4941409]
[1617296219.6329696, 1617296222.335494]
[1617296219.7819686, 1617296222.5231683]
[1617296219.792122, 1617296222.5011263]
[1617296219.6593857, 1617296222.3759844]
[1617296219.687124, 1617296222.3911533]
[1617296219.9173024, 1617296222.6505554]
[1617296219.921238, 1617296222.6567504]
[1617296219.7660313, 1617296222.507154]
[1617296219.8573039, 1617296222.679507]
[1617296219.7859178, 1617296222.4745235]
[1617296219.906746, 1617296222.6042871]
[1617296219.6232796, 1617296222.342871]
[1617296219.6695535, 1617296222.3923895]
[1617296219.7779891, 1617296222.5056522]
[1617296219.9448783, 1617296222.654917]
[1617296219.795747, 1617296222.5019553]
[1617296219.7299771, 1617296222.4482682]
[1617296219.8972268, 1617296222.597145]
[1617296219.8198361, 1617296222.5474713]
[1617296219.9836168, 1617296222.7163348]
[1617296219.9715157, 1617296222.6846328]
[1617296219.964552, 1617296222.6926334]
[1617296219.7973068, 1617296222.5408354]
[1617296219.8483396, 1617296222.5898895]
[1617296219.898049, 1617296222.629325]
[1617296219.8080957, 1617296222.5199516]
[1617296219.6970458, 1617296222.4019134]
[1617296219.991798, 1617296222.7347527]
[1617296219.919991, 1617296222.6736453]
[1617296219.8951294, 1617296222.6502328]
[1617296219.8978755, 1617296222.5998535]
[1617296219.8662634, 1617296222.5774865]
[1617296219.8250072, 1617296222.5311654]
[1617296219.9154632, 1617296222.6281748]
[1617296219.9457874, 1617296222.6734018]
[1617296219.9854944, 1617296222.7263668]
[1617296219.9679995, 1617296222.6888285]
[1617296219.863891, 1617296222.585587]
[1617296219.8138528, 1617296222.5108614]
[1617296219.9439216, 1617296222.7143419]
[1617296219.9545786, 1617296222.6175494]
[1617296220.0005565, 1617296222.6985946]
[1617296220.0217886, 1617296222.7547503]
[1617296220.017188, 1617296222.7865286]
[1617296220.0292149, 1617296222.753112]
[1617296220.0474522, 1617296222.7407176]
[1617296219.9018776, 1617296222.6301095]
[1617296219.9482875, 1617296222.688413]
[1617296219.9564126, 1617296222.716177]
[1617296219.9920256, 1617296222.7068708]
[1617296220.0223534, 1617296222.752782]
[1617296220.0746331, 1617296222.766471]
[1617296220.0421321, 1617296222.7776592]
