[1616945466.0969307, 1616945468.8619092]
[1616945465.9767463, 1616945468.7248278]
[1616945466.4089265, 1616945469.1578693]
[1616945466.4536777, 1616945469.2005599]
[1616945466.337252, 1616945469.0924885]
[1616945466.449815, 1616945469.1849186]
[1616945466.7206683, 1616945469.4536378]
[1616945466.288187, 1616945469.0593913]
[1616945466.40023, 1616945469.1553228]
[1616945466.33864, 1616945469.086714]
[1616945466.1916988, 1616945468.965986]
[1616945466.89387, 1616945469.632994]
[1616945466.5257115, 1616945469.2670786]
[1616945466.4693227, 1616945469.201451]
[1616945466.5491395, 1616945469.3148878]
[1616945466.2096748, 1616945468.943247]
[1616945466.9536924, 1616945469.6652498]
[1616945466.613067, 1616945469.324128]
[1616945466.2755497, 1616945469.023446]
[1616945466.7576642, 1616945469.490911]
[1616945466.6632466, 1616945469.4112017]
[1616945467.05447, 1616945469.7581382]
[1616945467.3863711, 1616945470.099215]
[1616945467.01648, 1616945469.7432437]
[1616945467.672118, 1616945470.347452]
[1616945467.8707662, 1616945470.548685]
[1616945467.346263, 1616945470.0377345]
[1616945467.6649477, 1616945470.4127982]
[1616945467.5797935, 1616945470.2549086]
[1616945468.0007474, 1616945470.6983123]
[1616945467.7812564, 1616945470.4536877]
[1616945468.2969916, 1616945471.0114322]
[1616945468.6765702, 1616945471.4156156]
[1616945468.3796365, 1616945471.1047792]
[1616945467.939839, 1616945470.640612]
[1616945468.0805297, 1616945470.8241544]
[1616945468.3647974, 1616945471.1012118]
[1616945468.4390771, 1616945471.1610446]
[1616945468.2289953, 1616945470.951707]
[1616945468.4527936, 1616945471.1567402]
[1616945468.13171, 1616945470.855833]
[1616945468.7806969, 1616945471.4701543]
[1616945469.1508136, 1616945471.8647637]
[1616945468.9510543, 1616945471.6512456]
[1616945468.6898034, 1616945471.410842]
[1616945468.9770606, 1616945471.7020288]
[1616945468.915324, 1616945471.6437361]
[1616945469.276776, 1616945471.9853246]
[1616945469.1774454, 1616945471.893148]
[1616945469.4603415, 1616945472.1589873]
[1616945469.054614, 1616945471.7679775]
[1616945469.568837, 1616945472.2649648]
[1616945469.74444, 1616945472.4230163]
[1616945469.8297377, 1616945472.5465047]
[1616945469.5942297, 1616945472.317273]
[1616945470.0021038, 1616945472.6987572]
[1616945469.9286518, 1616945472.6643126]
[1616945470.2801018, 1616945472.9768307]
[1616945470.2273195, 1616945472.9309514]
[1616945470.2797174, 1616945472.951171]
[1616945470.4837804, 1616945473.1515763]
[1616945470.3939967, 1616945473.0736175]
[1616945470.40216, 1616945473.087499]
[1616945470.653233, 1616945473.3491347]
[1616945470.768692, 1616945473.4808729]
[1616945470.7655697, 1616945473.4294631]
[1616945470.7041147, 1616945473.3964522]
[1616945470.6399696, 1616945473.329133]
[1616945470.6985052, 1616945473.41726]
[1616945470.760211, 1616945473.4787428]
[1616945471.0486927, 1616945473.7673316]
[1616945471.1217105, 1616945473.8300269]
[1616945471.1839826, 1616945473.901426]
[1616945471.140075, 1616945473.8731554]
[1616945471.0694036, 1616945473.790265]
[1616945471.28658, 1616945473.9926827]
[1616945471.4639714, 1616945474.1940796]
[1616945471.4619253, 1616945474.2069762]
[1616945471.723941, 1616945474.7061944]
[1616945471.3859932, 1616945474.1017492]
[1616945471.8383207, 1616945474.541444]
[1616945471.6995015, 1616945474.455408]
[1616945471.952619, 1616945474.6695242]
[1616945471.6869943, 1616945474.383628]
[1616945471.9121983, 1616945474.622681]
[1616945472.1179776, 1616945474.8498065]
[1616945472.0941575, 1616945474.8131728]
[1616945471.7879877, 1616945474.5132272]
[1616945472.1922214, 1616945474.8976398]
[1616945472.251895, 1616945474.9861088]
[1616945472.3632312, 1616945475.0968263]
[1616945472.5177383, 1616945475.2194178]
[1616945472.2331326, 1616945474.915459]
[1616945472.344907, 1616945475.0490658]
[1616945472.5060675, 1616945475.1851091]
[1616945472.9032307, 1616945475.6462553]
[1616945472.5847864, 1616945475.3289118]
[1616945472.5628326, 1616945475.2748268]
[1616945472.6745589, 1616945475.4050977]
[1616945472.518087, 1616945475.24231]
[1616945472.87636, 1616945475.6170607]
[1616945472.7312727, 1616945475.4382405]
[1616945473.0055587, 1616945475.7044556]
[1616945472.9013364, 1616945475.6034827]
[1616945473.089991, 1616945475.7710419]
[1616945473.246028, 1616945475.9210658]
[1616945473.019633, 1616945475.708351]
[1616945473.1785672, 1616945475.834751]
[1616945473.298987, 1616945476.0266771]
[1616945473.4584327, 1616945476.1440973]
[1616945473.291781, 1616945475.9937458]
[1616945473.5128417, 1616945476.2284477]
[1616945473.6363866, 1616945476.3641837]
[1616945473.6817653, 1616945476.37538]
[1616945473.6333373, 1616945476.3473654]
[1616945473.7506986, 1616945476.4332557]
[1616945473.9312158, 1616945476.6522818]
[1616945473.7394867, 1616945476.452759]
[1616945473.8323298, 1616945476.5554764]
[1616945474.2920952, 1616945477.0114632]
[1616945474.177484, 1616945476.8865287]
[1616945474.2465065, 1616945476.9834125]
[1616945474.2425432, 1616945476.9697206]
[1616945474.300309, 1616945477.0279922]
[1616945474.2602813, 1616945476.9524646]
[1616945474.4022582, 1616945477.100196]
[1616945474.5157745, 1616945477.2289143]
[1616945474.6151595, 1616945477.3073213]
[1616945474.5141482, 1616945477.2503145]
[1616945474.7718263, 1616945477.4943225]
[1616945474.9124184, 1616945477.7451754]
[1616945474.8117392, 1616945477.532004]
[1616945474.8942447, 1616945477.621786]
[1616945475.1325085, 1616945477.826657]
[1616945474.911108, 1616945477.6048727]
[1616945475.3411772, 1616945478.0796123]
[1616945475.2186182, 1616945477.9265888]
[1616945475.1956398, 1616945477.87599]
[1616945475.3067849, 1616945478.0446277]
[1616945475.41174, 1616945478.1611264]
[1616945475.4803648, 1616945478.1914637]
[1616945475.425364, 1616945478.1428053]
[1616945475.6390238, 1616945478.376424]
[1616945475.2646399, 1616945477.9721134]
[1616945475.537805, 1616945478.2545981]
[1616945475.8025925, 1616945478.4791782]
[1616945475.7922335, 1616945478.477067]
[1616945475.8157601, 1616945478.5156662]
[1616945475.8949528, 1616945478.6282747]
[1616945476.0789955, 1616945478.7675812]
[1616945475.8925464, 1616945478.5520341]
[1616945476.0118322, 1616945478.7182105]
[1616945476.194216, 1616945478.8839712]
[1616945476.0662754, 1616945478.797641]
[1616945475.9474852, 1616945478.628741]
[1616945476.3678133, 1616945479.0616274]
[1616945476.2595782, 1616945478.9700446]
[1616945476.1150274, 1616945478.77851]
[1616945476.220229, 1616945478.9519124]
[1616945476.5666215, 1616945479.301074]
[1616945476.383305, 1616945479.0839145]
[1616945476.5689914, 1616945479.3061857]
[1616945476.5543332, 1616945479.2342334]
[1616945476.4307535, 1616945479.1526473]
[1616945476.5099854, 1616945479.2298067]
[1616945476.6932929, 1616945479.3925653]
[1616945476.6742427, 1616945479.3915246]
[1616945476.6484203, 1616945479.3494592]
[1616945476.7628589, 1616945479.4473042]
[1616945476.92766, 1616945479.6415017]
[1616945476.882526, 1616945479.6146889]
[1616945477.0164974, 1616945479.747589]
[1616945476.8945227, 1616945479.5984275]
[1616945477.0194721, 1616945479.7798877]
[1616945477.0310547, 1616945479.771061]
[1616945477.0341737, 1616945479.747371]
[1616945477.0462468, 1616945479.7000859]
[1616945477.0509388, 1616945479.7952905]
[1616945477.266929, 1616945480.0022042]
[1616945477.2361526, 1616945479.9630797]
[1616945477.353965, 1616945480.0403514]
[1616945477.4563887, 1616945480.1513608]
[1616945477.484021, 1616945480.1984274]
[1616945477.4970052, 1616945480.2022018]
[1616945477.4920146, 1616945480.1823118]
[1616945477.5764847, 1616945480.3123076]
[1616945477.549537, 1616945480.2896526]
[1616945477.593881, 1616945480.3240037]
[1616945477.6873674, 1616945480.4238985]
[1616945477.7382045, 1616945480.4605598]
[1616945477.7667232, 1616945480.498869]
[1616945477.9180954, 1616945480.6005821]
[1616945477.926406, 1616945480.643042]
[1616945478.2004669, 1616945480.9159033]
[1616945478.0377476, 1616945480.7469006]
[1616945478.016159, 1616945480.7288218]
[1616945477.9737315, 1616945480.6773937]
[1616945478.321118, 1616945481.0526042]
[1616945478.325638, 1616945481.052008]
[1616945478.3529234, 1616945481.0768251]
[1616945478.3018315, 1616945480.999328]
[1616945478.3690999, 1616945481.0857139]
[1616945478.4484456, 1616945481.1940901]
[1616945478.5125113, 1616945481.1926773]
[1616945478.6312, 1616945481.2720914]
[1616945478.5338898, 1616945481.2319658]
[1616945478.7204278, 1616945481.4618077]
[1616945478.7371285, 1616945481.4298067]
[1616945478.8649318, 1616945481.6021414]
[1616945478.8191583, 1616945481.4733243]
[1616945478.680726, 1616945481.3738124]
[1616945478.7233922, 1616945481.4429927]
[1616945478.812262, 1616945481.534782]
[1616945478.939372, 1616945481.624498]
[1616945478.7835662, 1616945481.485524]
[1616945479.0700145, 1616945481.7794213]
[1616945479.0839934, 1616945481.7874088]
[1616945479.0527518, 1616945481.7525675]
[1616945479.2382774, 1616945481.9455845]
[1616945479.1863906, 1616945481.9096048]
[1616945479.263629, 1616945481.9235847]
[1616945479.3056386, 1616945482.0560985]
[1616945479.2806847, 1616945481.981399]
[1616945479.3489075, 1616945482.0765002]
[1616945479.3336148, 1616945482.042628]
[1616945479.3596163, 1616945482.0528681]
[1616945479.5955765, 1616945482.3044798]
[1616945479.6107354, 1616945482.3125703]
[1616945479.5016603, 1616945482.1766782]
[1616945479.824917, 1616945482.556884]
[1616945479.4132152, 1616945482.1210375]
[1616945479.9104261, 1616945482.6503308]
[1616945479.996843, 1616945482.7128685]
[1616945479.7690425, 1616945482.5148108]
[1616945479.8023248, 1616945482.567505]
[1616945479.9485383, 1616945482.6293561]
[1616945479.9204907, 1616945482.637356]
[1616945480.048306, 1616945482.7384927]
[1616945479.9959722, 1616945482.7131126]
[1616945480.17079, 1616945482.8694322]
[1616945480.2813127, 1616945483.0032856]
[1616945480.266933, 1616945482.9579399]
[1616945480.3708396, 1616945483.0678067]
[1616945480.3534613, 1616945483.07145]
[1616945480.560567, 1616945483.2927024]
[1616945480.3984714, 1616945483.1247454]
[1616945480.3643754, 1616945483.1053567]
[1616945480.590153, 1616945483.290862]
[1616945480.7001402, 1616945483.4267814]
[1616945480.3229322, 1616945483.0631316]
[1616945480.791118, 1616945483.5046146]
[1616945480.8430378, 1616945483.5711517]
[1616945481.024012, 1616945483.7050226]
[1616945481.0921543, 1616945483.7843354]
[1616945481.2482183, 1616945483.9651418]
[1616945481.00824, 1616945483.7068253]
[1616945480.937947, 1616945483.6517913]
[1616945480.97926, 1616945483.681864]
[1616945481.0856547, 1616945483.8432786]
[1616945481.0343032, 1616945483.7689314]
[1616945481.1974845, 1616945483.897964]
[1616945481.2520103, 1616945483.9919667]
[1616945481.1153576, 1616945483.8414927]
[1616945481.439274, 1616945484.1396768]
[1616945481.326204, 1616945483.9777875]
[1616945481.4377992, 1616945484.1063297]
[1616945481.3750403, 1616945484.0871634]
[1616945481.553895, 1616945484.287861]
[1616945481.523029, 1616945484.2230175]
[1616945481.7403483, 1616945484.4669518]
[1616945481.6918123, 1616945484.3677807]
[1616945481.7365189, 1616945484.505142]
[1616945481.890251, 1616945484.5911336]
[1616945481.7713957, 1616945484.4825468]
[1616945481.5848248, 1616945484.2394195]
[1616945482.0947661, 1616945484.859296]
[1616945481.9928093, 1616945484.7058218]
[1616945482.1431623, 1616945484.8937163]
[1616945481.9846694, 1616945484.6851504]
[1616945482.0120783, 1616945484.6906488]
[1616945482.2468724, 1616945484.9558303]
[1616945482.210378, 1616945484.898777]
[1616945482.149636, 1616945484.8588252]
[1616945482.4958334, 1616945485.207695]
[1616945482.6117098, 1616945485.3658361]
[1616945482.1432757, 1616945484.818212]
[1616945482.3307502, 1616945485.054525]
[1616945482.7491593, 1616945485.4526832]
[1616945482.798372, 1616945485.5141397]
[1616945482.8725302, 1616945485.5720158]
[1616945482.8482518, 1616945485.553887]
[1616945482.627486, 1616945485.373312]
[1616945482.905727, 1616945485.606917]
[1616945482.8197043, 1616945485.5592554]
[1616945482.8382688, 1616945485.5881608]
[1616945483.0349557, 1616945485.7553606]
[1616945482.9313107, 1616945485.6604867]
[1616945482.996518, 1616945485.671464]
[1616945483.018123, 1616945485.7522204]
[1616945483.059481, 1616945485.7941525]
[1616945483.1278105, 1616945485.845166]
[1616945483.26166, 1616945486.0268927]
[1616945483.229739, 1616945485.9522147]
[1616945483.4070487, 1616945486.126502]
[1616945483.4272628, 1616945486.1274137]
[1616945483.5762424, 1616945486.301882]
[1616945483.5639768, 1616945486.2636626]
[1616945483.540414, 1616945486.2470148]
[1616945483.7976725, 1616945486.520218]
[1616945483.6761131, 1616945486.37987]
[1616945483.6052082, 1616945486.3415568]
[1616945483.7221591, 1616945486.418987]
[1616945483.7928782, 1616945486.4666834]
[1616945483.9501293, 1616945486.631986]
[1616945484.008244, 1616945486.740571]
[1616945483.8511102, 1616945486.5866306]
[1616945483.8473372, 1616945486.5556397]
[1616945483.604751, 1616945486.3218403]
[1616945484.1226983, 1616945486.8059697]
[1616945484.1628127, 1616945486.8345082]
[1616945484.1977265, 1616945486.8863225]
[1616945484.0117595, 1616945486.6830246]
[1616945484.1827285, 1616945486.8983765]
[1616945484.3165867, 1616945487.0484502]
[1616945484.4356377, 1616945487.1032386]
[1616945484.4712803, 1616945487.159322]
[1616945484.193309, 1616945486.8820088]
[1616945484.2558177, 1616945486.9011838]
[1616945484.5191164, 1616945487.2274148]
[1616945484.465195, 1616945487.1716437]
[1616945484.4529212, 1616945487.1578114]
[1616945484.6367216, 1616945487.3549788]
[1616945484.6447377, 1616945487.350397]
[1616945484.7421515, 1616945487.4548974]
[1616945484.8238163, 1616945487.5119393]
[1616945484.8480833, 1616945487.554371]
[1616945484.9000566, 1616945487.605039]
[1616945484.916083, 1616945487.6095798]
[1616945485.0352426, 1616945487.7469523]
[1616945485.2858338, 1616945487.9993382]
[1616945484.8226728, 1616945487.503078]
[1616945485.0866697, 1616945487.8030214]
[1616945485.043863, 1616945487.755213]
[1616945485.0367372, 1616945487.769846]
[1616945485.275076, 1616945487.9701202]
[1616945485.2588952, 1616945487.9755073]
[1616945485.3576598, 1616945488.0041733]
[1616945485.2514083, 1616945487.980359]
[1616945485.1536732, 1616945487.9007375]
[1616945485.383735, 1616945488.1243052]
[1616945485.4322236, 1616945488.1424842]
[1616945485.2982397, 1616945488.016008]
[1616945485.5378428, 1616945488.2559032]
[1616945485.4238272, 1616945488.1691787]
[1616945485.6928668, 1616945488.348706]
[1616945485.5484517, 1616945488.270176]
[1616945485.857328, 1616945488.5819995]
[1616945485.7248127, 1616945488.453738]
[1616945485.9034646, 1616945488.619059]
[1616945485.9096084, 1616945488.6025527]
[1616945485.9027808, 1616945488.6223319]
[1616945486.121739, 1616945488.8578203]
[1616945486.3994298, 1616945489.0986729]
[1616945486.1406522, 1616945488.8612225]
[1616945485.9461856, 1616945488.6690023]
[1616945485.8886576, 1616945488.591573]
[1616945486.025884, 1616945488.7600262]
[1616945486.2798872, 1616945488.9812574]
[1616945486.4033475, 1616945489.1103897]
[1616945486.273249, 1616945488.9809644]
[1616945486.752561, 1616945489.4851308]
[1616945486.5929508, 1616945489.315963]
[1616945486.7574496, 1616945489.4334028]
[1616945486.4423473, 1616945489.1491802]
[1616945486.877933, 1616945489.5672188]
[1616945486.667774, 1616945489.3892562]
[1616945486.6794908, 1616945489.362312]
[1616945486.4610672, 1616945489.193572]
[1616945486.9204667, 1616945489.5734768]
[1616945486.5655766, 1616945489.2836096]
[1616945486.860262, 1616945489.5386477]
[1616945486.932118, 1616945489.6444278]
[1616945487.1139712, 1616945489.8055909]
[1616945487.3075037, 1616945490.037387]
[1616945487.215587, 1616945489.9055586]
[1616945486.9506679, 1616945489.6509793]
[1616945487.251856, 1616945489.9819674]
[1616945487.4563942, 1616945490.1510663]
[1616945487.3523862, 1616945490.0528607]
[1616945487.2093878, 1616945489.9030702]
[1616945487.2249393, 1616945489.923614]
[1616945487.5248637, 1616945490.2250257]
[1616945487.5267022, 1616945490.2102501]
[1616945487.7447252, 1616945490.4588692]
[1616945487.6872718, 1616945490.3756444]
[1616945487.582577, 1616945490.29252]
[1616945487.6897056, 1616945490.4071887]
[1616945487.822024, 1616945490.5298612]
[1616945487.9659994, 1616945490.6667435]
[1616945487.7952483, 1616945490.5261846]
[1616945488.0139387, 1616945490.6810548]
[1616945487.9372296, 1616945490.6480613]
[1616945488.269926, 1616945490.9979568]
[1616945488.0198886, 1616945490.7367077]
[1616945488.1633105, 1616945490.882359]
[1616945488.2306762, 1616945490.9532757]
[1616945488.2572935, 1616945490.9749353]
[1616945488.1442988, 1616945490.871893]
[1616945488.1988401, 1616945490.9442914]
[1616945488.1806474, 1616945490.9197104]
[1616945488.488925, 1616945491.2155614]
[1616945488.5456161, 1616945491.243833]
[1616945488.6502163, 1616945491.3579733]
[1616945488.322728, 1616945491.0292222]
[1616945488.3697045, 1616945491.0356128]
[1616945488.7058358, 1616945491.4399862]
[1616945488.7582216, 1616945491.4583664]
[1616945488.6159928, 1616945491.31478]
[1616945488.7275045, 1616945491.4415164]
[1616945489.0167155, 1616945491.7362218]
[1616945489.1112752, 1616945491.8013356]
[1616945488.7765157, 1616945491.5152342]
[1616945489.0355372, 1616945491.747425]
[1616945488.901822, 1616945491.6049047]
[1616945488.9576883, 1616945491.6871076]
[1616945489.0441597, 1616945491.7627485]
[1616945489.2103584, 1616945491.9410083]
[1616945489.1434677, 1616945491.8464146]
[1616945489.4505997, 1616945492.1295478]
[1616945489.3072755, 1616945492.056326]
[1616945489.5865111, 1616945492.2638886]
[1616945489.495467, 1616945492.2472582]
[1616945489.3875487, 1616945492.0617075]
[1616945489.674028, 1616945492.4139636]
[1616945489.5656354, 1616945492.259273]
[1616945489.6365805, 1616945492.370728]
[1616945489.6694744, 1616945492.3901277]
[1616945489.5785072, 1616945492.2949417]
[1616945489.6590421, 1616945492.3297918]
[1616945489.8411443, 1616945492.5148942]
[1616945489.7898204, 1616945492.5205863]
[1616945489.9371128, 1616945492.6708589]
[1616945489.964594, 1616945492.6495957]
[1616945490.0921881, 1616945492.794709]
[1616945490.0110571, 1616945492.7032385]
[1616945490.2117496, 1616945492.9130943]
[1616945490.0401356, 1616945492.7493098]
[1616945489.9975846, 1616945492.7293842]
[1616945490.2977772, 1616945493.011162]
[1616945490.2488198, 1616945492.9454622]
[1616945490.2887437, 1616945493.0154104]
[1616945490.2854161, 1616945492.9664793]
[1616945490.3980675, 1616945493.0871842]
[1616945490.6016452, 1616945493.3300786]
[1616945490.5901115, 1616945493.2956088]
[1616945490.6692398, 1616945493.3849418]
[1616945490.7092097, 1616945493.4142554]
[1616945490.5223317, 1616945493.2610996]
[1616945490.6917167, 1616945493.3738942]
[1616945491.1940632, 1616945493.8967338]
[1616945491.1206055, 1616945493.7934976]
[1616945490.9677398, 1616945493.686389]
[1616945491.1879714, 1616945493.917882]
[1616945490.9845262, 1616945493.707608]
[1616945491.1206446, 1616945493.8207111]
[1616945490.9713547, 1616945493.6994236]
[1616945490.9498558, 1616945493.6605353]
[1616945491.2254162, 1616945493.9542518]
[1616945491.3199954, 1616945494.0223498]
[1616945491.1947865, 1616945493.9097264]
[1616945491.1206477, 1616945493.841413]
[1616945491.1840816, 1616945493.878647]
[1616945491.237024, 1616945493.944602]
[1616945491.3466065, 1616945494.0489976]
[1616945491.4984086, 1616945494.1851625]
[1616945491.5584624, 1616945494.2855492]
[1616945491.3751338, 1616945494.0978694]
[1616945491.3880854, 1616945494.0814874]
[1616945491.501729, 1616945494.2292898]
[1616945491.5264184, 1616945494.2645965]
[1616945491.754164, 1616945494.4656582]
[1616945491.6062863, 1616945494.3112054]
[1616945491.722364, 1616945494.4619744]
[1616945491.8205395, 1616945494.5275483]
[1616945491.901085, 1616945494.5891905]
[1616945491.9198773, 1616945494.640852]
[1616945492.2241213, 1616945494.9297812]
[1616945492.1151688, 1616945494.7673094]
[1616945492.1338658, 1616945494.8572662]
[1616945492.1964862, 1616945494.9030054]
[1616945492.3175964, 1616945495.0077093]
[1616945492.181449, 1616945494.9048426]
[1616945492.378623, 1616945495.1008096]
[1616945492.2229624, 1616945494.9130964]
[1616945492.162234, 1616945494.8505638]
[1616945492.6035137, 1616945495.2521029]
[1616945492.547386, 1616945495.2903116]
[1616945492.6276953, 1616945495.2902017]
[1616945492.588418, 1616945495.2926035]
[1616945492.553749, 1616945495.2384892]
[1616945492.4926014, 1616945495.2277102]
[1616945492.6418834, 1616945495.3396761]
[1616945492.8197954, 1616945495.5397618]
[1616945492.6937966, 1616945495.391908]
[1616945492.8013012, 1616945495.4816933]
[1616945492.735655, 1616945495.459395]
[1616945492.856404, 1616945495.5733445]
[1616945493.0091162, 1616945495.6607974]
[1616945493.0661037, 1616945495.7973583]
[1616945493.0862997, 1616945495.8119118]
[1616945493.1584766, 1616945495.8568332]
[1616945493.137246, 1616945495.8110137]
[1616945493.3113518, 1616945496.0134218]
[1616945493.1930232, 1616945495.8861048]
[1616945493.2652988, 1616945495.9981184]
[1616945493.2731864, 1616945495.981493]
[1616945493.5046062, 1616945496.225269]
[1616945493.129589, 1616945495.8218808]
[1616945493.5858655, 1616945496.2708733]
[1616945493.4281192, 1616945496.1001916]
[1616945493.8445833, 1616945496.5590932]
[1616945493.6483996, 1616945496.382931]
[1616945493.720277, 1616945496.4466414]
[1616945493.8534513, 1616945496.5648534]
[1616945493.7388616, 1616945496.4584162]
[1616945493.8028975, 1616945496.4916575]
[1616945493.735278, 1616945496.4904895]
[1616945493.7407627, 1616945496.4329567]
[1616945494.0516446, 1616945496.804718]
[1616945493.8559868, 1616945496.5246513]
[1616945494.0417864, 1616945496.7162497]
[1616945494.1261563, 1616945496.8474236]
[1616945494.4257774, 1616945497.1358345]
[1616945494.2272868, 1616945496.9268994]
[1616945494.4602666, 1616945497.182278]
[1616945494.211073, 1616945496.913187]
[1616945494.1686268, 1616945496.8630455]
[1616945494.3056579, 1616945497.0724363]
[1616945494.5352297, 1616945497.238944]
[1616945494.3479145, 1616945497.0392697]
[1616945494.3744256, 1616945497.1055014]
[1616945494.3947384, 1616945497.1383665]
[1616945494.480454, 1616945497.2190742]
[1616945494.4719741, 1616945497.1720963]
[1616945494.7644324, 1616945497.4857097]
[1616945494.8377564, 1616945497.5049984]
[1616945494.7524207, 1616945497.4406886]
[1616945494.9308834, 1616945497.6190946]
[1616945494.7251844, 1616945497.4459321]
[1616945494.8489347, 1616945497.5482583]
[1616945494.871533, 1616945497.5876966]
[1616945495.0401733, 1616945497.7245362]
[1616945495.2047012, 1616945497.9222288]
[1616945495.1351774, 1616945497.8690004]
[1616945495.152108, 1616945497.8490815]
[1616945495.4478247, 1616945498.1650617]
[1616945495.388949, 1616945498.1064441]
[1616945495.618967, 1616945498.3275564]
[1616945495.4607987, 1616945498.1430595]
[1616945495.4456153, 1616945498.1402624]
[1616945495.4892945, 1616945498.1745598]
[1616945495.388663, 1616945498.0646918]
[1616945495.6053226, 1616945498.3271096]
[1616945495.70034, 1616945498.366823]
[1616945495.6491854, 1616945498.312028]
[1616945495.8069975, 1616945498.529719]
[1616945495.6303241, 1616945498.3562438]
[1616945495.956617, 1616945498.6496038]
[1616945495.8518634, 1616945498.5322337]
[1616945495.7547824, 1616945498.4444091]
[1616945496.043936, 1616945498.7564611]
[1616945496.04288, 1616945498.7546453]
[1616945496.053077, 1616945498.7506776]
[1616945496.0124657, 1616945498.7414224]
[1616945496.282063, 1616945498.9500444]
[1616945496.4653015, 1616945499.1737201]
[1616945496.3518019, 1616945499.0145974]
[1616945496.2754967, 1616945498.9795737]
[1616945496.3952758, 1616945499.116396]
[1616945496.4522266, 1616945499.1578429]
[1616945496.266381, 1616945499.001384]
[1616945496.4400566, 1616945499.145024]
[1616945496.433906, 1616945499.1452353]
[1616945496.4584692, 1616945499.1987538]
[1616945496.6547537, 1616945499.3149173]
[1616945496.580697, 1616945499.2992916]
[1616945496.6258838, 1616945499.3304734]
[1616945496.837109, 1616945499.5604758]
[1616945496.7022748, 1616945499.3573482]
[1616945496.9697793, 1616945499.6619945]
[1616945496.9196265, 1616945499.612361]
[1616945497.0225873, 1616945499.7450473]
[1616945496.9530303, 1616945499.647442]
[1616945496.839241, 1616945499.4975445]
[1616945497.1410604, 1616945499.8518438]
[1616945497.1990328, 1616945499.9627836]
[1616945497.2812808, 1616945499.9787025]
[1616945497.4039307, 1616945500.1254077]
[1616945497.0735445, 1616945499.7738008]
[1616945497.3813908, 1616945500.091098]
[1616945497.4047132, 1616945500.159704]
[1616945497.2916462, 1616945500.0191598]
[1616945497.4099262, 1616945500.1449192]
[1616945497.6581304, 1616945500.3610992]
[1616945497.4999712, 1616945500.2157674]
[1616945497.58564, 1616945500.306267]
[1616945497.5078468, 1616945500.1873193]
[1616945497.703327, 1616945500.4269228]
[1616945497.8001437, 1616945500.4840107]
[1616945497.585143, 1616945500.2964864]
[1616945497.7625659, 1616945500.445244]
[1616945497.8007994, 1616945500.5318298]
[1616945497.8226292, 1616945500.5354655]
[1616945497.9186606, 1616945500.6448526]
[1616945497.8843105, 1616945500.6091409]
[1616945498.0328374, 1616945500.756127]
[1616945497.98428, 1616945500.7214646]
[1616945497.9949353, 1616945500.6729558]
[1616945498.272268, 1616945500.958278]
[1616945498.3612115, 1616945501.3844554]
[1616945498.4653893, 1616945501.1388838]
[1616945498.3177168, 1616945500.9677153]
[1616945498.302005, 1616945501.0043116]
[1616945498.3081908, 1616945500.9738317]
[1616945498.517354, 1616945501.2241797]
[1616945498.5180907, 1616945501.1955884]
[1616945498.577749, 1616945501.268833]
[1616945498.480219, 1616945501.166235]
[1616945498.761934, 1616945501.472049]
[1616945498.7329662, 1616945501.418286]
[1616945498.8943746, 1616945501.5748687]
[1616945499.100373, 1616945501.8309774]
[1616945498.8387012, 1616945501.5450814]
[1616945499.1057668, 1616945501.783003]
[1616945498.96131, 1616945501.6378808]
[1616945499.1479123, 1616945501.899745]
[1616945499.1334424, 1616945501.8577003]
[1616945499.2414563, 1616945501.980263]
[1616945499.0696115, 1616945501.7348988]
[1616945499.2431977, 1616945501.9224062]
[1616945499.1601052, 1616945501.877678]
[1616945499.359132, 1616945502.0620234]
[1616945499.5205793, 1616945502.222717]
[1616945499.5413418, 1616945502.268297]
[1616945499.363521, 1616945502.030847]
[1616945499.473831, 1616945502.1843746]
[1616945499.4425237, 1616945502.1055295]
[1616945499.567136, 1616945502.2830865]
[1616945499.9460099, 1616945502.6633866]
[1616945499.6800249, 1616945502.3648446]
[1616945499.8129241, 1616945502.540912]
[1616945499.7758102, 1616945502.494637]
[1616945499.7840292, 1616945502.5003667]
[1616945499.703102, 1616945502.4090037]
[1616945499.9920378, 1616945502.683528]
[1616945499.943925, 1616945502.6782382]
[1616945499.9737105, 1616945502.6908963]
[1616945500.1269352, 1616945502.8255746]
[1616945500.0672834, 1616945502.7876716]
[1616945500.2691045, 1616945503.0066173]
[1616945500.0142584, 1616945502.759072]
[1616945500.2074847, 1616945502.8741448]
[1616945500.3217318, 1616945503.0240312]
[1616945500.4598176, 1616945503.1505437]
[1616945500.495418, 1616945503.1993704]
[1616945500.615691, 1616945503.3576264]
[1616945500.6539412, 1616945503.3775392]
[1616945500.6747577, 1616945503.3688507]
[1616945500.6489027, 1616945503.3874037]
[1616945500.568856, 1616945503.293429]
[1616945500.7317657, 1616945503.4511929]
[1616945500.5775094, 1616945503.301672]
[1616945500.8176346, 1616945503.525529]
[1616945501.0580592, 1616945503.7994869]
[1616945500.744097, 1616945503.413038]
[1616945501.0499573, 1616945503.7661722]
[1616945501.1236293, 1616945503.8894143]
[1616945500.974428, 1616945503.6304042]
[1616945501.0091867, 1616945503.7187376]
[1616945500.9884217, 1616945503.6367083]
[1616945501.162423, 1616945503.8200212]
[1616945501.1273463, 1616945503.8421886]
[1616945501.2135656, 1616945503.8896635]
[1616945501.0274734, 1616945503.7430723]
[1616945501.2991393, 1616945504.0072455]
[1616945501.4154038, 1616945504.1663911]
[1616945501.4545474, 1616945504.1374276]
[1616945501.6008434, 1616945504.2833529]
[1616945501.4682758, 1616945504.1707766]
[1616945501.6048696, 1616945504.3026378]
[1616945501.5812328, 1616945504.261681]
[1616945501.7414265, 1616945504.4020958]
[1616945501.592089, 1616945504.2757447]
[1616945501.6793098, 1616945504.3552084]
[1616945501.9013236, 1616945504.6187797]
[1616945501.8407776, 1616945504.5610187]
[1616945501.5999115, 1616945504.3100924]
[1616945501.773171, 1616945504.4705312]
[1616945502.1942697, 1616945504.9141624]
[1616945502.0355735, 1616945504.79188]
[1616945501.9555404, 1616945504.6598186]
[1616945501.9986079, 1616945504.7393103]
[1616945502.1600764, 1616945504.8365302]
[1616945502.0896747, 1616945504.7951465]
[1616945502.2107875, 1616945504.8801644]
[1616945502.4380639, 1616945505.1343408]
[1616945502.3008158, 1616945505.028869]
[1616945502.3798544, 1616945505.026796]
[1616945502.3985562, 1616945505.1107771]
[1616945502.5406182, 1616945505.2634134]
[1616945502.5809467, 1616945505.283641]
[1616945502.70349, 1616945505.42427]
[1616945502.58165, 1616945505.3944528]
[1616945502.6323571, 1616945505.3568742]
[1616945502.4619806, 1616945505.1615067]
[1616945502.7763455, 1616945505.4886317]
[1616945502.7350154, 1616945505.4211683]
[1616945502.8923843, 1616945505.545308]
[1616945503.0287397, 1616945505.7211761]
[1616945503.034977, 1616945505.7539654]
[1616945502.9763877, 1616945505.703424]
[1616945502.7844965, 1616945505.4856088]
[1616945503.094986, 1616945505.772795]
[1616945502.9573655, 1616945505.6639845]
[1616945503.1656296, 1616945505.844417]
[1616945503.0953932, 1616945505.779425]
[1616945503.3544097, 1616945506.080325]
[1616945503.3735657, 1616945506.1186597]
[1616945503.4300718, 1616945506.084087]
[1616945503.0884547, 1616945505.8081615]
[1616945503.6116102, 1616945506.32426]
[1616945503.4106624, 1616945506.1730332]
[1616945503.4142725, 1616945506.1063135]
[1616945503.5083137, 1616945506.2270012]
[1616945503.74279, 1616945506.4482524]
[1616945503.812032, 1616945506.536182]
[1616945503.5261886, 1616945506.2530508]
[1616945503.9714053, 1616945506.6936443]
[1616945503.7051978, 1616945506.3499317]
[1616945503.9871533, 1616945506.6757164]
[1616945504.0330853, 1616945506.7349737]
[1616945503.9585102, 1616945506.6816506]
[1616945503.8495846, 1616945506.5986836]
[1616945503.961192, 1616945506.6132126]
[1616945504.0859213, 1616945506.7290833]
[1616945503.9525907, 1616945506.6346416]
[1616945504.0996723, 1616945506.8066416]
[1616945504.1274083, 1616945506.8165963]
[1616945504.4658222, 1616945507.13927]
[1616945504.1944156, 1616945506.899864]
[1616945504.3405764, 1616945507.0547318]
[1616945504.6795123, 1616945507.3914223]
[1616945504.60756, 1616945507.3091304]
[1616945504.633248, 1616945507.3609293]
[1616945504.5136654, 1616945507.207561]
[1616945504.7746894, 1616945507.51154]
[1616945504.3896759, 1616945507.0721269]
[1616945505.0712917, 1616945507.735596]
[1616945504.4927788, 1616945507.2040336]
[1616945504.593396, 1616945507.307316]
[1616945504.9781797, 1616945507.6351485]
[1616945504.946277, 1616945507.61527]
[1616945505.1365116, 1616945507.8582075]
[1616945504.9417214, 1616945507.6584363]
[1616945505.2846525, 1616945508.008288]
[1616945505.0527365, 1616945507.770256]
[1616945505.007249, 1616945507.7159295]
[1616945505.1533537, 1616945507.853463]
[1616945505.2444007, 1616945507.92532]
[1616945505.305405, 1616945507.994549]
[1616945505.181764, 1616945507.8815048]
[1616945505.3628507, 1616945508.0541923]
[1616945505.2372327, 1616945507.974117]
[1616945505.5047734, 1616945508.2173786]
[1616945505.5410872, 1616945508.2476501]
[1616945505.463305, 1616945508.1840668]
[1616945505.3926523, 1616945508.0658188]
[1616945505.5576956, 1616945508.2152543]
[1616945505.8484867, 1616945508.5378063]
[1616945505.8096492, 1616945508.4943233]
[1616945505.8811233, 1616945508.6105857]
[1616945505.9769623, 1616945508.6620293]
[1616945505.734097, 1616945508.4463253]
[1616945505.7779458, 1616945508.4992971]
[1616945505.8545299, 1616945508.5326922]
[1616945505.899141, 1616945508.6154583]
[1616945505.8256373, 1616945508.5438228]
[1616945506.0858126, 1616945508.7995853]
[1616945506.4160247, 1616945509.041704]
[1616945506.0430622, 1616945508.7675812]
[1616945506.1098742, 1616945508.7630136]
[1616945506.4403813, 1616945509.1586947]
[1616945506.1423855, 1616945508.8866982]
[1616945506.498491, 1616945509.2451768]
[1616945506.5607266, 1616945509.2912796]
[1616945506.6038687, 1616945509.2986317]
[1616945506.6918051, 1616945509.4276347]
[1616945506.7124243, 1616945509.3995807]
[1616945506.8945467, 1616945509.609032]
[1616945506.7561827, 1616945509.4630601]
[1616945506.8180158, 1616945509.5247724]
[1616945506.681601, 1616945509.37395]
[1616945506.7111342, 1616945509.434709]
[1616945506.9026232, 1616945509.603068]
[1616945506.872834, 1616945509.6109917]
[1616945506.7908912, 1616945509.4457512]
[1616945506.7803457, 1616945509.407956]
[1616945506.792626, 1616945509.5194144]
[1616945506.8357663, 1616945509.5298007]
[1616945507.0406291, 1616945509.7490578]
[1616945507.0822074, 1616945509.75774]
[1616945507.3819792, 1616945510.098678]
[1616945507.3938398, 1616945510.1213832]
[1616945507.3655815, 1616945510.0573986]
[1616945507.1947412, 1616945509.8907163]
[1616945507.274651, 1616945509.9735286]
[1616945507.271329, 1616945509.9710994]
[1616945507.195504, 1616945509.9140842]
[1616945507.435764, 1616945510.1412835]
[1616945507.3701942, 1616945510.088309]
[1616945507.873087, 1616945510.58265]
[1616945507.814395, 1616945510.509841]
[1616945507.7822826, 1616945510.5397995]
[1616945507.623813, 1616945510.3089433]
[1616945507.6458914, 1616945510.2825654]
[1616945507.9311898, 1616945510.6282003]
[1616945507.9393375, 1616945510.6090531]
[1616945507.9624507, 1616945510.6696255]
[1616945508.0986788, 1616945510.781971]
[1616945508.0653765, 1616945510.7838209]
[1616945507.9626656, 1616945510.6583855]
[1616945508.089511, 1616945510.7761712]
[1616945508.0078914, 1616945510.7110686]
[1616945508.1269164, 1616945510.88981]
[1616945508.2507, 1616945510.9761198]
[1616945508.1409526, 1616945510.8627875]
[1616945508.2820702, 1616945510.9570765]
[1616945508.3196099, 1616945511.049698]
[1616945508.2664382, 1616945510.9635777]
[1616945508.3218553, 1616945511.007937]
[1616945508.2092474, 1616945510.9571142]
[1616945508.405454, 1616945511.1262705]
[1616945508.5186148, 1616945511.2458818]
[1616945508.5387185, 1616945511.2126238]
[1616945508.6975336, 1616945511.3834612]
[1616945508.8544106, 1616945511.5678158]
[1616945508.7695804, 1616945511.4380746]
[1616945508.9343946, 1616945511.677742]
[1616945508.9575572, 1616945511.6621158]
[1616945508.7263567, 1616945511.4560773]
[1616945508.938056, 1616945511.6716185]
[1616945509.4042213, 1616945512.1245341]
[1616945508.8338563, 1616945511.5501282]
[1616945508.968034, 1616945511.6586678]
[1616945509.1691167, 1616945511.8779337]
[1616945509.1536176, 1616945511.8600953]
[1616945509.0627403, 1616945511.69553]
[1616945509.43093, 1616945512.0848234]
[1616945509.1442592, 1616945511.82463]
[1616945509.2659628, 1616945512.0018473]
[1616945509.4841628, 1616945512.1754665]
[1616945509.6662488, 1616945512.4051123]
[1616945509.768648, 1616945512.4809167]
[1616945509.6180077, 1616945512.3608894]
[1616945509.6027038, 1616945512.304879]
[1616945509.8091357, 1616945512.4604902]
[1616945509.7054477, 1616945512.408711]
[1616945509.601604, 1616945512.305594]
[1616945509.7828574, 1616945512.4913807]
[1616945509.9674013, 1616945512.689155]
[1616945509.9788969, 1616945512.6966512]
[1616945510.0703564, 1616945512.7590046]
[1616945509.7994277, 1616945512.5140421]
[1616945509.97691, 1616945512.7027435]
[1616945510.081015, 1616945512.7812667]
[1616945509.974315, 1616945512.64981]
[1616945510.1238518, 1616945512.834797]
[1616945510.2416728, 1616945512.9387932]
[1616945510.2976277, 1616945512.9491682]
[1616945510.6056008, 1616945513.320102]
[1616945510.546429, 1616945513.2610426]
[1616945510.4671443, 1616945513.2467182]
[1616945510.403495, 1616945513.1269112]
[1616945510.4571013, 1616945513.1827145]
[1616945510.47854, 1616945513.1613266]
[1616945510.371827, 1616945513.0183675]
[1616945510.8239126, 1616945513.573157]
[1616945510.7357411, 1616945513.497661]
[1616945510.7697787, 1616945513.4708154]
[1616945510.9273396, 1616945513.6787066]
[1616945511.0317004, 1616945513.7636797]
[1616945510.9466121, 1616945513.6680443]
[1616945511.1214676, 1616945513.8365817]
[1616945511.0700254, 1616945513.7826123]
[1616945511.0140517, 1616945513.6839778]
[1616945511.4454792, 1616945514.1066978]
[1616945511.4339945, 1616945514.1040673]
[1616945511.1041007, 1616945513.7981474]
[1616945511.241168, 1616945513.9243553]
[1616945511.6255329, 1616945514.321689]
[1616945511.3006778, 1616945514.0418265]
[1616945511.6918461, 1616945514.4116483]
[1616945511.5912645, 1616945514.31392]
[1616945511.6273522, 1616945514.2627196]
[1616945511.7517734, 1616945514.3886185]
[1616945511.5684755, 1616945514.3012445]
[1616945511.440984, 1616945514.1601448]
[1616945511.815213, 1616945514.5034096]
[1616945511.893097, 1616945514.603928]
[1616945511.7721233, 1616945514.5017505]
[1616945511.790574, 1616945514.5010626]
[1616945511.9603467, 1616945514.6403124]
[1616945511.971257, 1616945514.6775336]
[1616945512.0561361, 1616945514.7111864]
[1616945512.155172, 1616945514.8305902]
[1616945512.043066, 1616945514.756123]
[1616945511.9313822, 1616945514.6405096]
[1616945512.2868145, 1616945514.9841979]
[1616945512.2654705, 1616945514.9006402]
[1616945512.2479975, 1616945514.9367943]
[1616945512.3575253, 1616945515.0643919]
[1616945512.4348478, 1616945515.113292]
[1616945512.3042064, 1616945514.9771602]
[1616945512.582492, 1616945515.3015885]
[1616945512.5080776, 1616945515.201026]
[1616945512.4863746, 1616945515.1755788]
[1616945512.4942703, 1616945515.1657183]
[1616945512.613202, 1616945515.297286]
[1616945512.5210314, 1616945515.2399368]
[1616945512.558607, 1616945515.2888222]
[1616945512.5908072, 1616945515.2932587]
[1616945512.6868386, 1616945515.3945324]
[1616945512.9238477, 1616945515.6407802]
[1616945512.767433, 1616945515.4619086]
[1616945513.0234506, 1616945515.7285495]
[1616945512.673559, 1616945515.3241456]
[1616945513.1116285, 1616945515.8271503]
[1616945513.0797741, 1616945515.7256653]
[1616945513.0095732, 1616945515.6531544]
[1616945513.1193194, 1616945515.8288164]
[1616945513.38219, 1616945516.091034]
[1616945513.2336977, 1616945515.9523559]
[1616945513.2902548, 1616945516.0086474]
[1616945513.2042434, 1616945515.908943]
[1616945513.2083263, 1616945515.8803494]
[1616945513.4914594, 1616945516.1768312]
[1616945513.4417086, 1616945516.1669905]
[1616945513.5400836, 1616945516.2546747]
[1616945513.6437511, 1616945516.3575356]
[1616945513.6174397, 1616945516.3402433]
[1616945513.70811, 1616945516.3923528]
[1616945513.735955, 1616945516.4768252]
[1616945513.9322977, 1616945516.5953927]
[1616945513.9027863, 1616945516.5756233]
[1616945514.1083512, 1616945516.797352]
[1616945514.1949744, 1616945516.9146543]
[1616945514.2185054, 1616945516.9405797]
[1616945513.885358, 1616945516.60685]
[1616945514.3475733, 1616945517.0797553]
[1616945514.1644237, 1616945516.8833957]
[1616945514.0746121, 1616945516.815661]
[1616945514.1391253, 1616945516.8043892]
[1616945514.4379969, 1616945517.1578584]
[1616945514.4052181, 1616945517.0257454]
[1616945514.5422025, 1616945517.26735]
[1616945514.3337526, 1616945517.0261483]
[1616945514.5176296, 1616945517.198309]
[1616945514.4728038, 1616945517.202233]
[1616945514.5456567, 1616945517.2732227]
[1616945514.7023375, 1616945517.4055583]
[1616945514.7510629, 1616945517.4301066]
[1616945514.7644253, 1616945517.4695482]
[1616945514.8225298, 1616945517.4897423]
[1616945514.8406684, 1616945517.5229256]
[1616945514.6809523, 1616945517.3796334]
[1616945514.990462, 1616945517.686282]
[1616945514.8793805, 1616945517.6138425]
[1616945515.2539792, 1616945517.9765968]
[1616945515.0449681, 1616945517.737193]
[1616945515.0774057, 1616945517.7925391]
[1616945515.1204226, 1616945517.8174257]
[1616945515.0209694, 1616945517.7208447]
[1616945515.2799191, 1616945517.9812405]
[1616945515.4365625, 1616945518.1043925]
[1616945515.4136229, 1616945518.125176]
[1616945515.5525386, 1616945518.2195168]
[1616945515.3474762, 1616945518.0257566]
[1616945515.4265456, 1616945518.113651]
[1616945515.7576587, 1616945518.4664826]
[1616945515.4144688, 1616945518.1399717]
[1616945515.722063, 1616945518.3834598]
[1616945515.949507, 1616945518.677391]
[1616945515.8188603, 1616945518.53626]
[1616945515.7586296, 1616945518.4249759]
[1616945516.0889275, 1616945518.7691882]
[1616945515.8102126, 1616945518.5077484]
[1616945516.0601969, 1616945518.7775164]
[1616945516.118373, 1616945518.8237226]
[1616945516.069278, 1616945518.7806973]
[1616945516.3754218, 1616945519.074046]
[1616945516.4850256, 1616945519.236206]
[1616945516.3396964, 1616945519.0135887]
[1616945516.404802, 1616945519.091182]
[1616945516.466045, 1616945519.2114987]
[1616945516.342387, 1616945519.0233111]
[1616945516.5012536, 1616945519.2111592]
[1616945516.542901, 1616945519.2354882]
[1616945516.4434628, 1616945519.1748447]
[1616945516.5961363, 1616945519.2832203]
[1616945516.5541968, 1616945519.2660105]
[1616945516.5565023, 1616945519.2179065]
[1616945516.709879, 1616945519.3513792]
[1616945516.9361153, 1616945519.6683376]
[1616945516.716973, 1616945519.3776946]
[1616945516.697787, 1616945519.4221241]
[1616945517.1603618, 1616945519.8430092]
[1616945516.965855, 1616945519.6841903]
[1616945516.8777337, 1616945519.6133516]
[1616945517.070535, 1616945519.70927]
[1616945517.0244517, 1616945519.696223]
[1616945516.9891405, 1616945519.7053018]
[1616945517.1588569, 1616945519.8769848]
[1616945517.5714285, 1616945520.2955627]
[1616945517.4239066, 1616945520.124304]
[1616945517.3278074, 1616945520.0520184]
[1616945517.4993176, 1616945520.1373022]
[1616945517.337908, 1616945520.0650935]
[1616945517.4205575, 1616945520.1112566]
[1616945517.3001323, 1616945520.019316]
[1616945517.5620582, 1616945520.2575963]
[1616945517.7493382, 1616945520.4433947]
[1616945517.849826, 1616945520.5796294]
[1616945517.8614936, 1616945520.5459888]
[1616945517.632232, 1616945520.372037]
[1616945517.839006, 1616945520.5093644]
[1616945517.6334548, 1616945520.2903643]
[1616945517.837604, 1616945520.55023]
[1616945517.8279397, 1616945520.5164232]
[1616945517.9853883, 1616945520.6955466]
[1616945518.045184, 1616945520.7464855]
[1616945517.8892894, 1616945520.6021981]
[1616945518.0964186, 1616945520.8102887]
[1616945518.1648352, 1616945520.8991418]
[1616945517.9751923, 1616945520.6451647]
[1616945518.2164319, 1616945520.9243302]
[1616945518.041348, 1616945520.726752]
[1616945518.4026434, 1616945521.0935035]
[1616945518.391973, 1616945521.0482686]
[1616945518.3209321, 1616945521.0165138]
[1616945518.519299, 1616945521.2207081]
[1616945518.067854, 1616945520.734702]
[1616945518.5381627, 1616945521.1987834]
[1616945518.7497542, 1616945521.4686122]
[1616945518.5252328, 1616945521.2257454]
[1616945518.8306975, 1616945521.5330284]
[1616945518.678787, 1616945521.3747087]
[1616945519.0174541, 1616945521.685464]
[1616945518.6184347, 1616945521.359999]
[1616945519.1838992, 1616945521.913368]
[1616945518.949883, 1616945521.6728973]
[1616945519.0653489, 1616945521.7726986]
[1616945519.2840135, 1616945522.0199237]
[1616945518.8357499, 1616945521.559813]
[1616945519.3091557, 1616945521.9958627]
[1616945519.3477778, 1616945522.0868082]
[1616945519.3162122, 1616945521.9673443]
[1616945519.6614573, 1616945522.3786168]
[1616945519.4043195, 1616945522.0652003]
[1616945519.2787418, 1616945521.9831324]
[1616945519.6275256, 1616945522.3349173]
[1616945519.7032928, 1616945522.3701718]
[1616945519.62562, 1616945522.3761704]
[1616945519.6268637, 1616945522.3541405]
[1616945519.3182955, 1616945522.022315]
[1616945519.5280366, 1616945522.1677427]
[1616945519.4574208, 1616945522.1918535]
[1616945519.8223252, 1616945522.4649715]
[1616945519.9578614, 1616945522.6764123]
[1616945520.1600027, 1616945522.8282852]
[1616945520.1190805, 1616945522.8176286]
[1616945520.1861987, 1616945522.8916557]
[1616945520.240183, 1616945522.9533367]
[1616945520.0102475, 1616945522.696051]
[1616945520.0919209, 1616945522.817003]
[1616945520.3204927, 1616945522.9869614]
[1616945520.4041615, 1616945523.1603158]
[1616945520.3193038, 1616945523.073819]
[1616945520.0858905, 1616945522.8125045]
[1616945520.0545287, 1616945522.7700615]
[1616945520.3438346, 1616945523.0675209]
[1616945520.5265963, 1616945523.2143347]
[1616945520.6609123, 1616945523.3445494]
[1616945520.4446309, 1616945523.1726413]
[1616945520.3422961, 1616945523.0277596]
[1616945520.561661, 1616945523.2956567]
[1616945520.984177, 1616945523.6793785]
[1616945520.8653843, 1616945523.5333166]
[1616945520.832013, 1616945523.549796]
[1616945520.6410186, 1616945523.3754373]
[1616945520.9791315, 1616945523.6459641]
[1616945520.7053332, 1616945523.4223173]
[1616945520.9488046, 1616945523.6696286]
[1616945521.1582253, 1616945523.8470576]
[1616945520.8629212, 1616945523.5746849]
[1616945521.2254305, 1616945523.8961759]
[1616945520.9478767, 1616945523.6757846]
[1616945521.1170206, 1616945523.8085277]
[1616945521.150207, 1616945523.843002]
[1616945521.2391508, 1616945523.9548695]
[1616945521.594429, 1616945524.327988]
[1616945521.308678, 1616945524.0134392]
[1616945521.1226723, 1616945523.8020067]
[1616945521.4045603, 1616945524.1234171]
[1616945521.6301527, 1616945524.3490257]
[1616945521.3637521, 1616945524.0650089]
[1616945521.555975, 1616945524.2674844]
[1616945521.4736495, 1616945524.2020109]
[1616945521.728602, 1616945524.438496]
[1616945521.741238, 1616945524.4197485]
[1616945521.7262373, 1616945524.433462]
[1616945521.6715028, 1616945524.3701675]
[1616945521.7938375, 1616945524.4908965]
[1616945521.8469052, 1616945524.6160665]
[1616945521.8746684, 1616945524.5746052]
[1616945522.1138053, 1616945524.8472004]
[1616945521.8975143, 1616945524.6131387]
[1616945522.190125, 1616945524.8701203]
[1616945522.1495242, 1616945524.825456]
[1616945522.0377364, 1616945524.7434902]
[1616945522.1659925, 1616945524.8990922]
[1616945522.1898165, 1616945524.861376]
[1616945522.2103345, 1616945524.9368942]
[1616945522.5831096, 1616945525.234469]
[1616945522.638476, 1616945525.3026702]
[1616945522.6513786, 1616945525.359]
[1616945522.65294, 1616945525.3797517]
[1616945522.6263762, 1616945525.3497646]
[1616945522.602294, 1616945525.2913558]
[1616945522.9992852, 1616945525.6934128]
[1616945522.7237005, 1616945525.438434]
[1616945522.7744727, 1616945525.4904547]
[1616945522.9264612, 1616945525.6016533]
[1616945523.117255, 1616945525.8230402]
[1616945522.9269545, 1616945525.6388295]
[1616945522.9747393, 1616945525.688854]
[1616945523.3675146, 1616945526.0635545]
[1616945523.0373254, 1616945525.73415]
[1616945523.231046, 1616945525.9188669]
[1616945523.0580037, 1616945525.7677364]
[1616945523.2476368, 1616945525.9701538]
[1616945523.1662877, 1616945525.900066]
[1616945523.2858067, 1616945526.0252664]
[1616945523.1899917, 1616945525.9191544]
[1616945523.520914, 1616945526.2460625]
[1616945523.47729, 1616945526.1769106]
[1616945523.5205271, 1616945526.2500873]
[1616945523.6573365, 1616945526.338196]
[1616945523.6267824, 1616945526.345167]
[1616945523.3837216, 1616945526.1014388]
[1616945523.7324224, 1616945526.4404461]
[1616945523.728871, 1616945526.4323401]
[1616945523.5597355, 1616945526.2748835]
[1616945523.8527908, 1616945526.5663252]
[1616945523.9276233, 1616945526.6147633]
[1616945523.9201233, 1616945526.577339]
[1616945523.9411578, 1616945526.641559]
[1616945524.013894, 1616945526.668421]
[1616945524.3049207, 1616945527.0245743]
[1616945524.008257, 1616945526.7279587]
[1616945524.341269, 1616945527.0838616]
[1616945524.4166603, 1616945527.1415422]
[1616945524.246621, 1616945526.9627266]
[1616945524.6169643, 1616945527.335748]
[1616945524.7221663, 1616945527.440691]
[1616945524.4278333, 1616945527.1282787]
[1616945524.7428389, 1616945527.4910514]
[1616945524.611223, 1616945527.3039508]
[1616945524.5645866, 1616945527.2888997]
[1616945524.2256367, 1616945526.9916742]
[1616945524.507185, 1616945527.2113986]
[1616945524.4027123, 1616945527.1400235]
[1616945524.5438983, 1616945527.2480729]
[1616945524.6676319, 1616945527.3684995]
[1616945525.0750394, 1616945527.730769]
[1616945524.8120615, 1616945527.517399]
[1616945524.7066598, 1616945527.4292657]
[1616945524.916154, 1616945527.6738937]
[1616945524.8522313, 1616945527.5910501]
[1616945525.0544605, 1616945527.705813]
[1616945524.9537349, 1616945527.6799214]
[1616945525.010984, 1616945527.7238252]
[1616945525.1753213, 1616945527.896353]
[1616945525.1282673, 1616945527.7729983]
[1616945525.2052922, 1616945527.9131382]
[1616945525.3293798, 1616945527.9804664]
[1616945525.4992125, 1616945528.298152]
[1616945525.4013648, 1616945528.1054199]
[1616945525.4814262, 1616945528.1904252]
[1616945525.4864542, 1616945528.1984692]
[1616945525.4824674, 1616945528.1942897]
[1616945525.6993577, 1616945528.389037]
[1616945525.5591984, 1616945528.2103438]
[1616945525.4833822, 1616945528.1973922]
[1616945525.6899605, 1616945528.3586557]
[1616945525.6634421, 1616945528.3753743]
[1616945525.8985453, 1616945528.5598636]
[1616945525.8630326, 1616945528.5944698]
[1616945525.9980254, 1616945528.718541]
[1616945525.8846366, 1616945528.6008599]
[1616945525.7983127, 1616945528.4955447]
[1616945525.8733475, 1616945528.5699048]
[1616945526.0280857, 1616945528.7405102]
[1616945526.1117315, 1616945528.8440235]
[1616945526.1167817, 1616945528.8147845]
[1616945526.2539866, 1616945528.977889]
[1616945526.4618073, 1616945529.176391]
[1616945526.569408, 1616945529.28679]
[1616945526.3562217, 1616945529.09152]
[1616945526.4858634, 1616945529.1814952]
[1616945526.5200691, 1616945529.2088518]
[1616945526.6091902, 1616945529.3024893]
[1616945526.6973934, 1616945529.390228]
[1616945526.999093, 1616945529.740966]
[1616945526.5994687, 1616945529.2745514]
[1616945526.791299, 1616945529.4875228]
[1616945526.6941988, 1616945529.344921]
[1616945526.9401517, 1616945529.6439273]
[1616945526.825788, 1616945529.4959016]
[1616945526.9838285, 1616945529.7006674]
[1616945526.8759875, 1616945529.6168365]
[1616945527.0330145, 1616945529.750405]
[1616945527.2054846, 1616945529.9291925]
[1616945527.078109, 1616945529.807779]
[1616945527.2659087, 1616945529.9730575]
[1616945527.2624233, 1616945529.9763389]
[1616945527.3005672, 1616945530.0189295]
[1616945527.330157, 1616945530.0289412]
[1616945527.2922523, 1616945529.985738]
[1616945527.2376597, 1616945529.9281774]
[1616945527.399067, 1616945530.1114326]
[1616945527.432145, 1616945530.1337626]
[1616945527.4416049, 1616945530.1708736]
[1616945527.4873376, 1616945530.1984475]
[1616945527.4429917, 1616945530.2077255]
[1616945527.7386415, 1616945530.3950336]
[1616945527.5277874, 1616945530.2304537]
[1616945527.862019, 1616945530.5464535]
[1616945527.960385, 1616945530.6106808]
[1616945527.6473794, 1616945530.3630524]
[1616945527.8413887, 1616945530.4905863]
[1616945527.922387, 1616945530.6268463]
[1616945528.0042758, 1616945530.6632488]
[1616945527.9151647, 1616945530.6386757]
[1616945528.2122152, 1616945530.9228017]
[1616945528.0499876, 1616945530.76909]
[1616945528.245895, 1616945530.8903358]
[1616945528.1658669, 1616945530.8586693]
[1616945528.4896624, 1616945531.2597287]
[1616945528.4521155, 1616945531.1543787]
[1616945528.454613, 1616945531.0983295]
[1616945528.4463518, 1616945531.1223013]
[1616945528.530552, 1616945531.2279687]
[1616945528.561926, 1616945531.2710872]
[1616945528.2511203, 1616945530.9811273]
[1616945528.7735438, 1616945531.4588044]
[1616945528.4987953, 1616945531.203406]
[1616945528.7403705, 1616945531.449828]
[1616945528.8379645, 1616945531.5299442]
[1616945528.7921376, 1616945531.50792]
[1616945528.8489723, 1616945531.5859745]
[1616945528.923966, 1616945531.5704656]
[1616945528.8731833, 1616945531.5744224]
[1616945528.59114, 1616945531.3914294]
[1616945528.9698386, 1616945531.6982558]
[1616945529.0625, 1616945531.780999]
[1616945528.9539664, 1616945531.6869369]
[1616945528.9853826, 1616945531.6981876]
[1616945529.02303, 1616945531.7474284]
[1616945529.156148, 1616945531.8915687]
[1616945529.4504116, 1616945532.162692]
[1616945529.179865, 1616945531.8277965]
[1616945529.1302106, 1616945531.847064]
[1616945529.47856, 1616945532.1840372]
[1616945529.4855118, 1616945532.1597893]
[1616945529.3565533, 1616945532.0050704]
[1616945529.5537577, 1616945532.2583764]
[1616945529.3876138, 1616945532.0903082]
[1616945529.5178056, 1616945532.186482]
[1616945529.7567568, 1616945532.466925]
[1616945529.4467013, 1616945532.1672719]
[1616945529.6189816, 1616945532.3197882]
[1616945529.7212367, 1616945532.4400537]
[1616945529.729017, 1616945532.4264627]
[1616945529.9265924, 1616945532.6617153]
[1616945529.736344, 1616945532.4624639]
[1616945530.038101, 1616945532.7305477]
[1616945530.1958535, 1616945532.9322839]
[1616945530.3017812, 1616945533.0088983]
[1616945530.0409687, 1616945532.7508256]
[1616945530.2980494, 1616945533.0040193]
[1616945530.0848558, 1616945532.7856073]
[1616945530.2175968, 1616945532.9665716]
[1616945530.630573, 1616945533.356505]
[1616945529.9537978, 1616945532.6767285]
[1616945530.5266385, 1616945533.190498]
[1616945530.6145592, 1616945533.2987778]
[1616945530.4427404, 1616945533.085164]
[1616945530.6902595, 1616945533.3652153]
[1616945530.6254926, 1616945533.2884798]
[1616945531.103943, 1616945533.766148]
[1616945530.8243012, 1616945533.5504603]
[1616945530.924196, 1616945533.6203282]
[1616945530.9204347, 1616945533.5701272]
[1616945530.9261012, 1616945533.6442194]
[1616945531.1117103, 1616945533.8185196]
[1616945530.9418757, 1616945533.6550024]
[1616945531.0204523, 1616945533.748651]
[1616945531.1661966, 1616945533.8609798]
[1616945531.1917562, 1616945533.8657024]
[1616945531.1040921, 1616945533.787548]
[1616945531.3364208, 1616945534.0562313]
[1616945531.434916, 1616945534.1436799]
[1616945531.4735756, 1616945534.1656911]
[1616945531.4514108, 1616945534.1556504]
[1616945531.6991143, 1616945534.435269]
[1616945531.54518, 1616945534.2413669]
[1616945531.4138248, 1616945534.1065593]
[1616945531.2978747, 1616945534.0098822]
[1616945531.6743913, 1616945534.4077907]
[1616945531.6894774, 1616945534.4291523]
[1616945531.5156095, 1616945534.2247903]
[1616945531.8300073, 1616945534.5396757]
[1616945531.7691393, 1616945534.4922266]
[1616945531.9448407, 1616945534.6750915]
[1616945531.5603838, 1616945534.2787635]
[1616945531.828816, 1616945534.5395658]
[1616945532.1741564, 1616945534.9035964]
[1616945532.2479603, 1616945534.932232]
[1616945532.0183973, 1616945534.7199311]
[1616945532.0683548, 1616945534.7700233]
[1616945532.1239097, 1616945534.80706]
[1616945532.07315, 1616945534.7290895]
[1616945532.4995346, 1616945535.2028313]
[1616945532.4774117, 1616945535.1834521]
[1616945532.5044475, 1616945535.206165]
[1616945532.2035546, 1616945534.8810139]
[1616945532.4052045, 1616945535.119183]
[1616945532.488452, 1616945535.2185216]
[1616945532.591546, 1616945535.2664242]
[1616945532.6568592, 1616945535.330575]
[1616945532.516367, 1616945535.2247212]
[1616945532.8033946, 1616945535.522398]
[1616945532.4663644, 1616945535.170615]
[1616945532.6669056, 1616945535.3594975]
[1616945532.613287, 1616945535.332067]
[1616945532.9115858, 1616945535.620956]
[1616945532.761191, 1616945535.470338]
[1616945533.1197543, 1616945535.7493591]
[1616945533.1725023, 1616945535.890874]
[1616945533.0489848, 1616945535.76706]
[1616945533.0514362, 1616945535.7651029]
[1616945533.4132154, 1616945536.1133585]
[1616945533.3517103, 1616945536.01765]
[1616945532.9459643, 1616945535.6769297]
[1616945533.0771875, 1616945535.8834152]
[1616945533.344297, 1616945536.0370529]
[1616945533.3858187, 1616945536.1307304]
[1616945533.2299652, 1616945535.8939326]
[1616945533.586963, 1616945536.2451437]
[1616945533.4517105, 1616945536.1473129]
[1616945533.4103732, 1616945536.1167495]
[1616945533.4103427, 1616945536.1799242]
[1616945533.8660903, 1616945536.562579]
[1616945533.748751, 1616945536.4722414]
[1616945533.375323, 1616945536.0461092]
[1616945533.5415554, 1616945536.276446]
[1616945534.0177987, 1616945536.7478607]
[1616945534.1042361, 1616945536.8378158]
[1616945534.0963893, 1616945536.804588]
[1616945533.7413359, 1616945536.4558172]
[1616945533.9878185, 1616945536.6899447]
[1616945533.9640136, 1616945536.640752]
[1616945533.9806554, 1616945536.6961327]
[1616945534.0248587, 1616945536.6783698]
[1616945534.0949485, 1616945536.8475301]
[1616945534.240395, 1616945536.9524171]
[1616945534.1596744, 1616945536.8612912]
[1616945534.3479033, 1616945537.0353756]
[1616945534.3043387, 1616945537.024812]
[1616945534.4340358, 1616945537.1462758]
[1616945534.5008962, 1616945537.2358763]
[1616945534.4454067, 1616945537.1934314]
[1616945534.51159, 1616945537.246331]
[1616945534.4075274, 1616945537.1089551]
[1616945534.6167328, 1616945537.3281164]
[1616945534.748758, 1616945537.4204764]
[1616945534.6283576, 1616945537.3316538]
[1616945534.9684122, 1616945537.6642528]
[1616945534.6873667, 1616945537.4156423]
[1616945534.8147972, 1616945537.5092738]
[1616945535.0112984, 1616945537.7071838]
[1616945534.8412724, 1616945537.5510218]
[1616945534.9315593, 1616945537.6329477]
[1616945534.933959, 1616945537.599906]
[1616945535.1141994, 1616945537.8452694]
[1616945535.2655237, 1616945537.9768639]
[1616945535.4628384, 1616945538.186562]
[1616945535.129858, 1616945537.8334498]
[1616945535.451216, 1616945538.1719053]
[1616945535.6083744, 1616945538.294783]
[1616945535.5481431, 1616945538.2389598]
[1616945535.5752027, 1616945538.2829041]
[1616945535.6386237, 1616945538.3633249]
[1616945535.6489005, 1616945538.3350036]
[1616945535.8306155, 1616945538.5512555]
[1616945535.722535, 1616945538.4499402]
[1616945535.6717489, 1616945538.4056644]
[1616945535.763115, 1616945538.387584]
[1616945535.8970685, 1616945538.6208742]
[1616945535.8395042, 1616945538.5484872]
[1616945536.2171109, 1616945538.9486933]
[1616945535.9010646, 1616945538.5725417]
[1616945536.0357265, 1616945538.7009697]
[1616945536.0423372, 1616945538.7696474]
[1616945536.062411, 1616945538.7213342]
[1616945536.0930424, 1616945538.8017504]
[1616945536.3047812, 1616945538.9666338]
[1616945536.3020334, 1616945539.0444777]
[1616945536.4674723, 1616945539.1774817]
[1616945536.4422054, 1616945539.1977372]
[1616945536.3722079, 1616945539.1465063]
[1616945536.3643556, 1616945539.043105]
[1616945536.3852105, 1616945539.1187112]
[1616945536.533396, 1616945539.2488325]
[1616945536.6122487, 1616945539.2851102]
[1616945536.673508, 1616945539.34653]
[1616945536.8791585, 1616945539.5713165]
[1616945536.9904351, 1616945539.7107768]
[1616945536.825532, 1616945539.5793638]
[1616945536.9000564, 1616945539.6353047]
[1616945536.9572055, 1616945539.6832478]
[1616945537.0613055, 1616945539.7850518]
[1616945536.9858549, 1616945539.7003446]
[1616945537.0848436, 1616945539.771396]
[1616945537.0777395, 1616945539.77457]
[1616945537.2946022, 1616945540.047918]
[1616945537.2433865, 1616945539.9808638]
[1616945537.2526548, 1616945539.9832652]
[1616945537.0422394, 1616945539.728698]
[1616945537.1414344, 1616945539.8338985]
[1616945537.4738104, 1616945540.2277844]
[1616945537.5051677, 1616945540.2135968]
[1616945537.646102, 1616945540.3796148]
[1616945537.3938472, 1616945540.089545]
[1616945537.4336689, 1616945540.1086717]
[1616945537.9056804, 1616945540.609809]
[1616945537.5936356, 1616945540.304364]
[1616945537.6154923, 1616945540.2854118]
[1616945537.7038438, 1616945540.3893263]
[1616945537.6299353, 1616945540.3299792]
[1616945537.9196455, 1616945540.6261523]
[1616945537.7770772, 1616945540.4724352]
[1616945537.813623, 1616945540.5161588]
[1616945537.8580785, 1616945540.585591]
[1616945537.9080296, 1616945540.574905]
[1616945538.1042125, 1616945540.8189678]
[1616945538.1356504, 1616945540.83323]
[1616945537.9348621, 1616945540.6361492]
[1616945538.103211, 1616945540.8137407]
[1616945538.2667947, 1616945540.964644]
[1616945538.4650922, 1616945541.1938384]
[1616945538.5236948, 1616945541.2157474]
[1616945538.2686434, 1616945541.0205371]
[1616945538.4070187, 1616945541.0408604]
[1616945538.2935152, 1616945540.9977944]
[1616945538.4904718, 1616945541.1997826]
[1616945538.4333365, 1616945541.1555753]
[1616945538.5646524, 1616945541.2804263]
[1616945538.5871751, 1616945541.2519848]
[1616945538.8884094, 1616945541.5436945]
[1616945538.6576583, 1616945541.371363]
[1616945538.813334, 1616945541.5326247]
[1616945538.8253572, 1616945541.582481]
[1616945538.8772001, 1616945541.5391226]
[1616945538.8952105, 1616945541.5963247]
[1616945539.0140214, 1616945541.6900268]
[1616945539.034562, 1616945541.7383409]
[1616945539.0439575, 1616945541.7481675]
[1616945538.9735177, 1616945541.6505098]
[1616945538.9810882, 1616945541.7113514]
[1616945539.43119, 1616945542.143252]
[1616945539.1334412, 1616945541.8474143]
[1616945539.4080067, 1616945542.083667]
[1616945539.295753, 1616945541.9775972]
[1616945539.1688948, 1616945541.9057682]
[1616945539.7058282, 1616945542.4212847]
[1616945539.2182763, 1616945541.937816]
[1616945539.7641633, 1616945542.5048242]
[1616945539.6365347, 1616945542.3156464]
[1616945539.6040373, 1616945542.3343446]
[1616945539.756726, 1616945542.466535]
[1616945539.847038, 1616945542.541472]
[1616945539.5752556, 1616945542.3030503]
[1616945539.79859, 1616945542.4692962]
[1616945539.7317731, 1616945542.4338126]
[1616945539.7791755, 1616945542.5235932]
[1616945539.9704165, 1616945542.6945155]
[1616945539.9599254, 1616945542.6674585]
[1616945540.190273, 1616945542.8930588]
[1616945539.9697685, 1616945542.6453454]
[1616945540.1038527, 1616945542.8428917]
[1616945540.259888, 1616945543.0202744]
[1616945540.211175, 1616945542.9537745]
[1616945540.3200278, 1616945543.0269985]
[1616945540.2192354, 1616945542.9265585]
[1616945540.2331567, 1616945542.9646952]
[1616945540.2158933, 1616945542.9428678]
[1616945540.4380763, 1616945543.1414547]
[1616945540.371535, 1616945543.0719488]
[1616945540.3860152, 1616945543.067132]
[1616945540.433687, 1616945543.1139882]
[1616945540.4373543, 1616945543.1222324]
[1616945540.7678852, 1616945543.4487185]
[1616945540.8155477, 1616945543.5136309]
[1616945540.9883864, 1616945543.7051122]
[1616945540.8644218, 1616945543.5543783]
[1616945540.6952574, 1616945543.399801]
[1616945541.2055683, 1616945543.9176497]
[1616945540.9365678, 1616945543.6574035]
[1616945541.2589176, 1616945543.9279068]
[1616945541.129778, 1616945543.8263516]
[1616945541.033375, 1616945543.7567422]
[1616945541.128115, 1616945543.7586863]
[1616945541.4453912, 1616945544.1708808]
[1616945541.1845934, 1616945544.0308871]
[1616945541.348441, 1616945544.0743241]
[1616945541.3235683, 1616945544.0769172]
[1616945541.2496006, 1616945543.9576652]
[1616945541.6259537, 1616945544.3417273]
[1616945541.7312832, 1616945544.4714391]
[1616945541.7102823, 1616945544.3972347]
[1616945541.702108, 1616945544.3886058]
[1616945541.753302, 1616945544.4512885]
[1616945541.4040742, 1616945544.117482]
[1616945541.824218, 1616945544.4791355]
[1616945541.629032, 1616945544.3592882]
[1616945541.7458825, 1616945544.4759629]
[1616945542.0433986, 1616945544.6917021]
[1616945541.848053, 1616945544.535965]
[1616945541.9460893, 1616945544.6591113]
[1616945541.9496696, 1616945544.692279]
[1616945541.7824256, 1616945544.455514]
[1616945542.0312512, 1616945544.7353942]
[1616945541.9330897, 1616945544.648044]
[1616945541.998621, 1616945544.6795015]
[1616945542.2826145, 1616945544.9674144]
[1616945542.2120204, 1616945544.923143]
[1616945542.5234458, 1616945545.227154]
[1616945542.4480188, 1616945545.1321738]
[1616945542.4666488, 1616945545.181159]
[1616945542.4734793, 1616945545.1721358]
[1616945542.5742855, 1616945545.2716932]
[1616945542.5280547, 1616945545.218755]
[1616945542.475496, 1616945545.1617548]
[1616945542.4262996, 1616945545.251389]
[1616945542.6868565, 1616945545.3830328]
[1616945542.710321, 1616945545.4349139]
[1616945542.8148553, 1616945545.4930625]
[1616945543.0628207, 1616945545.7865617]
[1616945543.0348175, 1616945545.7538269]
[1616945542.9931083, 1616945545.6977434]
[1616945543.0752027, 1616945545.7923756]
[1616945543.1872292, 1616945545.8704813]
[1616945543.1326058, 1616945545.8225973]
[1616945543.249495, 1616945545.976204]
[1616945543.0792062, 1616945545.756639]
[1616945543.2142344, 1616945545.9467802]
[1616945543.3690093, 1616945546.0981555]
[1616945543.175166, 1616945545.8815103]
[1616945543.256226, 1616945545.9792595]
[1616945543.3586547, 1616945546.0813394]
[1616945543.4759846, 1616945546.2290535]
[1616945543.470198, 1616945546.184348]
[1616945543.6027203, 1616945546.2719946]
[1616945543.3975713, 1616945546.1056237]
[1616945543.346862, 1616945546.0201848]
[1616945543.4158847, 1616945546.1264257]
[1616945543.760259, 1616945546.4741533]
[1616945543.7505975, 1616945546.4658353]
[1616945543.7233722, 1616945546.414094]
[1616945543.9018023, 1616945546.6006188]
[1616945543.9423704, 1616945546.6290455]
[1616945543.7842717, 1616945546.4423063]
[1616945544.1952195, 1616945546.91179]
[1616945544.1418743, 1616945546.8790214]
[1616945544.043631, 1616945546.7971768]
[1616945544.0259428, 1616945546.7072096]
[1616945544.101843, 1616945546.8180454]
[1616945544.3484728, 1616945547.0800316]
[1616945544.4162445, 1616945547.1037395]
[1616945544.3469095, 1616945547.0532298]
[1616945544.3926647, 1616945547.0733767]
[1616945544.6401916, 1616945547.3711567]
[1616945544.55447, 1616945547.2036045]
[1616945544.6943603, 1616945547.3853886]
[1616945544.630647, 1616945547.3584065]
[1616945544.6635423, 1616945547.3527112]
[1616945544.6538544, 1616945547.361595]
[1616945544.794452, 1616945547.5004609]
[1616945544.5457835, 1616945547.2348747]
[1616945544.8138034, 1616945547.5524242]
[1616945544.87942, 1616945547.5852695]
[1616945545.0700555, 1616945547.7548068]
[1616945544.9286869, 1616945547.6411855]
[1616945544.8457162, 1616945547.495334]
[1616945545.1745389, 1616945547.8701265]
[1616945545.315046, 1616945548.0079713]
[1616945545.373575, 1616945548.0582535]
[1616945545.344912, 1616945548.0736947]
[1616945545.6880019, 1616945548.3799489]
[1616945545.4513216, 1616945548.2117598]
[1616945545.490039, 1616945548.1845582]
[1616945545.345438, 1616945548.0534387]
[1616945545.5787914, 1616945548.2808785]
[1616945545.3724644, 1616945548.086076]
[1616945545.559162, 1616945548.2278593]
[1616945545.7108421, 1616945548.395495]
[1616945545.6505144, 1616945548.349378]
[1616945545.841632, 1616945548.5367086]
[1616945545.9538805, 1616945548.6653476]
[1616945546.0852425, 1616945548.8177187]
[1616945545.8037856, 1616945548.515008]
[1616945545.7330875, 1616945548.6155705]
[1616945545.738673, 1616945548.437379]
[1616945546.1253378, 1616945548.8368185]
[1616945545.953169, 1616945548.6914191]
[1616945546.2445853, 1616945548.94543]
[1616945546.035948, 1616945548.7055814]
[1616945545.9962301, 1616945548.7092907]
[1616945546.3928654, 1616945549.1058893]
[1616945546.3280787, 1616945548.9734154]
[1616945546.348613, 1616945549.0984552]
[1616945546.6203303, 1616945549.269255]
[1616945546.522829, 1616945549.2365835]
[1616945546.6299996, 1616945549.3226616]
[1616945546.60693, 1616945549.2913086]
[1616945546.3656545, 1616945549.0854194]
[1616945546.5966964, 1616945549.308315]
[1616945546.4471133, 1616945549.1353564]
[1616945546.6231704, 1616945549.3339186]
[1616945546.8822324, 1616945549.635889]
[1616945546.933564, 1616945549.6677372]
[1616945546.7868936, 1616945549.5313957]
[1616945546.7067297, 1616945549.3726282]
[1616945546.861446, 1616945549.5746348]
[1616945546.7639246, 1616945549.4486244]
[1616945547.0816967, 1616945549.7524378]
[1616945547.0131958, 1616945549.74947]
[1616945547.2470682, 1616945549.9407334]
[1616945547.309601, 1616945549.9800606]
[1616945547.0373259, 1616945549.7141044]
[1616945547.4659944, 1616945550.1826925]
[1616945547.4702613, 1616945550.2328827]
[1616945547.3184636, 1616945550.0067935]
[1616945547.4077373, 1616945550.0750406]
[1616945547.63542, 1616945550.2906399]
[1616945547.565063, 1616945550.3004372]
[1616945547.6282647, 1616945550.3292756]
[1616945547.4950147, 1616945550.1958108]
[1616945547.5533187, 1616945550.2756944]
[1616945547.932094, 1616945550.6408193]
[1616945547.900355, 1616945550.6188195]
[1616945547.953356, 1616945550.6611085]
[1616945547.731862, 1616945550.4513874]
[1616945547.8859823, 1616945550.5684326]
[1616945547.883976, 1616945550.5742092]
[1616945547.9724746, 1616945550.6837168]
[1616945547.9370396, 1616945550.644153]
[1616945547.8912761, 1616945550.5641317]
[1616945547.937695, 1616945550.6897686]
[1616945548.1148179, 1616945550.81525]
[1616945548.327197, 1616945551.059117]
[1616945548.3134172, 1616945550.9934154]
[1616945548.5547261, 1616945551.277071]
[1616945548.5818276, 1616945551.2802107]
[1616945548.2980266, 1616945551.005845]
[1616945548.601856, 1616945551.3227844]
[1616945548.403125, 1616945551.1063063]
[1616945548.4888632, 1616945551.1797144]
[1616945548.4359345, 1616945551.1394675]
[1616945548.6787992, 1616945551.3937395]
[1616945548.7424035, 1616945551.4839547]
[1616945548.7077322, 1616945551.4305885]
[1616945548.9100027, 1616945551.6263835]
[1616945548.7985003, 1616945551.5295281]
[1616945548.7857423, 1616945551.4575667]
[1616945548.8215916, 1616945551.5225854]
[1616945548.9708707, 1616945551.6755714]
[1616945548.97446, 1616945551.713472]
[1616945549.1254585, 1616945551.8775716]
[1616945549.2284703, 1616945551.9684832]
[1616945549.13709, 1616945551.8416176]
[1616945549.374497, 1616945552.0636592]
[1616945549.3491743, 1616945552.0982604]
[1616945549.1981514, 1616945551.8939025]
[1616945549.364638, 1616945552.0657501]
[1616945549.501548, 1616945552.171924]
[1616945549.337784, 1616945552.0183668]
[1616945549.4833884, 1616945552.1350915]
[1616945549.5701096, 1616945552.3029902]
[1616945549.5918684, 1616945552.2899895]
[1616945549.6985323, 1616945552.4104552]
[1616945549.636725, 1616945552.2804403]
[1616945549.7490938, 1616945552.437186]
[1616945549.900685, 1616945552.5558066]
[1616945549.7006788, 1616945552.4116275]
[1616945549.7544982, 1616945552.4601285]
[1616945549.977301, 1616945552.6682484]
[1616945549.8490243, 1616945552.5206227]
[1616945550.2388184, 1616945552.968313]
[1616945549.8987072, 1616945552.6146588]
[1616945550.1555839, 1616945552.836155]
[1616945550.1685371, 1616945552.8629436]
[1616945550.3395736, 1616945553.054483]
[1616945550.3928714, 1616945553.0314133]
[1616945550.3827827, 1616945553.1114602]
[1616945550.4560776, 1616945553.159961]
[1616945550.5231555, 1616945553.2525766]
[1616945550.526474, 1616945553.2230473]
[1616945550.639794, 1616945553.3143802]
[1616945550.4781964, 1616945553.187547]
[1616945550.5532422, 1616945553.2252505]
[1616945550.6073606, 1616945553.312956]
[1616945550.647561, 1616945553.349638]
[1616945550.611846, 1616945553.2825754]
[1616945550.949309, 1616945553.6545107]
[1616945550.6263998, 1616945553.342967]
[1616945550.7708073, 1616945553.5123382]
[1616945550.7836933, 1616945553.4979265]
[1616945550.7865138, 1616945553.466351]
[1616945551.0316594, 1616945553.7190278]
[1616945551.082242, 1616945553.7758694]
[1616945551.110722, 1616945553.831685]
[1616945551.0951145, 1616945553.8046458]
[1616945551.2227385, 1616945553.9261756]
[1616945551.0713854, 1616945553.7996595]
[1616945551.2867963, 1616945553.9685457]
[1616945551.4873424, 1616945554.163326]
[1616945551.3938854, 1616945554.0969284]
[1616945551.3283582, 1616945554.015436]
[1616945551.4322002, 1616945554.1182394]
[1616945551.523304, 1616945554.235602]
[1616945551.3913794, 1616945554.096922]
[1616945551.7347803, 1616945554.4363873]
[1616945551.7269812, 1616945554.439236]
[1616945551.8107276, 1616945554.4894166]
[1616945551.6251893, 1616945554.3519242]
[1616945551.712877, 1616945554.4148533]
[1616945551.7798862, 1616945554.4517848]
[1616945552.2901893, 1616945554.9481776]
[1616945551.88665, 1616945554.6318994]
[1616945551.9027834, 1616945554.6068757]
[1616945551.8268936, 1616945554.5562186]
[1616945552.1765594, 1616945554.8481987]
[1616945552.3818862, 1616945555.0923522]
[1616945552.132521, 1616945554.8552294]
[1616945552.358869, 1616945555.108616]
[1616945552.0324035, 1616945554.7344463]
[1616945552.2748237, 1616945554.9310715]
[1616945552.54991, 1616945555.2268045]
[1616945552.4632292, 1616945555.1485305]
[1616945552.4836543, 1616945555.216785]
[1616945552.6030593, 1616945555.2534206]
[1616945552.4938996, 1616945555.2159572]
[1616945552.5960264, 1616945555.2999554]
[1616945552.4639096, 1616945555.1720045]
[1616945552.5635014, 1616945555.208963]
[1616945552.6577835, 1616945555.39569]
[1616945552.7562275, 1616945555.4655194]
[1616945552.704889, 1616945555.3826995]
[1616945552.8680065, 1616945555.5568979]
[1616945552.800992, 1616945555.5215013]
[1616945552.9711735, 1616945555.6532154]
[1616945553.134771, 1616945555.8760817]
[1616945553.094495, 1616945555.8097622]
[1616945553.0527396, 1616945555.7323384]
[1616945553.0978537, 1616945555.7836332]
[1616945553.214889, 1616945555.9223526]
[1616945553.192316, 1616945555.8730502]
[1616945552.9888663, 1616945555.7208107]
[1616945553.4064107, 1616945556.107462]
[1616945553.3076243, 1616945555.9774284]
[1616945553.3276005, 1616945555.9948373]
[1616945553.2063591, 1616945555.9349787]
[1616945553.436737, 1616945556.154777]
[1616945553.3478353, 1616945556.0824187]
[1616945553.4886446, 1616945556.166947]
[1616945553.567323, 1616945556.2856581]
[1616945553.5523283, 1616945556.2790608]
[1616945553.6417313, 1616945556.32853]
[1616945553.6280937, 1616945556.3058736]
[1616945553.5539958, 1616945556.2712102]
[1616945553.6396384, 1616945556.3346143]
[1616945553.713862, 1616945556.422962]
[1616945553.7709904, 1616945556.451517]
[1616945553.8374424, 1616945556.5601737]
[1616945553.881869, 1616945556.607327]
[1616945553.8639011, 1616945556.5713692]
[1616945554.1322367, 1616945556.8496094]
[1616945554.030523, 1616945556.7225854]
[1616945554.0855808, 1616945556.7919993]
[1616945554.0449424, 1616945556.7495043]
[1616945554.2107348, 1616945556.890475]
[1616945554.1015496, 1616945556.7744527]
[1616945554.3053079, 1616945557.0014002]
[1616945554.1250334, 1616945556.8403478]
[1616945554.2768483, 1616945557.0065203]
[1616945554.3156586, 1616945556.9974012]
[1616945554.4008043, 1616945557.128025]
[1616945554.2586608, 1616945556.9789598]
[1616945554.3731143, 1616945557.1065438]
[1616945554.4445832, 1616945557.1925035]
[1616945554.5126839, 1616945557.1873906]
[1616945554.429785, 1616945557.156019]
[1616945554.6486344, 1616945557.3872426]
[1616945554.6179533, 1616945557.3184028]
[1616945554.6878881, 1616945557.3687108]
[1616945554.6376762, 1616945557.4018228]
[1616945554.7533672, 1616945557.4367316]
[1616945554.6619895, 1616945557.3638196]
[1616945554.9256814, 1616945557.6918688]
[1616945554.86572, 1616945557.5387564]
[1616945554.9199152, 1616945557.57456]
[1616945554.8367393, 1616945557.5365098]
[1616945554.8606348, 1616945557.614097]
[1616945554.8889863, 1616945557.5966878]
[1616945554.7883751, 1616945557.428226]
[1616945555.0538695, 1616945557.7026322]
[1616945555.2263188, 1616945557.9627893]
[1616945555.1829708, 1616945557.8766882]
[1616945554.949175, 1616945557.596665]
[1616945554.9353006, 1616945557.6623037]
[1616945555.2375305, 1616945557.9283772]
[1616945555.1801682, 1616945557.8827765]
[1616945555.1435266, 1616945557.9101024]
[1616945555.2213295, 1616945557.9467955]
[1616945555.2920713, 1616945557.9485548]
[1616945555.3287108, 1616945557.9749877]
[1616945555.3456182, 1616945558.0931537]
[1616945555.3280058, 1616945558.0371172]
[1616945555.4041414, 1616945558.117833]
[1616945555.4435139, 1616945558.132863]
[1616945555.3939898, 1616945558.1816893]
[1616945555.6032615, 1616945558.3109179]
[1616945555.3696456, 1616945558.080655]
[1616945555.4511237, 1616945558.168197]
[1616945555.7109883, 1616945558.3595102]
[1616945555.6674745, 1616945558.3012388]
[1616945555.5688064, 1616945558.2397997]
[1616945555.7466974, 1616945558.3831532]
[1616945555.6185656, 1616945558.342272]
[1616945555.6280742, 1616945558.346928]
[1616945555.6666725, 1616945558.3454168]
[1616945555.594997, 1616945558.2987971]
[1616945555.7705846, 1616945558.4727545]
[1616945555.7802925, 1616945558.520974]
[1616945555.736736, 1616945558.5600414]
[1616945555.8204434, 1616945558.5297837]
[1616945555.823827, 1616945558.5075052]
[1616945555.9102392, 1616945558.6449633]
[1616945555.8850915, 1616945558.6617763]
[1616945555.85647, 1616945558.5695503]
[1616945555.9259562, 1616945558.6463695]
[1616945556.055197, 1616945558.7466183]
[1616945555.966193, 1616945558.6764636]
[1616945556.1907012, 1616945558.9318488]
[1616945556.0672762, 1616945558.795518]
[1616945556.221796, 1616945558.943597]
[1616945556.1254299, 1616945558.8381038]
[1616945556.137607, 1616945558.8294234]
[1616945556.1826153, 1616945558.8361301]
[1616945556.1038713, 1616945558.7985005]
[1616945556.0550363, 1616945558.7427402]
[1616945556.3033967, 1616945559.041121]
[1616945556.1856706, 1616945558.912514]
[1616945556.2740138, 1616945558.9875443]
[1616945556.3782384, 1616945559.0698688]
[1616945556.363968, 1616945559.0800505]
[1616945556.4519017, 1616945559.2152884]
[1616945556.4206085, 1616945559.1640399]
[1616945556.2907426, 1616945559.0292215]
[1616945556.4123569, 1616945559.0982797]
[1616945556.4389203, 1616945559.1552975]
[1616945556.6541886, 1616945559.349333]
[1616945556.524523, 1616945559.1965585]
[1616945556.7246528, 1616945559.3779886]
[1616945556.5307186, 1616945559.240353]
[1616945556.7809339, 1616945559.4578662]
[1616945556.7797594, 1616945559.4388814]
[1616945556.6085455, 1616945559.3608074]
[1616945556.6674948, 1616945559.3860345]
[1616945556.6338427, 1616945559.3177192]
[1616945556.892178, 1616945559.5610256]
[1616945556.5866048, 1616945559.2807257]
[1616945556.6274974, 1616945559.3456972]
[1616945556.8542087, 1616945559.527761]
[1616945556.6307228, 1616945559.345435]
[1616945556.7473135, 1616945559.4480352]
[1616945556.793533, 1616945559.4817207]
[1616945556.872718, 1616945559.5857012]
[1616945556.8555074, 1616945559.5435386]
[1616945556.7604585, 1616945559.474183]
[1616945556.9562507, 1616945559.6215868]
[1616945556.9054844, 1616945559.5845652]
[1616945557.1068435, 1616945559.846441]
[1616945556.936117, 1616945559.644098]
[1616945556.9223242, 1616945559.5880256]
[1616945557.0159516, 1616945559.7261472]
[1616945556.8939052, 1616945559.6236365]
[1616945557.0681865, 1616945559.7825089]
[1616945557.0926118, 1616945559.7733335]
[1616945557.0416865, 1616945559.742511]
[1616945557.0927653, 1616945559.8032115]
[1616945557.0944088, 1616945559.7835138]
[1616945557.3047056, 1616945560.0228052]
[1616945557.1846175, 1616945559.8914926]
[1616945557.057021, 1616945559.7366338]
[1616945557.2254863, 1616945559.957217]
[1616945556.9684334, 1616945559.6887107]
[1616945557.1540585, 1616945559.8684242]
[1616945557.076573, 1616945559.744848]
[1616945557.2517848, 1616945559.97553]
[1616945557.2085915, 1616945559.964663]
[1616945557.1440995, 1616945559.8923817]
[1616945557.241198, 1616945559.9277818]
[1616945557.244316, 1616945559.9468088]
[1616945557.2679493, 1616945559.9777696]
[1616945557.1759055, 1616945559.8867514]
[1616945557.2750976, 1616945559.9837966]
[1616945557.4291136, 1616945560.1556454]
[1616945557.4504254, 1616945560.1083124]
[1616945557.3640249, 1616945560.0686553]
[1616945557.314276, 1616945560.029603]
[1616945557.4138467, 1616945560.1069329]
[1616945557.2957158, 1616945559.9879315]
[1616945557.5276623, 1616945560.2155802]
[1616945557.307783, 1616945559.986743]
[1616945557.4261262, 1616945560.1144278]
[1616945557.3076308, 1616945560.0343544]
[1616945557.369064, 1616945560.0718718]
[1616945557.4383028, 1616945560.1399171]
[1616945557.2180378, 1616945559.8857138]
[1616945557.4088168, 1616945560.1335545]
[1616945557.693276, 1616945560.3601623]
[1616945557.3670013, 1616945560.0484037]
[1616945557.5157282, 1616945560.2833369]
[1616945557.5968437, 1616945560.2858667]
[1616945557.5345898, 1616945560.259198]
[1616945557.4894352, 1616945560.2454915]
[1616945557.4541419, 1616945560.13512]
[1616945557.6678433, 1616945560.3977878]
[1616945557.6347938, 1616945560.4038403]
[1616945557.320043, 1616945560.0568964]
[1616945557.6586528, 1616945560.3490808]
[1616945557.6670024, 1616945560.3925238]
[1616945557.509336, 1616945560.2148814]
[1616945557.6710575, 1616945560.404877]
[1616945557.6689467, 1616945560.3850486]
[1616945557.6910164, 1616945560.4337766]
[1616945557.4984934, 1616945560.2079487]
[1616945557.6572022, 1616945560.352551]
[1616945557.4392087, 1616945560.075896]
[1616945557.48773, 1616945560.1550088]
[1616945557.6413713, 1616945560.3627598]
[1616945557.6826856, 1616945560.4165149]
[1616945557.6450746, 1616945560.2824857]
[1616945557.6474495, 1616945560.3604014]
[1616945557.6366482, 1616945560.3240018]
[1616945557.6783803, 1616945560.3596234]
[1616945557.6590343, 1616945560.3785236]
[1616945557.7017777, 1616945560.416901]
[1616945557.38611, 1616945560.084871]
[1616945557.6748288, 1616945560.354369]
[1616945557.6984527, 1616945560.3632898]
[1616945557.731288, 1616945560.4427907]
[1616945557.7200727, 1616945560.3761654]
[1616945557.7305822, 1616945560.4520297]
[1616945557.413944, 1616945560.1694014]
[1616945557.4566462, 1616945560.1074128]
[1616945557.7667928, 1616945560.4981115]
[1616945557.5742712, 1616945560.284559]
[1616945557.6292975, 1616945560.3639169]
[1616945557.7288637, 1616945560.3566139]
[1616945557.6943598, 1616945560.3744264]
[1616945557.7585926, 1616945560.4658701]
[1616945557.732665, 1616945560.4156303]
[1616945557.5644643, 1616945560.2256155]
[1616945557.589501, 1616945560.2657719]
[1616945557.5683632, 1616945560.3331797]
[1616945557.749924, 1616945560.4577813]
