[1616945444.5903673, 1616945450.8423207]
[1616945445.0299454, 1616945451.2335198]
[1616945444.969395, 1616945451.181116]
[1616945445.0192719, 1616945451.210822]
[1616945444.6099308, 1616945450.7814794]
[1616945444.9537973, 1616945451.124382]
[1616945444.9157565, 1616945451.1237411]
[1616945444.9525123, 1616945451.1310759]
[1616945445.2054276, 1616945451.3904963]
[1616945445.0342717, 1616945451.2127106]
[1616945444.6043422, 1616945450.9054713]
[1616945445.1684096, 1616945451.4024606]
[1616945445.1997344, 1616945451.4860659]
[1616945444.8506994, 1616945451.0271976]
[1616945444.8718908, 1616945451.0491493]
[1616945444.9341521, 1616945451.189291]
[1616945444.7484994, 1616945450.9909942]
[1616945444.8929312, 1616945451.1742585]
[1616945445.0416317, 1616945451.2850332]
[1616945445.304353, 1616945451.472226]
[1616945445.4239178, 1616945451.5622125]
[1616945445.5395188, 1616945451.6867683]
[1616945445.1685493, 1616945451.4105442]
[1616945445.698223, 1616945451.9425998]
[1616945445.9030888, 1616945452.12555]
[1616945445.8236918, 1616945452.0628111]
[1616945445.9609787, 1616945452.1671386]
[1616945445.9197195, 1616945452.0368042]
[1616945445.9288638, 1616945451.9089541]
[1616945446.0162067, 1616945452.1620154]
[1616945446.0879383, 1616945452.2471611]
[1616945445.9294667, 1616945451.961262]
[1616945446.3962548, 1616945452.730708]
[1616945446.054795, 1616945452.309879]
[1616945446.6300786, 1616945452.8394718]
[1616945446.1576993, 1616945452.4223616]
[1616945446.6892061, 1616945452.8326252]
[1616945446.3526053, 1616945452.5685709]
[1616945446.8194215, 1616945453.0291107]
[1616945446.8354795, 1616945452.9484267]
[1616945446.6724145, 1616945452.7869935]
[1616945446.6648188, 1616945452.7435322]
[1616945446.8892357, 1616945452.9956617]
[1616945447.3205497, 1616945453.522341]
[1616945447.1240919, 1616945453.2741225]
[1616945447.060311, 1616945453.2748466]
[1616945447.2851238, 1616945453.539314]
[1616945447.560809, 1616945453.7651958]
[1616945447.3341877, 1616945453.4223294]
[1616945447.68269, 1616945453.8950715]
[1616945447.8196151, 1616945453.9487493]
[1616945447.8624876, 1616945454.0503647]
[1616945447.9684587, 1616945454.3889582]
[1616945447.8806462, 1616945454.154846]
[1616945447.7784228, 1616945453.9766564]
[1616945448.106597, 1616945454.3751733]
[1616945448.2405417, 1616945454.4194517]
[1616945448.3268847, 1616945454.3796635]
[1616945448.471034, 1616945454.7613156]
[1616945448.3885224, 1616945454.4644103]
[1616945448.4178724, 1616945454.4073372]
[1616945448.5411217, 1616945454.7468507]
[1616945448.5807621, 1616945454.6619482]
[1616945448.7620149, 1616945454.8455677]
[1616945448.8218915, 1616945454.9805508]
[1616945448.8231246, 1616945455.0323062]
[1616945448.9493752, 1616945455.035896]
[1616945448.9356296, 1616945455.0600193]
[1616945449.2026377, 1616945455.272347]
[1616945449.1407416, 1616945455.2927022]
[1616945449.1666493, 1616945455.3351345]
[1616945449.423383, 1616945455.677468]
[1616945449.0906038, 1616945455.357428]
[1616945449.562138, 1616945455.7581005]
[1616945449.4118674, 1616945455.739494]
[1616945449.3032448, 1616945455.4477854]
[1616945449.4502165, 1616945455.5230532]
[1616945449.5520995, 1616945455.6642692]
[1616945449.4780638, 1616945455.66704]
[1616945449.6562696, 1616945455.8685057]
[1616945449.4674675, 1616945455.5234857]
[1616945449.5841212, 1616945455.7376642]
[1616945449.8445811, 1616945456.0344615]
[1616945449.8446004, 1616945455.9453437]
[1616945449.963246, 1616945456.248774]
[1616945450.072784, 1616945456.14573]
[1616945450.0615454, 1616945456.2435887]
[1616945450.3195984, 1616945456.5274158]
[1616945450.03502, 1616945456.0246038]
[1616945450.2337112, 1616945456.4624374]
[1616945450.0914478, 1616945456.3079183]
[1616945450.4023685, 1616945456.6258073]
[1616945450.3933294, 1616945456.642604]
[1616945450.402784, 1616945456.578783]
[1616945450.5037954, 1616945456.638279]
[1616945450.4851072, 1616945456.7102146]
[1616945450.7855046, 1616945457.044697]
[1616945450.7311916, 1616945456.8442495]
[1616945450.7988136, 1616945456.8620882]
[1616945450.846901, 1616945457.0350218]
[1616945450.994023, 1616945457.1875193]
[1616945451.0193105, 1616945457.1089401]
[1616945450.9675515, 1616945457.1857393]
[1616945450.816216, 1616945456.8268576]
[1616945451.0534608, 1616945457.112452]
[1616945451.0913951, 1616945457.1314373]
[1616945451.2279325, 1616945457.277837]
[1616945451.2538095, 1616945457.327799]
[1616945451.3822477, 1616945457.4469862]
[1616945451.358428, 1616945457.4688752]
[1616945451.397898, 1616945457.4359016]
[1616945451.5539832, 1616945457.6860106]
[1616945451.4742389, 1616945457.5615985]
[1616945451.480426, 1616945457.5213532]
[1616945451.648573, 1616945457.743822]
[1616945451.585935, 1616945457.629575]
[1616945451.5860455, 1616945457.6650457]
[1616945451.6323838, 1616945457.7436364]
[1616945451.6540067, 1616945457.8484795]
[1616945451.9550314, 1616945458.0628984]
[1616945451.7384324, 1616945457.8166358]
[1616945451.9817216, 1616945457.9472213]
[1616945451.7359858, 1616945457.789921]
[1616945452.022482, 1616945458.12463]
[1616945452.0389814, 1616945458.250994]
[1616945451.9872234, 1616945458.0440955]
[1616945452.0590208, 1616945458.0468667]
[1616945451.937182, 1616945457.92048]
[1616945451.997876, 1616945458.0767977]
[1616945452.1801057, 1616945458.2789]
[1616945452.2063413, 1616945458.244795]
[1616945452.2393403, 1616945458.440743]
[1616945452.379195, 1616945458.4719472]
[1616945452.250173, 1616945458.3494928]
[1616945452.2608662, 1616945458.3876781]
[1616945452.3245738, 1616945458.4575107]
[1616945452.3293598, 1616945458.4844692]
[1616945452.4065099, 1616945458.6112218]
[1616945452.4714644, 1616945458.6146636]
[1616945452.4562304, 1616945458.555634]
[1616945452.4984329, 1616945458.86569]
[1616945452.4653966, 1616945458.741775]
[1616945452.7383294, 1616945458.8120832]
[1616945452.4530709, 1616945458.537836]
[1616945452.7463644, 1616945458.9344275]
[1616945452.6624146, 1616945458.7829099]
[1616945452.6634169, 1616945458.895793]
[1616945452.5770252, 1616945458.665093]
[1616945452.7112973, 1616945458.8270345]
[1616945452.795583, 1616945458.843754]
[1616945452.733843, 1616945458.9896066]
[1616945452.8231363, 1616945459.1881497]
[1616945452.7021706, 1616945458.7889588]
[1616945452.9335701, 1616945459.0316713]
[1616945452.8267457, 1616945458.8744402]
[1616945452.8205414, 1616945458.793027]
[1616945452.9513454, 1616945458.9020963]
[1616945453.0142167, 1616945459.0309808]
[1616945452.9277592, 1616945459.0184457]
[1616945453.022073, 1616945459.1599152]
[1616945452.879631, 1616945458.9543877]
[1616945452.919463, 1616945458.9025528]
[1616945453.0219755, 1616945459.226133]
[1616945453.0402796, 1616945459.416046]
[1616945453.0152838, 1616945459.0877771]
[1616945452.934248, 1616945459.0520477]
[1616945453.028144, 1616945459.1708686]
[1616945453.0354626, 1616945459.1255727]
[1616945453.100914, 1616945459.1776075]
[1616945453.11073, 1616945459.1687596]
[1616945453.1174927, 1616945459.2476773]
[1616945453.1757176, 1616945459.3923178]
[1616945453.2970743, 1616945459.3678765]
[1616945453.204027, 1616945459.5769022]
[1616945453.2422957, 1616945459.3923757]
[1616945453.410598, 1616945459.6823726]
[1616945453.267372, 1616945459.3299003]
[1616945453.4707267, 1616945459.8762324]
[1616945453.2792165, 1616945459.424405]
[1616945453.3919635, 1616945459.542591]
[1616945453.3430052, 1616945459.6539545]
[1616945453.3142707, 1616945459.340593]
[1616945453.387649, 1616945459.706437]
[1616945453.4537995, 1616945459.618715]
[1616945453.3759184, 1616945459.5691967]
[1616945453.4419942, 1616945459.7862306]
[1616945453.364825, 1616945459.5147471]
[1616945453.621394, 1616945459.7351766]
[1616945453.4858325, 1616945459.6858492]
[1616945453.4484482, 1616945459.6050107]
[1616945453.5177214, 1616945459.5840821]
[1616945453.4352343, 1616945459.4143262]
[1616945453.499275, 1616945459.7138891]
[1616945453.4111407, 1616945459.5997107]
[1616945453.5003712, 1616945459.9195163]
[1616945453.5308714, 1616945459.6503134]
[1616945453.5437236, 1616945459.5705523]
[1616945453.5677924, 1616945459.9552505]
[1616945453.6044664, 1616945459.868379]
[1616945453.5043514, 1616945459.5540395]
[1616945453.5836258, 1616945459.7081006]
[1616945453.5094128, 1616945459.690871]
[1616945453.7096303, 1616945459.9917297]
[1616945453.5664048, 1616945459.699652]
[1616945453.6412315, 1616945459.7040417]
[1616945453.66132, 1616945459.7881749]
[1616945453.660302, 1616945459.8865151]
[1616945453.6767993, 1616945459.9236984]
[1616945453.5750732, 1616945459.7224095]
[1616945453.6301258, 1616945459.8455148]
[1616945453.6577277, 1616945459.8735642]
[1616945453.713399, 1616945459.9089203]
[1616945454.57462, 1616945462.1473737]
[1616945453.68223, 1616945459.8417697]
[1616945453.7029953, 1616945459.9486802]
[1616945454.5223987, 1616945461.5968056]
[1616945453.6653843, 1616945459.9236252]
[1616945453.7406619, 1616945459.9229968]
[1616945453.774966, 1616945459.8522167]
[1616945454.5952375, 1616945461.7576969]
[1616945454.5974784, 1616945462.329055]
[1616945453.6825929, 1616945459.9192977]
[1616945453.7886777, 1616945459.9530735]
[1616945454.6256156, 1616945462.3200908]
[1616945453.701555, 1616945459.9385083]
[1616945453.7228322, 1616945459.909378]
[1616945453.7381232, 1616945460.1167676]
[1616945454.5902543, 1616945462.2743416]
[1616945454.5743244, 1616945462.1699219]
[1616945453.7993507, 1616945460.0702465]
[1616945453.7968776, 1616945459.9513834]
[1616945453.7667518, 1616945459.9615352]
[1616945453.8033404, 1616945460.0026512]
[1616945453.7314763, 1616945459.9124725]
[1616945454.5657318, 1616945461.6847076]
[1616945454.5486028, 1616945461.7405484]
[1616945454.619715, 1616945462.268996]
[1616945454.5717254, 1616945462.19247]
[1616945454.5811224, 1616945461.7429707]
[1616945454.5949337, 1616945462.184125]
[1616945454.590633, 1616945462.2038648]
[1616945454.6498423, 1616945462.3377233]
[1616945453.771021, 1616945459.8151915]
[1616945454.6143665, 1616945461.731002]
[1616945454.6873949, 1616945461.8115633]
[1616945453.8995135, 1616945459.9430904]
[1616945454.5861566, 1616945462.1717532]
[1616945454.590981, 1616945462.2624817]
[1616945454.6601918, 1616945461.750338]
[1616945454.6638372, 1616945462.2817256]
