[1616945285.1488006, 1616945287.868128]
[1616945285.563031, 1616945288.2954125]
[1616945285.2894897, 1616945287.9916859]
[1616945285.1712267, 1616945287.8959665]
[1616945285.548233, 1616945288.2303896]
[1616945285.1786296, 1616945287.8784647]
[1616945285.4441664, 1616945288.1337786]
[1616945285.5587008, 1616945288.2311187]
[1616945284.9174087, 1616945287.6318538]
[1616945285.1442297, 1616945287.8992605]
[1616945285.349495, 1616945288.0708098]
[1616945285.7143872, 1616945288.4390416]
[1616945285.5924509, 1616945288.295833]
[1616945285.415602, 1616945288.1252725]
[1616945285.5223653, 1616945288.2262046]
[1616945285.3452394, 1616945288.0150151]
[1616945285.1443028, 1616945287.8696337]
[1616945285.4709373, 1616945288.1743882]
[1616945285.415592, 1616945288.1145756]
[1616945285.3114064, 1616945288.012886]
[1616945285.5029771, 1616945288.1976676]
[1616945285.9194915, 1616945288.6391506]
[1616945286.116853, 1616945288.811788]
[1616945286.2923682, 1616945288.9877493]
[1616945286.2304568, 1616945288.9438796]
[1616945286.0822182, 1616945288.7944922]
[1616945286.0254648, 1616945288.7321188]
[1616945286.5565312, 1616945289.2331948]
[1616945286.372296, 1616945289.0951042]
[1616945286.6721833, 1616945289.3697143]
[1616945286.7652166, 1616945289.4249232]
[1616945286.8189023, 1616945289.5237858]
[1616945286.5516257, 1616945289.2672977]
[1616945286.3215358, 1616945289.014036]
[1616945286.95098, 1616945289.6428888]
[1616945287.1614537, 1616945289.8826003]
[1616945286.8800526, 1616945289.597819]
[1616945286.8072257, 1616945289.6692326]
[1616945287.3336258, 1616945289.964716]
[1616945287.0336857, 1616945289.7178617]
[1616945287.3368747, 1616945289.9701204]
[1616945287.3057468, 1616945289.9621654]
[1616945287.6649902, 1616945290.361034]
[1616945287.5260978, 1616945290.2526546]
[1616945287.5855925, 1616945290.3120885]
[1616945287.599336, 1616945290.2676866]
[1616945287.779301, 1616945290.443824]
[1616945288.0461574, 1616945290.698768]
[1616945287.827027, 1616945290.532998]
[1616945288.0800846, 1616945290.7833402]
[1616945288.3890362, 1616945291.0842896]
[1616945288.227491, 1616945290.938566]
[1616945288.221886, 1616945290.9139593]
[1616945288.5839157, 1616945291.352147]
[1616945288.8409207, 1616945291.5185528]
[1616945288.9381888, 1616945291.656308]
[1616945288.8154078, 1616945291.5090308]
[1616945288.9776542, 1616945291.660474]
[1616945288.8366811, 1616945291.5421822]
[1616945289.1418843, 1616945291.8590403]
[1616945289.0591614, 1616945291.7576566]
[1616945288.949534, 1616945291.6649587]
[1616945289.36789, 1616945292.0690904]
[1616945289.075236, 1616945291.7651772]
[1616945289.6017005, 1616945292.3015568]
[1616945289.4914613, 1616945292.169162]
[1616945289.478481, 1616945292.1557794]
[1616945289.6425335, 1616945292.349216]
[1616945289.7037585, 1616945292.3799605]
[1616945289.7607763, 1616945292.4474294]
[1616945289.6937714, 1616945292.3897674]
[1616945289.9303176, 1616945292.6457567]
[1616945289.948438, 1616945292.6332865]
[1616945290.1157572, 1616945292.7676995]
[1616945289.985761, 1616945292.6161966]
[1616945290.282357, 1616945292.952039]
[1616945290.0621612, 1616945292.7226362]
[1616945290.0605652, 1616945292.6873577]
[1616945290.5271857, 1616945293.2418761]
[1616945290.4478638, 1616945293.115186]
[1616945290.5881615, 1616945293.2944412]
[1616945290.6057742, 1616945293.310324]
[1616945290.3755307, 1616945293.0712132]
[1616945290.7022302, 1616945293.3593428]
[1616945290.7790046, 1616945293.4494054]
[1616945291.0669825, 1616945293.7751586]
[1616945290.987546, 1616945293.7207336]
[1616945291.0812056, 1616945293.7897284]
[1616945291.0764523, 1616945293.7846544]
[1616945291.2701252, 1616945293.9566052]
[1616945290.995612, 1616945293.680981]
[1616945291.077096, 1616945293.7438216]
[1616945291.3286219, 1616945294.007328]
[1616945291.120114, 1616945293.8244777]
[1616945291.3699405, 1616945294.103828]
[1616945291.514075, 1616945294.1838984]
[1616945291.533425, 1616945294.2142177]
[1616945291.4866638, 1616945294.1586905]
[1616945291.721162, 1616945294.4274726]
[1616945291.714905, 1616945294.4276066]
[1616945291.716472, 1616945294.3879874]
[1616945291.76505, 1616945294.4746757]
[1616945291.841253, 1616945294.5296354]
[1616945291.7207336, 1616945294.4592257]
[1616945292.04016, 1616945294.7333543]
[1616945291.9027913, 1616945294.6363225]
[1616945291.886737, 1616945294.5883126]
[1616945292.0269158, 1616945294.7504013]
[1616945292.1994374, 1616945294.8833692]
[1616945292.369079, 1616945295.0862968]
[1616945292.1374054, 1616945294.8357904]
[1616945292.2333992, 1616945294.9379025]
[1616945292.5724857, 1616945295.2740316]
[1616945292.5870595, 1616945295.2801638]
[1616945292.7463963, 1616945295.42179]
[1616945292.9175406, 1616945295.6535652]
[1616945292.578802, 1616945295.2844138]
[1616945292.8757737, 1616945295.4904487]
[1616945292.863109, 1616945295.523898]
[1616945292.9493535, 1616945295.6215315]
[1616945292.9510298, 1616945295.5833158]
[1616945293.1144059, 1616945295.8000314]
[1616945293.2244837, 1616945295.8886428]
[1616945293.444602, 1616945296.1241446]
[1616945293.2941806, 1616945296.0261788]
[1616945293.3539789, 1616945296.0750663]
[1616945293.662562, 1616945296.3673596]
[1616945293.470956, 1616945296.1787214]
[1616945293.6338947, 1616945296.6554484]
[1616945293.5455182, 1616945296.1956446]
[1616945293.4675033, 1616945296.1702995]
[1616945293.6241913, 1616945296.3210118]
[1616945293.7498336, 1616945296.412887]
[1616945293.8914187, 1616945296.5751698]
[1616945294.1076217, 1616945296.8192585]
[1616945294.0927994, 1616945296.803375]
[1616945294.1865318, 1616945296.8840885]
[1616945294.244904, 1616945296.9154255]
[1616945294.3631876, 1616945297.07856]
[1616945294.387295, 1616945297.07151]
[1616945294.4497666, 1616945297.1634457]
[1616945294.3201425, 1616945296.9948783]
[1616945294.6440907, 1616945297.3733406]
[1616945294.3853555, 1616945297.0982366]
[1616945294.507927, 1616945297.2077036]
[1616945294.6637757, 1616945297.3590581]
[1616945294.7943604, 1616945297.5078945]
[1616945294.759825, 1616945297.4767246]
[1616945294.5800443, 1616945297.27961]
[1616945295.062802, 1616945297.783603]
[1616945294.9416, 1616945297.6328986]
[1616945295.0578759, 1616945297.7605746]
[1616945295.1037483, 1616945297.817321]
[1616945295.0105283, 1616945297.6998863]
[1616945295.1293225, 1616945297.8235688]
[1616945295.2544374, 1616945297.9416137]
[1616945295.3298366, 1616945298.028899]
[1616945295.1179223, 1616945297.841597]
[1616945295.181444, 1616945297.8959043]
[1616945295.4408753, 1616945298.0997007]
[1616945295.2854762, 1616945297.9943793]
[1616945295.5029542, 1616945298.1447296]
[1616945295.453307, 1616945298.165703]
[1616945295.4350455, 1616945298.1282983]
[1616945295.5508509, 1616945298.2054446]
[1616945295.3858647, 1616945298.0929775]
[1616945295.688669, 1616945298.3648186]
[1616945295.6667233, 1616945298.3952775]
[1616945295.7376318, 1616945298.3734858]
[1616945295.8195333, 1616945298.504983]
[1616945295.7753782, 1616945298.47805]
[1616945295.897861, 1616945298.5497105]
[1616945295.9178364, 1616945298.584783]
[1616945296.0459123, 1616945298.7601595]
[1616945296.0008614, 1616945298.7161796]
[1616945296.1014297, 1616945298.8011487]
[1616945296.170761, 1616945298.850374]
[1616945296.180068, 1616945298.840428]
[1616945296.2829185, 1616945298.952355]
[1616945296.3760784, 1616945299.1755598]
[1616945296.4169486, 1616945299.119245]
[1616945296.5779538, 1616945299.2282145]
[1616945296.3689137, 1616945299.0586345]
[1616945296.5701687, 1616945299.2425714]
[1616945296.4954128, 1616945299.1610258]
[1616945296.6259978, 1616945299.298836]
[1616945296.7437932, 1616945299.4024868]
[1616945296.677902, 1616945299.4292223]
[1616945296.6347911, 1616945299.3494656]
[1616945296.9701157, 1616945299.6816175]
[1616945296.8077989, 1616945299.522154]
[1616945296.8877769, 1616945299.5821736]
[1616945296.9589996, 1616945299.660188]
[1616945296.9976838, 1616945299.6991634]
[1616945297.3977036, 1616945300.129347]
[1616945297.258802, 1616945299.9572883]
[1616945297.0685658, 1616945299.7378821]
[1616945297.1214697, 1616945299.818923]
[1616945297.2054238, 1616945299.9035258]
[1616945297.3108888, 1616945300.02805]
[1616945297.2968335, 1616945300.0063455]
[1616945297.440927, 1616945300.1438072]
[1616945297.4301238, 1616945300.1827216]
[1616945297.6080317, 1616945300.2575006]
[1616945297.488158, 1616945300.2094605]
[1616945297.5236914, 1616945300.2063873]
[1616945297.4353795, 1616945300.1241708]
[1616945297.7433372, 1616945300.4349217]
[1616945297.785593, 1616945300.4748266]
[1616945297.8090904, 1616945300.5890377]
[1616945297.8329647, 1616945300.5367615]
[1616945297.8530352, 1616945300.5966036]
[1616945297.7479174, 1616945300.4445314]
[1616945297.9310157, 1616945300.6097116]
[1616945297.8800795, 1616945300.639691]
[1616945297.893679, 1616945300.5639195]
[1616945297.926542, 1616945300.6371894]
[1616945298.0092254, 1616945300.696202]
[1616945298.167284, 1616945300.8086395]
[1616945298.1079035, 1616945300.789081]
[1616945298.296587, 1616945300.9510348]
[1616945298.3490183, 1616945301.0128355]
[1616945298.413617, 1616945301.1184006]
[1616945298.3277206, 1616945301.0359433]
[1616945298.3596675, 1616945301.0629663]
[1616945298.6680555, 1616945301.3081264]
[1616945298.7136276, 1616945301.333046]
[1616945298.5306797, 1616945301.2237103]
[1616945298.7043438, 1616945301.3467643]
[1616945298.524238, 1616945301.1897368]
[1616945298.72559, 1616945301.451899]
[1616945298.785933, 1616945301.5003965]
[1616945298.913288, 1616945301.6082065]
[1616945298.9416213, 1616945301.5890512]
[1616945299.0021083, 1616945301.6590025]
[1616945299.101804, 1616945301.7889385]
[1616945298.8396473, 1616945301.5892193]
[1616945299.0497375, 1616945301.7133648]
[1616945299.075697, 1616945301.7688296]
[1616945299.2433412, 1616945301.9368026]
[1616945299.0683064, 1616945301.7420118]
[1616945299.200146, 1616945301.8718405]
[1616945299.1881733, 1616945301.9226549]
[1616945299.5091784, 1616945302.181468]
[1616945299.2706118, 1616945301.9243822]
[1616945299.2768507, 1616945301.9925025]
[1616945299.392409, 1616945302.1018205]
[1616945299.3294184, 1616945301.9959307]
[1616945299.4213405, 1616945302.0649226]
[1616945299.5043118, 1616945302.4364872]
[1616945299.505858, 1616945302.1854146]
[1616945299.6582365, 1616945302.3584187]
[1616945299.977768, 1616945302.6738708]
[1616945299.702163, 1616945302.373819]
[1616945299.8671682, 1616945302.570891]
[1616945300.1072898, 1616945302.787124]
[1616945299.9380596, 1616945302.5936003]
[1616945300.1010048, 1616945302.8180492]
[1616945300.162476, 1616945302.8915188]
[1616945299.928721, 1616945302.6196883]
[1616945300.073328, 1616945302.789462]
[1616945300.090899, 1616945302.7977266]
[1616945300.231292, 1616945302.9453783]
[1616945300.2851818, 1616945302.9077592]
[1616945300.1653934, 1616945302.8916686]
[1616945300.3603983, 1616945303.0544174]
[1616945300.3042836, 1616945302.9842823]
[1616945300.6239045, 1616945303.319277]
[1616945300.5289884, 1616945303.2212799]
[1616945300.6872191, 1616945303.3933697]
[1616945300.7150853, 1616945303.4056244]
[1616945300.671918, 1616945303.413026]
[1616945300.474978, 1616945303.1548119]
[1616945300.5863717, 1616945303.2495384]
[1616945300.7682579, 1616945303.473371]
[1616945300.90166, 1616945303.5637758]
[1616945300.8814797, 1616945303.5259426]
[1616945300.774127, 1616945303.4871092]
[1616945300.9118884, 1616945303.5939102]
[1616945301.0069332, 1616945303.6923609]
[1616945301.0957682, 1616945303.8002481]
[1616945300.9798627, 1616945303.6310942]
[1616945301.076789, 1616945303.7898262]
[1616945301.2919269, 1616945303.9634626]
[1616945301.1161826, 1616945303.7754412]
[1616945301.4694169, 1616945304.1850965]
[1616945301.3054037, 1616945304.006929]
[1616945301.2743907, 1616945303.957785]
[1616945301.4548864, 1616945304.1476831]
[1616945301.4044125, 1616945304.0395334]
[1616945301.3542328, 1616945304.0151455]
[1616945301.3586702, 1616945303.9912796]
[1616945301.6069725, 1616945304.2535348]
[1616945301.729546, 1616945304.3968422]
[1616945301.6391692, 1616945304.3241663]
[1616945301.607048, 1616945304.313603]
[1616945301.721836, 1616945304.3818853]
[1616945302.035775, 1616945304.7289019]
[1616945301.945046, 1616945304.6272411]
[1616945301.8656306, 1616945304.5604165]
[1616945302.1510558, 1616945304.866167]
[1616945301.9737628, 1616945304.6286669]
[1616945302.1371331, 1616945304.8391347]
[1616945302.0713108, 1616945304.7286692]
[1616945302.2300234, 1616945304.918318]
[1616945302.3168862, 1616945305.078296]
[1616945302.3884366, 1616945305.0811431]
[1616945302.2750678, 1616945304.9481847]
[1616945302.3332696, 1616945305.1498067]
[1616945302.5336075, 1616945305.2595358]
[1616945302.329803, 1616945305.002884]
[1616945302.3906138, 1616945305.0823917]
[1616945302.4108906, 1616945305.084641]
[1616945302.6039402, 1616945305.2872262]
[1616945302.4242177, 1616945305.1369627]
[1616945302.8503592, 1616945305.5542824]
[1616945302.575614, 1616945305.2751136]
[1616945302.6172502, 1616945305.3014286]
[1616945302.7049568, 1616945305.4143147]
[1616945302.99841, 1616945305.6953335]
[1616945302.8291306, 1616945305.5233774]
[1616945303.0196683, 1616945305.7705886]
[1616945302.9430504, 1616945305.5756803]
[1616945303.275211, 1616945305.9438848]
[1616945302.953752, 1616945305.6492832]
[1616945303.2470098, 1616945305.9295287]
[1616945303.0148814, 1616945305.7813764]
[1616945303.3344057, 1616945306.0056794]
[1616945302.9956975, 1616945305.6756537]
[1616945303.3805058, 1616945306.0836403]
[1616945303.3431785, 1616945306.0036752]
[1616945303.4126616, 1616945306.0987577]
[1616945303.415539, 1616945306.1319394]
[1616945303.4530559, 1616945306.154995]
[1616945303.4815884, 1616945306.1908753]
[1616945303.486327, 1616945306.1700258]
[1616945303.5671303, 1616945306.2267447]
[1616945303.7710402, 1616945306.4520998]
[1616945303.679374, 1616945306.33604]
[1616945303.6631174, 1616945306.324111]
[1616945303.6155548, 1616945306.3130176]
[1616945304.0652392, 1616945306.7098947]
[1616945303.913043, 1616945306.605429]
[1616945304.2635775, 1616945306.9558103]
[1616945303.816137, 1616945306.5304654]
[1616945303.9441097, 1616945306.6102717]
[1616945303.957715, 1616945306.6828249]
[1616945304.176501, 1616945306.8140593]
[1616945304.2585146, 1616945306.9165905]
[1616945304.1664085, 1616945306.8738854]
[1616945304.3913124, 1616945307.0800338]
[1616945304.3944259, 1616945307.0581899]
[1616945304.4055166, 1616945307.0489967]
[1616945304.2456396, 1616945306.9546793]
[1616945304.4684415, 1616945307.1766126]
[1616945304.5685847, 1616945307.2439806]
[1616945304.6270654, 1616945307.2952573]
[1616945304.496904, 1616945307.1396034]
[1616945304.7537072, 1616945307.4141064]
[1616945304.5657866, 1616945307.2570145]
[1616945304.6964839, 1616945307.3606434]
[1616945304.7851827, 1616945307.4867878]
[1616945304.87223, 1616945307.5889559]
[1616945305.1950474, 1616945307.944003]
[1616945305.0727894, 1616945307.7498493]
[1616945305.037759, 1616945307.7196138]
[1616945305.0925696, 1616945307.7818775]
[1616945305.1699376, 1616945307.8885446]
[1616945305.1623719, 1616945307.8507621]
[1616945305.12969, 1616945307.8137636]
[1616945305.1750908, 1616945307.8654473]
[1616945305.3062758, 1616945308.0015616]
[1616945305.496095, 1616945308.199213]
[1616945305.3396597, 1616945308.0111883]
[1616945305.4072196, 1616945308.174494]
[1616945305.4420047, 1616945308.13882]
[1616945305.4094162, 1616945308.103403]
[1616945305.4012516, 1616945308.1001515]
[1616945305.5543199, 1616945308.2398243]
[1616945305.5790565, 1616945308.2895908]
[1616945305.8541536, 1616945308.5360808]
[1616945305.6601162, 1616945308.3720865]
[1616945305.8972414, 1616945308.532921]
[1616945305.7917936, 1616945308.529696]
[1616945305.8386662, 1616945308.5491872]
[1616945306.0457835, 1616945308.6998456]
[1616945305.840995, 1616945308.5456614]
[1616945305.9610176, 1616945308.6360176]
[1616945305.945428, 1616945308.6423092]
[1616945306.1407778, 1616945308.8675766]
[1616945306.2347226, 1616945308.876683]
[1616945306.37744, 1616945309.069476]
[1616945306.3784127, 1616945309.0960293]
[1616945306.3392632, 1616945308.9944885]
[1616945306.306676, 1616945309.0135422]
[1616945306.3988767, 1616945309.0846305]
[1616945306.371389, 1616945309.0542912]
[1616945306.2601361, 1616945308.952384]
[1616945306.4996307, 1616945309.190715]
[1616945306.5180001, 1616945309.193311]
[1616945306.4776788, 1616945309.1478338]
[1616945306.6827407, 1616945309.3762114]
[1616945306.9636633, 1616945309.6798592]
[1616945306.887969, 1616945309.5742395]
[1616945306.777126, 1616945309.4876056]
[1616945306.9077647, 1616945309.5683954]
[1616945306.929359, 1616945309.6053789]
[1616945307.223855, 1616945309.8698678]
[1616945307.1205184, 1616945309.810575]
[1616945307.2735362, 1616945309.969204]
[1616945307.0703862, 1616945309.7249675]
[1616945307.3804483, 1616945310.1129553]
[1616945307.2018857, 1616945309.9330146]
[1616945307.0693195, 1616945309.7654407]
[1616945307.3639424, 1616945310.0409207]
[1616945307.3795564, 1616945310.0459392]
[1616945307.6810937, 1616945310.3749363]
[1616945307.680319, 1616945310.3899908]
[1616945307.333846, 1616945310.0139349]
[1616945307.7257504, 1616945310.395429]
[1616945307.5997753, 1616945310.3119655]
[1616945307.6652544, 1616945310.3262067]
[1616945307.7891457, 1616945310.476918]
[1616945307.9069135, 1616945310.6171756]
[1616945307.7744195, 1616945310.444482]
[1616945307.564488, 1616945310.2461376]
[1616945307.7943687, 1616945310.4984863]
[1616945307.9258301, 1616945310.6072326]
[1616945308.0577724, 1616945310.7393394]
[1616945308.012582, 1616945310.6765232]
[1616945308.1174438, 1616945310.805845]
[1616945308.0005407, 1616945310.7431803]
[1616945308.287356, 1616945310.9915197]
[1616945308.23124, 1616945310.9235158]
[1616945308.1942506, 1616945310.913322]
[1616945308.6709733, 1616945311.3886132]
[1616945308.4751625, 1616945311.1756618]
[1616945308.4862034, 1616945311.198802]
[1616945308.636684, 1616945311.3410254]
[1616945308.545052, 1616945311.2270787]
[1616945308.4729142, 1616945311.195123]
[1616945308.577004, 1616945311.3190863]
[1616945308.6426861, 1616945311.2756927]
[1616945308.866154, 1616945311.5371468]
[1616945308.927973, 1616945311.6318223]
[1616945308.9217062, 1616945311.5643673]
[1616945308.9393058, 1616945311.6422489]
[1616945308.867725, 1616945311.590204]
[1616945308.8341832, 1616945311.4954076]
[1616945308.9298131, 1616945311.627758]
[1616945309.0212584, 1616945311.7131011]
[1616945309.1206415, 1616945311.839153]
[1616945309.237813, 1616945311.9353619]
[1616945309.2601242, 1616945311.939926]
[1616945309.302611, 1616945311.991381]
[1616945309.4576569, 1616945312.1471012]
[1616945309.332962, 1616945312.035597]
[1616945309.2469773, 1616945311.9535804]
[1616945309.6449, 1616945312.3082156]
[1616945309.4354398, 1616945312.1199822]
[1616945309.475044, 1616945312.1235287]
[1616945309.6883833, 1616945312.4049098]
[1616945309.7508588, 1616945312.4331374]
[1616945309.6763084, 1616945312.3495693]
[1616945309.695541, 1616945312.3426757]
[1616945309.7344525, 1616945312.3717656]
[1616945309.7934766, 1616945312.4414911]
[1616945309.7673314, 1616945312.4742386]
[1616945309.738236, 1616945312.3742843]
[1616945309.863315, 1616945312.5428627]
[1616945310.2072527, 1616945312.8918061]
[1616945309.8119733, 1616945312.47662]
[1616945310.067178, 1616945312.7198906]
[1616945310.1510618, 1616945312.8796072]
[1616945310.3837624, 1616945313.0725145]
[1616945310.2869172, 1616945312.979415]
[1616945310.1993291, 1616945312.893274]
[1616945310.5125916, 1616945313.2317371]
[1616945310.37117, 1616945313.0666952]
[1616945310.4082472, 1616945313.0909207]
[1616945310.2743118, 1616945312.9487224]
[1616945310.3492098, 1616945313.0411458]
[1616945310.6717052, 1616945313.3923733]
[1616945310.6039033, 1616945313.282357]
[1616945310.5240304, 1616945313.2221205]
[1616945310.7552805, 1616945313.4886894]
[1616945310.887013, 1616945313.6008573]
[1616945310.7904701, 1616945313.4747393]
[1616945310.8481781, 1616945313.530511]
[1616945310.9476495, 1616945313.6447587]
[1616945310.8362055, 1616945313.5222917]
[1616945311.2124717, 1616945313.9312682]
[1616945310.6947417, 1616945313.351304]
[1616945310.8638017, 1616945313.5768917]
[1616945311.1591682, 1616945313.8500593]
[1616945311.1893682, 1616945313.8988206]
[1616945311.33335, 1616945314.0399384]
[1616945311.2982316, 1616945313.9801073]
[1616945311.290094, 1616945313.9155424]
[1616945311.4218202, 1616945314.10696]
[1616945311.5343015, 1616945314.2139523]
[1616945311.577631, 1616945314.199415]
[1616945311.3589647, 1616945314.0554314]
[1616945311.632378, 1616945314.355262]
[1616945311.6537395, 1616945314.370647]
[1616945311.728157, 1616945314.407846]
[1616945311.7725294, 1616945314.4712226]
[1616945311.6439445, 1616945314.3652017]
[1616945312.0393217, 1616945314.7370355]
[1616945311.8604336, 1616945314.586903]
[1616945311.9342759, 1616945314.5967815]
[1616945312.0228825, 1616945314.6996903]
[1616945312.0843449, 1616945314.7557793]
[1616945312.1215422, 1616945314.7962375]
[1616945312.1645384, 1616945314.82956]
[1616945312.4040415, 1616945315.0752006]
[1616945312.2289758, 1616945314.896546]
[1616945312.3364382, 1616945315.030534]
[1616945312.402763, 1616945315.0311515]
[1616945312.4518218, 1616945315.1242223]
[1616945312.3437786, 1616945315.0361412]
[1616945312.709215, 1616945315.3913317]
[1616945312.402407, 1616945315.082245]
[1616945312.6377273, 1616945315.3011546]
[1616945312.7650733, 1616945315.4805403]
[1616945312.7269197, 1616945315.3841038]
[1616945312.7472565, 1616945315.4500299]
[1616945312.7789905, 1616945315.4782584]
[1616945312.9774666, 1616945315.653244]
[1616945312.789273, 1616945315.4534025]
[1616945312.9734008, 1616945315.648534]
[1616945313.060324, 1616945315.722539]
[1616945313.2660003, 1616945315.9581616]
[1616945312.9486005, 1616945315.6244652]
[1616945313.094473, 1616945315.7924488]
[1616945313.4216135, 1616945316.1556125]
[1616945313.1062696, 1616945315.7998312]
[1616945313.0785775, 1616945315.7838285]
[1616945313.334165, 1616945316.0251427]
[1616945313.3732276, 1616945316.0454319]
[1616945313.2991538, 1616945315.953572]
[1616945313.3433044, 1616945316.04161]
[1616945313.5876112, 1616945316.3142195]
[1616945313.5792034, 1616945316.2722697]
[1616945313.65746, 1616945316.36181]
[1616945313.709704, 1616945316.456752]
[1616945313.6917152, 1616945316.377157]
[1616945313.7474666, 1616945316.4316642]
[1616945313.770605, 1616945316.5120802]
[1616945313.9767096, 1616945316.6971292]
[1616945313.7945077, 1616945316.4821749]
[1616945313.9168572, 1616945316.6261141]
[1616945313.6351898, 1616945316.3444757]
[1616945314.050019, 1616945316.797466]
[1616945314.16565, 1616945316.8830233]
[1616945314.0585492, 1616945316.7324216]
[1616945313.868749, 1616945316.562627]
[1616945313.9230497, 1616945316.560239]
[1616945314.1360505, 1616945316.8373914]
[1616945314.4479632, 1616945317.1358538]
[1616945314.130996, 1616945316.83615]
[1616945314.1379373, 1616945316.8515298]
[1616945314.4658759, 1616945317.1733055]
[1616945314.4920228, 1616945317.1928592]
[1616945314.2814605, 1616945316.9651725]
[1616945314.6831498, 1616945317.4863212]
[1616945314.5707798, 1616945317.2812731]
[1616945314.5887647, 1616945317.31277]
[1616945314.6963208, 1616945317.3962772]
[1616945314.896124, 1616945317.5716474]
[1616945314.9631972, 1616945317.582437]
[1616945314.91026, 1616945317.5630894]
[1616945314.8267562, 1616945317.4871695]
[1616945314.971837, 1616945317.6653063]
[1616945314.831165, 1616945317.5233414]
[1616945314.9936903, 1616945317.643082]
[1616945314.9626057, 1616945317.5846756]
[1616945314.9600654, 1616945317.6510434]
[1616945314.9541738, 1616945317.652294]
[1616945315.0552807, 1616945317.7328908]
[1616945315.3892174, 1616945318.0467312]
[1616945315.3661418, 1616945317.9915247]
[1616945315.116269, 1616945317.779566]
[1616945315.4369023, 1616945318.124417]
[1616945315.3119688, 1616945317.9872952]
[1616945315.3412762, 1616945318.008858]
[1616945315.512837, 1616945318.2575245]
[1616945315.3146355, 1616945317.989498]
[1616945315.5119572, 1616945318.203621]
[1616945315.6092672, 1616945318.2946815]
[1616945315.6410139, 1616945318.3212938]
[1616945315.7183757, 1616945318.3775432]
[1616945315.8174558, 1616945318.490097]
[1616945315.6866841, 1616945318.476892]
[1616945315.6181166, 1616945318.3151252]
[1616945315.8687692, 1616945318.5700314]
[1616945315.9266274, 1616945318.6151505]
[1616945315.9393651, 1616945318.61668]
[1616945315.940141, 1616945318.618714]
[1616945315.976599, 1616945318.6823313]
[1616945316.0607197, 1616945318.724597]
[1616945316.0137901, 1616945318.6487453]
[1616945316.2559655, 1616945318.955343]
[1616945315.9561346, 1616945318.6560755]
[1616945316.183028, 1616945318.898642]
[1616945316.3016555, 1616945319.0489936]
[1616945316.4350588, 1616945319.1495807]
[1616945316.3604424, 1616945319.0734112]
[1616945316.4979756, 1616945319.169156]
[1616945316.3156765, 1616945319.001347]
[1616945316.6185079, 1616945319.3143458]
[1616945316.7783237, 1616945319.454473]
[1616945316.6754603, 1616945319.3887832]
[1616945316.851885, 1616945319.5780041]
[1616945316.7276988, 1616945319.4429524]
[1616945316.9442687, 1616945319.6351695]
[1616945316.9585783, 1616945319.6731892]
[1616945316.9213705, 1616945319.627286]
[1616945317.018902, 1616945319.730091]
[1616945316.9819312, 1616945319.6511433]
[1616945316.9939003, 1616945319.6246698]
[1616945317.1339264, 1616945319.8173993]
[1616945316.9219236, 1616945319.6535957]
[1616945317.1221912, 1616945319.8196747]
[1616945317.1759956, 1616945319.8837395]
[1616945317.3259966, 1616945320.0344505]
[1616945317.4281824, 1616945320.1173341]
[1616945317.1022213, 1616945319.8397582]
[1616945317.3239517, 1616945320.0533416]
[1616945317.266597, 1616945319.9818258]
[1616945317.176575, 1616945319.889832]
[1616945317.5910885, 1616945320.2219832]
[1616945317.6457574, 1616945320.2719162]
[1616945317.7039917, 1616945320.3947105]
[1616945317.5683093, 1616945320.2763996]
[1616945317.4573965, 1616945320.154633]
[1616945317.6922455, 1616945320.3906076]
[1616945317.7541223, 1616945320.419483]
[1616945317.9249816, 1616945320.6314626]
[1616945317.890088, 1616945320.5504959]
[1616945318.1063461, 1616945320.7757516]
[1616945318.314443, 1616945320.9997365]
[1616945318.241728, 1616945320.925133]
[1616945318.0137184, 1616945320.6219256]
[1616945318.0524058, 1616945320.6895528]
[1616945318.1050637, 1616945320.7514334]
[1616945318.422049, 1616945321.0929213]
[1616945318.1572754, 1616945320.8218422]
[1616945318.4199367, 1616945321.0638187]
[1616945318.5284004, 1616945321.2380557]
[1616945318.5091066, 1616945321.1904533]
[1616945318.3680155, 1616945321.067519]
[1616945318.574121, 1616945321.2847314]
[1616945318.5726223, 1616945321.25631]
[1616945318.5548372, 1616945321.2686515]
[1616945318.7772965, 1616945321.480837]
[1616945318.6529498, 1616945321.3315592]
[1616945318.771533, 1616945321.450229]
[1616945318.9227293, 1616945321.5864775]
[1616945318.925755, 1616945321.6184578]
[1616945318.9665797, 1616945321.662839]
[1616945318.8444536, 1616945321.534828]
[1616945319.0190377, 1616945321.7122295]
[1616945319.3843322, 1616945322.0912364]
[1616945319.1039815, 1616945321.8270736]
[1616945318.9117703, 1616945321.6472235]
[1616945318.8511324, 1616945321.48605]
[1616945319.231753, 1616945321.9224463]
[1616945319.0730681, 1616945321.757435]
[1616945319.2373343, 1616945321.941987]
[1616945319.3800652, 1616945322.0145402]
[1616945319.7169774, 1616945322.4297144]
[1616945319.5507705, 1616945322.2485065]
[1616945319.5482082, 1616945322.2690198]
[1616945319.628035, 1616945322.3078666]
[1616945319.601571, 1616945322.305459]
[1616945319.5428894, 1616945322.229077]
[1616945319.8173966, 1616945322.509367]
[1616945319.6861095, 1616945322.409053]
[1616945319.7947206, 1616945322.4540086]
[1616945319.7403092, 1616945322.4664066]
[1616945320.0113275, 1616945322.7044103]
[1616945319.8519785, 1616945322.586571]
[1616945319.8729043, 1616945322.5646079]
[1616945319.956942, 1616945322.6997402]
[1616945319.9476328, 1616945322.6372042]
[1616945320.0812805, 1616945322.82156]
[1616945320.170926, 1616945322.8765194]
[1616945320.3236744, 1616945323.0130765]
[1616945320.1211345, 1616945322.8258002]
[1616945320.1234276, 1616945322.8431313]
[1616945320.5055466, 1616945323.205311]
[1616945320.4748893, 1616945323.177439]
[1616945320.4414144, 1616945323.127206]
[1616945320.3235788, 1616945322.9616735]
[1616945320.4931133, 1616945323.199394]
[1616945320.3729126, 1616945323.0070388]
[1616945320.5347931, 1616945323.2539122]
[1616945320.717205, 1616945323.3563218]
[1616945320.8261964, 1616945323.5066044]
[1616945320.9005878, 1616945323.5915334]
[1616945320.7728722, 1616945323.4358096]
[1616945320.9069777, 1616945323.540802]
[1616945320.8980665, 1616945323.5756948]
[1616945320.917918, 1616945323.5771978]
[1616945321.11522, 1616945323.7999978]
[1616945321.0798182, 1616945323.7649007]
[1616945320.993112, 1616945323.673427]
[1616945321.125097, 1616945323.7930522]
[1616945321.1242185, 1616945323.8025532]
[1616945321.4102237, 1616945324.0973845]
[1616945321.1853778, 1616945323.8089933]
[1616945321.477339, 1616945324.1607726]
[1616945321.4460475, 1616945324.2310226]
[1616945321.433395, 1616945324.1498456]
[1616945321.5915508, 1616945324.2451212]
[1616945321.6420372, 1616945324.3082254]
[1616945321.539943, 1616945324.2186644]
[1616945321.812108, 1616945324.5015209]
[1616945321.761867, 1616945324.448618]
[1616945321.880895, 1616945324.6125233]
[1616945321.6351476, 1616945324.332112]
[1616945321.934949, 1616945324.6185522]
[1616945322.013916, 1616945324.6902788]
[1616945321.8922691, 1616945324.5675354]
[1616945322.043108, 1616945324.7349]
[1616945322.0290952, 1616945324.6553154]
[1616945322.092768, 1616945324.8344882]
[1616945322.333311, 1616945325.0322921]
[1616945322.2021937, 1616945324.8757224]
[1616945322.1387932, 1616945324.8381443]
[1616945322.402663, 1616945325.0920107]
[1616945322.374998, 1616945325.078874]
[1616945322.5778859, 1616945325.2411985]
[1616945322.3284163, 1616945325.0122201]
[1616945322.3731387, 1616945325.081991]
[1616945322.64924, 1616945325.3563209]
[1616945322.4828992, 1616945325.1889598]
[1616945322.6879032, 1616945325.3744724]
[1616945322.6821287, 1616945325.4216197]
[1616945322.7012057, 1616945325.3642318]
[1616945322.7927563, 1616945325.462867]
[1616945322.8178577, 1616945325.5398376]
[1616945322.868231, 1616945325.5791614]
[1616945323.1414044, 1616945325.879413]
[1616945323.0292642, 1616945325.703645]
[1616945323.0835385, 1616945325.844973]
[1616945323.037872, 1616945325.6614296]
[1616945323.1407037, 1616945325.832473]
[1616945323.1259847, 1616945325.8329582]
[1616945323.0628703, 1616945325.6896727]
[1616945323.3453174, 1616945326.0682878]
[1616945323.28586, 1616945325.9971223]
[1616945323.2115834, 1616945325.9048076]
[1616945323.413691, 1616945326.0807824]
[1616945323.7232046, 1616945326.353398]
[1616945323.4780817, 1616945326.1527712]
[1616945323.6940336, 1616945326.3678417]
[1616945323.6129892, 1616945326.3057547]
[1616945323.6345618, 1616945326.2982833]
[1616945323.7354014, 1616945326.4360056]
[1616945323.6846788, 1616945326.3795624]
[1616945323.8118694, 1616945326.4722493]
[1616945323.9233375, 1616945326.55978]
[1616945323.931345, 1616945326.6209788]
[1616945323.9763653, 1616945326.6400988]
[1616945324.1215825, 1616945326.8008995]
[1616945324.2141507, 1616945326.917505]
[1616945324.078418, 1616945326.7462792]
[1616945324.195694, 1616945326.8756256]
[1616945324.2629874, 1616945326.9399798]
[1616945324.2966323, 1616945326.95171]
[1616945324.1987896, 1616945326.9067209]
[1616945324.3435683, 1616945327.025356]
[1616945324.2822793, 1616945326.9901004]
[1616945324.6688507, 1616945327.3054156]
[1616945324.4305334, 1616945327.0943062]
[1616945324.547437, 1616945327.2350907]
[1616945324.6067266, 1616945327.2862065]
[1616945324.6194842, 1616945327.3497713]
[1616945324.7947195, 1616945327.4822614]
[1616945324.7437682, 1616945327.45765]
[1616945324.808477, 1616945327.518602]
[1616945324.801278, 1616945327.4846592]
[1616945324.7317858, 1616945327.413736]
[1616945324.967398, 1616945327.6383834]
[1616945324.9842212, 1616945327.722871]
[1616945324.846175, 1616945327.5438857]
[1616945325.181977, 1616945327.9229734]
[1616945325.276802, 1616945327.9302285]
[1616945325.1416645, 1616945327.8282971]
[1616945325.2195039, 1616945327.9337628]
[1616945325.2333965, 1616945327.9338448]
[1616945325.2493916, 1616945327.9245324]
[1616945325.2185879, 1616945327.9320393]
[1616945325.323777, 1616945328.0393903]
[1616945325.38621, 1616945328.075965]
[1616945325.435769, 1616945328.1681201]
[1616945325.4786375, 1616945328.1707368]
[1616945325.5581467, 1616945328.2972074]
[1616945325.521842, 1616945328.1640596]
[1616945325.5350115, 1616945328.2001648]
[1616945325.529922, 1616945328.2431147]
[1616945325.6367397, 1616945328.3555975]
[1616945325.6373243, 1616945328.3119135]
[1616945325.7347016, 1616945328.4116333]
[1616945325.6960542, 1616945328.33267]
[1616945325.8884559, 1616945328.6079466]
[1616945325.9059691, 1616945328.5942729]
[1616945326.0233667, 1616945328.7464795]
[1616945325.9116337, 1616945328.6021326]
[1616945325.96009, 1616945328.654788]
[1616945325.843447, 1616945328.5628912]
[1616945326.161509, 1616945328.8270042]
[1616945326.1187952, 1616945328.8320913]
[1616945326.201629, 1616945328.8611276]
[1616945326.1173844, 1616945328.768753]
[1616945326.3179653, 1616945329.01203]
[1616945326.246385, 1616945328.9258091]
[1616945326.1681402, 1616945328.789696]
[1616945326.2425637, 1616945328.9316359]
[1616945326.3554335, 1616945329.0432498]
[1616945326.3042548, 1616945328.9587972]
[1616945326.5148, 1616945329.2027235]
[1616945326.4216282, 1616945329.0551898]
[1616945326.4094844, 1616945329.0844944]
[1616945326.4251428, 1616945329.1387212]
[1616945326.480512, 1616945329.157418]
[1616945326.3858848, 1616945329.0907357]
[1616945326.7108402, 1616945329.3793693]
[1616945326.5860484, 1616945329.2126224]
[1616945326.6281428, 1616945329.3317537]
[1616945326.6983168, 1616945329.3508327]
[1616945326.6935675, 1616945329.3520436]
[1616945326.807722, 1616945329.4774952]
[1616945326.848087, 1616945329.5010865]
[1616945326.8817792, 1616945329.7162125]
[1616945326.938845, 1616945329.6731102]
[1616945327.048386, 1616945329.7440856]
[1616945326.7993042, 1616945329.5933409]
[1616945326.8330534, 1616945329.5528243]
[1616945326.9937015, 1616945329.7153382]
[1616945327.026152, 1616945329.6949492]
[1616945326.9999642, 1616945329.6630852]
[1616945327.128206, 1616945329.828944]
[1616945327.0254169, 1616945329.7111702]
[1616945326.9190738, 1616945329.6115541]
[1616945327.105572, 1616945329.7783375]
[1616945327.2479646, 1616945329.9704468]
[1616945327.0755105, 1616945329.736234]
[1616945327.0857098, 1616945329.7739472]
[1616945327.13525, 1616945329.7949903]
[1616945327.2467792, 1616945329.9363792]
[1616945327.3357506, 1616945330.0278494]
[1616945327.3182368, 1616945329.9626293]
[1616945327.255612, 1616945329.904286]
[1616945327.3059092, 1616945329.9987702]
[1616945327.528569, 1616945330.2326]
[1616945327.5336564, 1616945330.2263236]
[1616945327.475116, 1616945330.177124]
[1616945327.492039, 1616945330.1699731]
[1616945327.4157276, 1616945330.1258225]
[1616945327.5425422, 1616945330.2301378]
[1616945327.6055608, 1616945330.257385]
[1616945327.7143726, 1616945330.3940845]
[1616945327.5741212, 1616945330.2675786]
[1616945327.7977612, 1616945330.4348705]
[1616945327.694043, 1616945330.4026892]
[1616945327.7181354, 1616945330.4041026]
[1616945327.7246723, 1616945330.4319043]
[1616945327.6621644, 1616945330.3065133]
[1616945327.8630154, 1616945330.5824716]
[1616945327.847593, 1616945330.5289145]
[1616945328.0495036, 1616945330.7634172]
[1616945327.7873921, 1616945330.479142]
[1616945327.784758, 1616945330.5022562]
[1616945327.7935429, 1616945330.5117147]
[1616945328.0990267, 1616945330.7953515]
[1616945328.02976, 1616945330.7429512]
[1616945327.9910948, 1616945330.7014418]
[1616945328.1631277, 1616945330.8609715]
[1616945328.1455486, 1616945330.8372948]
[1616945328.2052875, 1616945330.8587818]
[1616945327.9405792, 1616945330.6476016]
[1616945328.1844225, 1616945330.9036908]
[1616945328.2147164, 1616945330.8967824]
[1616945328.2308726, 1616945330.9328554]
[1616945328.2742813, 1616945330.9079735]
[1616945328.1770914, 1616945330.8488827]
[1616945328.1573546, 1616945330.9002743]
[1616945328.2552612, 1616945330.9357042]
[1616945328.1311843, 1616945330.7890525]
[1616945328.2765782, 1616945330.9137459]
[1616945328.2874436, 1616945330.9367404]
[1616945328.2616954, 1616945330.9201672]
[1616945328.378874, 1616945331.1468434]
[1616945328.3491776, 1616945330.9733214]
[1616945328.3498864, 1616945331.0527935]
[1616945328.4035323, 1616945331.1140666]
[1616945328.5017927, 1616945331.1806965]
[1616945328.4301336, 1616945331.1291926]
[1616945328.4583955, 1616945331.1792018]
[1616945328.55029, 1616945331.2766936]
[1616945328.4326527, 1616945331.1131618]
[1616945328.5130076, 1616945331.1840777]
[1616945328.4423923, 1616945331.1288064]
[1616945328.511105, 1616945331.1623013]
[1616945328.6848495, 1616945331.404458]
[1616945328.5352707, 1616945331.235134]
[1616945328.6835585, 1616945331.387532]
[1616945328.6642327, 1616945331.3449597]
[1616945328.6185496, 1616945331.3600729]
[1616945328.6374438, 1616945331.3290288]
[1616945328.674708, 1616945331.3718023]
[1616945328.779815, 1616945331.4411185]
[1616945328.716997, 1616945331.4371347]
[1616945328.8561118, 1616945331.5514588]
[1616945328.9193838, 1616945331.592704]
[1616945328.8219461, 1616945331.4532306]
[1616945328.8522832, 1616945331.5679476]
[1616945328.8733015, 1616945331.5392334]
[1616945328.9118464, 1616945331.568463]
[1616945328.953399, 1616945331.626698]
[1616945328.928562, 1616945331.6211083]
[1616945328.9320555, 1616945331.6170895]
[1616945328.9121819, 1616945331.5292203]
[1616945328.9900565, 1616945331.7061925]
[1616945328.8369675, 1616945331.4965262]
[1616945328.9983342, 1616945331.6879044]
[1616945328.8397503, 1616945331.556028]
[1616945328.8677874, 1616945331.6248965]
[1616945328.983253, 1616945331.6214328]
[1616945329.0889509, 1616945331.8072295]
[1616945329.068422, 1616945331.694408]
[1616945329.1160142, 1616945331.824079]
[1616945328.904507, 1616945331.6003199]
[1616945329.0696619, 1616945331.7667909]
[1616945329.1028078, 1616945331.7866557]
[1616945329.008523, 1616945331.7069926]
[1616945329.179184, 1616945331.8893466]
[1616945329.1324017, 1616945331.8419359]
[1616945329.134155, 1616945331.8116324]
[1616945329.1517305, 1616945331.8484385]
[1616945328.9585762, 1616945331.6668265]
[1616945329.245602, 1616945331.9834795]
[1616945329.2173226, 1616945331.9263263]
[1616945329.2585025, 1616945331.9273756]
[1616945329.2877073, 1616945331.972579]
[1616945329.1680887, 1616945331.8296008]
[1616945329.1329293, 1616945331.8246267]
[1616945329.2243307, 1616945331.8382535]
[1616945329.272867, 1616945331.9426744]
[1616945329.1572595, 1616945331.832928]
[1616945329.1276252, 1616945331.774866]
[1616945329.136882, 1616945331.8043835]
[1616945329.2135623, 1616945331.9094315]
[1616945329.2484112, 1616945331.972166]
[1616945329.4018939, 1616945332.1287355]
[1616945329.2353423, 1616945331.9661682]
[1616945329.318464, 1616945332.0186868]
[1616945329.175724, 1616945331.8532646]
[1616945329.4358544, 1616945332.1380415]
[1616945329.1146717, 1616945331.7884214]
[1616945329.2669125, 1616945331.943309]
[1616945329.3057883, 1616945332.0320778]
[1616945329.4276605, 1616945332.1138206]
[1616945329.3996165, 1616945332.0718272]
[1616945329.377633, 1616945332.024557]
[1616945329.4269779, 1616945332.1674144]
[1616945329.3245938, 1616945332.0896797]
[1616945329.3831887, 1616945332.0896392]
[1616945329.3525445, 1616945332.0375037]
[1616945329.44512, 1616945332.139808]
[1616945329.437905, 1616945332.1471698]
[1616945329.3078666, 1616945332.0052989]
[1616945329.4351628, 1616945332.122659]
[1616945329.3727667, 1616945332.0260415]
[1616945329.3195949, 1616945331.9700272]
[1616945329.4137168, 1616945332.1543114]
[1616945329.4724724, 1616945332.1773162]
[1616945329.5076118, 1616945332.166668]
[1616945329.3568022, 1616945332.057642]
[1616945329.4100416, 1616945332.1242213]
[1616945329.4707837, 1616945332.181751]
[1616945329.4294944, 1616945332.1333966]
[1616945329.4869812, 1616945332.2001219]
[1616945329.4611456, 1616945332.124008]
[1616945329.4882944, 1616945332.2108777]
[1616945329.2940807, 1616945332.0448968]
[1616945329.439101, 1616945332.1296904]
[1616945329.4651446, 1616945332.167153]
[1616945329.4850197, 1616945332.1376922]
[1616945329.4507937, 1616945332.1557605]
[1616945329.5011027, 1616945332.971291]
[1616945329.4702299, 1616945332.1645665]
[1616945329.3431087, 1616945332.0534344]
[1616945329.4911196, 1616945332.2321267]
[1616945330.2763338, 1616945333.7333684]
[1616945329.469874, 1616945332.1490052]
[1616945329.3851337, 1616945332.0807354]
