[1616804661.507139, 1616804662.2774143]
[1616804662.1378636, 1616804664.7758622]
[1616804661.868852, 1616804662.6280062]
[1616804662.2214546, 1616804662.9581873]
[1616804662.1885285, 1616804662.8366423]
[1616804662.0881402, 1616804662.7633889]
[1616804661.3624456, 1616804663.4132817]
[1616804662.0756571, 1616804662.7478466]
[1616804661.6331115, 1616804662.3013058]
[1616804662.0443523, 1616804662.7706878]
[1616804661.8295906, 1616804662.6012614]
[1616804662.2285044, 1616804662.9806378]
[1616804662.0096443, 1616804662.7112682]
[1616804661.862682, 1616804662.59914]
[1616804661.9754934, 1616804662.670981]
[1616804661.6144917, 1616804662.3445792]
[1616804662.132089, 1616804662.8132696]
[1616804662.5342145, 1616804663.2932692]
[1616804662.0321257, 1616804662.7164116]
[1616804661.4316437, 1616804662.1391368]
[1616804662.0623596, 1616804663.7482905]
[1616804662.7278423, 1616804663.46508]
[1616804662.5095828, 1616804663.17921]
[1616804662.3552346, 1616804663.052818]
[1616804662.4717531, 1616804663.195028]
[1616804662.3455422, 1616804663.037405]
[1616804662.3260996, 1616804663.6442742]
[1616804662.8663847, 1616804663.54749]
[1616804663.3899083, 1616804665.1599417]
[1616804663.0247827, 1616804663.778038]
[1616804663.8020017, 1616804664.5392697]
[1616804662.888104, 1616804663.5643868]
[1616804663.4518037, 1616804664.1355114]
[1616804663.4957483, 1616804665.1332603]
[1616804663.6342015, 1616804664.3594177]
[1616804663.5673418, 1616804664.238088]
[1616804663.5383208, 1616804664.2032907]
[1616804663.7231214, 1616804664.4053516]
[1616804664.0171463, 1616804664.7914007]
[1616804663.7468758, 1616804665.4407637]
[1616804663.940831, 1616804664.6404393]
[1616804664.5440893, 1616804665.2160742]
[1616804664.561864, 1616804665.2159188]
[1616804664.5559366, 1616804665.263815]
[1616804664.6850972, 1616804665.3622346]
[1616804664.1596756, 1616804664.8212893]
[1616804664.6337304, 1616804665.3315003]
[1616804664.9340396, 1616804665.6397684]
[1616804664.9467402, 1616804666.298579]
[1616804665.0545745, 1616804665.72167]
[1616804665.21925, 1616804665.899845]
[1616804665.0981529, 1616804665.7557683]
[1616804665.348951, 1616804666.030744]
[1616804665.398746, 1616804666.1150072]
[1616804665.3038447, 1616804665.97291]
[1616804665.5957556, 1616804666.2424653]
[1616804665.5393946, 1616804667.035565]
[1616804666.0418937, 1616804666.7256682]
[1616804665.5672512, 1616804666.2180839]
[1616804665.6374304, 1616804666.3566673]
[1616804666.3094258, 1616804667.039359]
[1616804665.8846958, 1616804666.6062639]
[1616804666.3033123, 1616804668.8459744]
[1616804666.016057, 1616804666.7128186]
[1616804666.3924654, 1616804667.6953511]
[1616804666.2678351, 1616804666.9108503]
[1616804666.3166137, 1616804667.0274136]
[1616804666.2306511, 1616804666.8675468]
[1616804666.4411678, 1616804667.1509848]
[1616804666.6993222, 1616804667.4470634]
[1616804666.4079852, 1616804667.1087503]
[1616804666.7865527, 1616804667.5230074]
[1616804666.5929437, 1616804667.2607815]
[1616804666.6785402, 1616804667.4028244]
[1616804666.8707209, 1616804667.6682587]
[1616804666.9697561, 1616804667.921907]
[1616804667.097984, 1616804667.8280263]
[1616804667.0705655, 1616804667.7263434]
[1616804666.6435473, 1616804667.3680735]
[1616804667.2143807, 1616804667.9608572]
[1616804667.1234102, 1616804667.872117]
[1616804667.6584067, 1616804668.3588514]
[1616804667.0655825, 1616804670.1381698]
[1616804667.3422334, 1616804668.0421493]
[1616804667.6027508, 1616804668.2914631]
[1616804667.7551181, 1616804668.4021828]
[1616804667.4089048, 1616804668.082302]
[1616804667.6162472, 1616804668.3331573]
[1616804667.7288086, 1616804669.475041]
[1616804667.803436, 1616804668.4749138]
[1616804667.8863416, 1616804668.566245]
[1616804667.7745347, 1616804668.4802182]
[1616804667.7734687, 1616804670.6774764]
[1616804668.0547235, 1616804668.7628965]
[1616804668.281075, 1616804669.0642645]
[1616804668.293749, 1616804670.0858033]
[1616804668.2514575, 1616804668.9605157]
[1616804668.4109232, 1616804669.094164]
[1616804668.4425948, 1616804669.1947677]
[1616804668.414967, 1616804669.0913243]
[1616804668.7402365, 1616804669.410997]
[1616804668.576448, 1616804669.2779539]
[1616804668.6763852, 1616804669.370861]
[1616804668.613344, 1616804669.283263]
[1616804668.9390483, 1616804670.5923855]
[1616804668.994273, 1616804669.6764789]
[1616804669.2109394, 1616804669.9657538]
[1616804669.2831404, 1616804669.991353]
[1616804669.1676905, 1616804669.892769]
[1616804669.120961, 1616804669.771693]
[1616804668.9705641, 1616804670.0611715]
[1616804669.3136632, 1616804672.2731917]
[1616804669.29836, 1616804670.0115888]
[1616804669.4638586, 1616804670.1147716]
[1616804669.5197394, 1616804670.195275]
[1616804669.4691164, 1616804670.9138038]
[1616804669.5772877, 1616804670.3013883]
[1616804669.6478724, 1616804670.3850586]
[1616804669.7065196, 1616804670.3971057]
[1616804669.816594, 1616804670.4907467]
[1616804669.8619578, 1616804670.6278203]
[1616804669.923172, 1616804670.62613]
[1616804670.0117729, 1616804670.751565]
[1616804669.637389, 1616804670.3174164]
[1616804670.3112493, 1616804671.0242312]
[1616804670.274682, 1616804670.9899347]
[1616804670.2731535, 1616804670.953697]
[1616804670.2788253, 1616804670.9366825]
[1616804670.45041, 1616804672.1222599]
[1616804670.5163748, 1616804671.1832924]
[1616804670.4510388, 1616804671.1364393]
[1616804670.5741005, 1616804671.3370361]
[1616804670.5920992, 1616804671.2960749]
[1616804670.838011, 1616804671.715897]
[1616804670.6614661, 1616804671.480072]
[1616804671.028952, 1616804671.7101617]
[1616804670.8031416, 1616804671.5112383]
[1616804670.813596, 1616804671.5414667]
[1616804670.9376616, 1616804671.6180003]
[1616804671.0928082, 1616804672.310859]
[1616804671.026373, 1616804672.5799513]
[1616804671.2087607, 1616804671.9162295]
[1616804671.447141, 1616804672.207468]
[1616804670.9199064, 1616804671.6012774]
[1616804671.4133449, 1616804674.0597048]
[1616804671.6188238, 1616804672.7236187]
[1616804671.146491, 1616804671.8576734]
[1616804671.443617, 1616804672.1033304]
[1616804671.5975487, 1616804672.3316455]
[1616804671.4706028, 1616804672.186281]
[1616804671.4472036, 1616804672.2108493]
[1616804671.5202634, 1616804672.2195146]
[1616804671.6043096, 1616804672.3688574]
[1616804671.8148673, 1616804672.4897017]
[1616804671.7361598, 1616804672.4042866]
[1616804671.7166383, 1616804672.4379494]
[1616804671.8069327, 1616804672.5376863]
[1616804671.719652, 1616804672.390464]
[1616804671.781791, 1616804672.45322]
[1616804671.9852157, 1616804672.7214084]
[1616804672.1646597, 1616804672.954977]
[1616804671.9950674, 1616804672.658529]
[1616804672.1222892, 1616804672.817747]
[1616804672.093834, 1616804672.7914517]
[1616804672.0682986, 1616804672.7691417]
[1616804671.9734035, 1616804672.6180704]
[1616804672.4406111, 1616804673.127097]
[1616804672.41911, 1616804674.1328337]
[1616804672.4282117, 1616804673.091626]
[1616804672.5042632, 1616804673.1769242]
[1616804672.4887664, 1616804673.1775043]
[1616804672.7457948, 1616804673.4328046]
[1616804672.6982374, 1616804673.3558588]
[1616804672.6349218, 1616804673.2797294]
[1616804672.8296673, 1616804673.4831314]
[1616804673.12003, 1616804673.7843766]
[1616804672.7562742, 1616804675.0681295]
[1616804672.9815426, 1616804673.678154]
[1616804673.0449824, 1616804673.756453]
[1616804672.921814, 1616804673.613371]
[1616804673.1384943, 1616804673.817518]
[1616804673.0703259, 1616804673.791465]
[1616804673.0529737, 1616804674.4297283]
[1616804673.3693693, 1616804674.053049]
[1616804673.2678409, 1616804673.9168706]
[1616804673.5062902, 1616804674.167881]
[1616804673.394623, 1616804674.1074197]
[1616804673.3895702, 1616804674.0745068]
[1616804673.3305745, 1616804674.0114677]
[1616804673.5101798, 1616804674.1909697]
[1616804673.6672876, 1616804674.3097205]
[1616804673.6182165, 1616804674.7198434]
[1616804673.6082232, 1616804676.9875169]
[1616804673.6033585, 1616804674.257351]
[1616804673.802087, 1616804674.555872]
[1616804673.5694153, 1616804674.2284205]
[1616804673.8916488, 1616804675.2657762]
[1616804674.0247126, 1616804675.372041]
[1616804674.0757802, 1616804674.7748477]
[1616804673.8551743, 1616804674.569122]
[1616804673.9135413, 1616804675.1451244]
[1616804673.9855049, 1616804674.7064433]
[1616804674.111791, 1616804675.5500753]
[1616804674.1172292, 1616804674.776631]
[1616804673.9767013, 1616804675.5816185]
[1616804674.2476735, 1616804674.9328296]
[1616804674.2809274, 1616804674.9782846]
[1616804674.3656058, 1616804675.611959]
[1616804674.272131, 1616804674.9369185]
[1616804674.54967, 1616804675.3175907]
[1616804674.6114836, 1616804676.2455223]
[1616804674.5806751, 1616804675.2414734]
[1616804674.4178102, 1616804675.061238]
[1616804674.5697157, 1616804677.0908775]
[1616804675.0526998, 1616804675.7586677]
[1616804674.714498, 1616804675.4137979]
[1616804674.5559087, 1616804675.244203]
[1616804674.7499275, 1616804675.4506001]
[1616804675.0248873, 1616804676.7231035]
[1616804675.0570843, 1616804675.735462]
[1616804674.8859618, 1616804675.589052]
[1616804674.8704896, 1616804675.5743475]
[1616804674.8703048, 1616804675.5663805]
[1616804675.236392, 1616804675.8938324]
[1616804674.9613583, 1616804675.6058378]
[1616804675.3251057, 1616804678.1334825]
[1616804675.2277691, 1616804675.9303365]
[1616804675.4523551, 1616804676.1857047]
[1616804675.411443, 1616804676.6349149]
[1616804675.3205497, 1616804677.1624658]
[1616804675.352586, 1616804676.626845]
[1616804675.3993695, 1616804676.0763261]
[1616804675.3825817, 1616804676.0179658]
[1616804675.6050658, 1616804676.3588166]
[1616804675.5210938, 1616804676.256447]
[1616804675.58405, 1616804678.0576425]
[1616804675.6376338, 1616804676.318057]
[1616804675.5868099, 1616804676.2900949]
[1616804675.9941823, 1616804676.6515238]
[1616804675.7750144, 1616804676.4588835]
[1616804675.8097801, 1616804676.4573476]
[1616804675.9517944, 1616804688.828736]
[1616804676.306491, 1616804677.0054748]
[1616804676.2747412, 1616804677.4594395]
[1616804676.0927393, 1616804676.7902555]
[1616804676.0720823, 1616804676.777449]
[1616804676.2236025, 1616804676.9467223]
[1616804676.3557696, 1616804677.0197506]
[1616804676.1754498, 1616804676.8464675]
[1616804676.544823, 1616804677.2281904]
[1616804676.4053595, 1616804678.179832]
[1616804676.3815281, 1616804677.1148696]
[1616804676.4453754, 1616804677.2028959]
[1616804676.2862077, 1616804678.6734638]
[1616804676.6617057, 1616804677.3507407]
[1616804676.537365, 1616804677.2935188]
[1616804676.6742964, 1616804678.4511309]
[1616804676.7854433, 1616804679.1858943]
[1616804676.8568115, 1616804677.4847438]
[1616804676.8816175, 1616804677.9359202]
[1616804677.008266, 1616804677.7586899]
[1616804676.9998186, 1616804677.652741]
[1616804676.9320395, 1616804677.6163185]
[1616804676.8281064, 1616804678.3880398]
[1616804676.838639, 1616804678.1281447]
[1616804676.7382, 1616804682.7927632]
[1616804676.8888955, 1616804677.5263839]
[1616804676.9649167, 1616804681.4793699]
[1616804677.2400634, 1616804677.8943503]
[1616804677.4976785, 1616804678.2542226]
[1616804677.1540275, 1616804678.5838513]
[1616804677.635343, 1616804678.320239]
[1616804677.293246, 1616804681.8099978]
[1616804677.3246176, 1616804680.9629943]
[1616804677.48602, 1616804681.2026198]
[1616804677.6649497, 1616804678.364248]
[1616804677.5615513, 1616804678.198511]
[1616804677.6567667, 1616804684.5749707]
[1616804677.4951787, 1616804679.3623705]
[1616804677.6626747, 1616804678.6005735]
[1616804677.6939068, 1616804678.373821]
[1616804677.9722028, 1616804678.6641533]
[1616804678.1323516, 1616804678.769646]
[1616804678.0229738, 1616804685.1437469]
[1616804677.8902175, 1616804678.6442292]
[1616804677.976104, 1616804678.6395202]
[1616804678.0158556, 1616804678.7044213]
[1616804678.1968331, 1616804679.0051732]
[1616804678.1627321, 1616804678.8715827]
[1616804678.3869874, 1616804679.078637]
[1616804678.2130928, 1616804679.2344677]
[1616804678.1705208, 1616804678.8504496]
[1616804678.305661, 1616804679.0471516]
[1616804678.4938731, 1616804679.1719337]
[1616804678.5131547, 1616804679.1636033]
[1616804678.6188536, 1616804679.2765315]
[1616804678.6940203, 1616804679.438538]
[1616804678.6030347, 1616804679.700451]
[1616804678.6816742, 1616804679.329759]
[1616804678.6743655, 1616804680.1709423]
[1616804678.735981, 1616804679.448101]
[1616804678.8370047, 1616804680.7225232]
[1616804678.8569295, 1616804680.5244849]
[1616804678.8259041, 1616804679.658541]
[1616804678.9982784, 1616804679.732526]
[1616804679.2074738, 1616804679.8701077]
[1616804678.8108313, 1616804679.4800057]
[1616804678.901699, 1616804679.5646484]
[1616804679.1432414, 1616804679.8407495]
[1616804678.8928893, 1616804680.3171744]
[1616804678.9125884, 1616804679.6148944]
[1616804679.1412559, 1616804679.7996929]
[1616804679.3144608, 1616804680.1300564]
[1616804679.3087933, 1616804679.9874852]
[1616804679.3699577, 1616804681.1376162]
[1616804679.4279687, 1616804680.0935245]
[1616804679.3413122, 1616804680.0629585]
[1616804679.707115, 1616804680.3835196]
[1616804679.659605, 1616804693.7432494]
[1616804679.7436578, 1616804680.4128776]
[1616804679.6561306, 1616804680.653075]
[1616804679.8156319, 1616804680.5003798]
[1616804679.740886, 1616804680.481527]
[1616804679.8411689, 1616804680.5752096]
[1616804679.9099057, 1616804680.5709097]
[1616804680.0981388, 1616804680.8215528]
[1616804680.0452058, 1616804682.5934029]
[1616804680.1540318, 1616804680.8207328]
[1616804680.0593011, 1616804682.3154323]
[1616804680.1047847, 1616804680.737348]
[1616804680.3416622, 1616804680.9685128]
[1616804680.5488214, 1616804681.2531533]
[1616804680.2981024, 1616804681.5184226]
[1616804680.527732, 1616804681.2232754]
[1616804680.5430768, 1616804683.7345324]
[1616804680.3449268, 1616804681.0321386]
[1616804680.3218155, 1616804681.0285544]
[1616804680.5931773, 1616804681.2784646]
[1616804680.636532, 1616804682.1208305]
[1616804680.655642, 1616804682.3082721]
[1616804680.735294, 1616804681.3860922]
[1616804680.6600718, 1616804681.3041236]
[1616804680.629134, 1616804682.031553]
[1616804680.80477, 1616804681.4500115]
[1616804680.8617399, 1616804684.0679874]
[1616804680.8670495, 1616804681.5864806]
[1616804681.021664, 1616804681.6593623]
[1616804681.084015, 1616804681.7530694]
[1616804681.0323303, 1616804681.697157]
[1616804681.145293, 1616804681.9450943]
[1616804681.3419223, 1616804684.074152]
[1616804681.0491211, 1616804691.2717984]
[1616804681.155106, 1616804681.8126416]
[1616804681.4341438, 1616804683.0584447]
[1616804681.4110374, 1616804682.064454]
[1616804681.5275645, 1616804682.210218]
[1616804681.3360791, 1616804682.9388926]
[1616804681.5628052, 1616804682.225436]
[1616804681.3304737, 1616804683.5095482]
[1616804681.768871, 1616804682.4893675]
[1616804681.7972612, 1616804682.4885635]
[1616804681.7382948, 1616804682.415767]
[1616804681.897591, 1616804682.65832]
[1616804681.8673055, 1616804682.5020652]
[1616804681.7743065, 1616804682.4192417]
[1616804682.0004277, 1616804683.8569436]
[1616804682.0209386, 1616804682.6582932]
[1616804682.071309, 1616804682.7699757]
[1616804682.045252, 1616804683.0513883]
[1616804682.1024919, 1616804682.7757611]
[1616804682.0656965, 1616804684.9260032]
[1616804682.1173434, 1616804686.0717826]
[1616804682.2708483, 1616804682.9610279]
[1616804682.2786956, 1616804682.972809]
[1616804682.4563425, 1616804683.1131613]
[1616804682.4891446, 1616804683.1537848]
[1616804682.2976112, 1616804682.99257]
[1616804682.4090478, 1616804683.1024716]
[1616804682.679044, 1616804683.3655257]
[1616804682.4616377, 1616804683.6822083]
[1616804682.6829307, 1616804683.3341947]
[1616804682.8282444, 1616804684.653654]
[1616804682.8232872, 1616804683.4827797]
[1616804682.7629292, 1616804684.3168578]
[1616804682.8727093, 1616804683.5255785]
[1616804682.8366344, 1616804684.2789273]
[1616804683.0751905, 1616804684.3614361]
[1616804683.1641526, 1616804683.829598]
[1616804683.1572134, 1616804684.9748375]
[1616804683.057177, 1616804683.766068]
[1616804683.2878232, 1616804693.3212128]
[1616804683.1460505, 1616804683.800426]
[1616804683.4474308, 1616804684.1197913]
[1616804683.5051053, 1616804684.2003512]
[1616804683.3478417, 1616804683.9833474]
[1616804683.5308247, 1616804684.1603632]
[1616804683.5231242, 1616804684.1775959]
[1616804683.6497748, 1616804684.3357792]
[1616804683.5234027, 1616804684.389844]
[1616804683.7793667, 1616804684.484218]
[1616804683.6258008, 1616804684.333169]
[1616804683.6786723, 1616804686.4523067]
[1616804683.6948936, 1616804684.3820698]
[1616804683.5786905, 1616804684.2239509]
[1616804684.0095723, 1616804684.6912155]
[1616804683.9197397, 1616804685.2149942]
[1616804683.8733087, 1616804684.5555587]
[1616804683.9535954, 1616804684.6500044]
[1616804684.064629, 1616804685.7394505]
[1616804683.7903516, 1616804684.560766]
[1616804684.0177836, 1616804684.7422488]
[1616804684.1857011, 1616804684.8651528]
[1616804684.2416844, 1616804685.4798536]
[1616804684.144297, 1616804684.8386667]
[1616804684.15376, 1616804684.819363]
[1616804684.3493953, 1616804685.0102942]
[1616804684.4704692, 1616804685.2199714]
[1616804684.424164, 1616804686.7404048]
[1616804684.554965, 1616804686.4129071]
[1616804684.4032037, 1616804685.0420465]
[1616804684.3616924, 1616804685.3846266]
[1616804684.4474444, 1616804685.575194]
[1616804684.5873837, 1616804685.256681]
[1616804684.8077743, 1616804685.4526262]
[1616804684.7496, 1616804685.6391203]
[1616804685.0311627, 1616804685.9077623]
[1616804684.8900409, 1616804692.5386972]
[1616804685.040455, 1616804685.7274687]
[1616804684.9751468, 1616804687.1964676]
[1616804685.0750735, 1616804685.7663603]
[1616804685.0291712, 1616804685.6770442]
[1616804685.2567801, 1616804686.0385168]
[1616804685.181106, 1616804685.87709]
[1616804684.8095624, 1616804686.3876636]
[1616804685.3073416, 1616804685.974413]
[1616804685.3145041, 1616804686.034068]
[1616804685.3178203, 1616804688.2591588]
[1616804685.5323539, 1616804687.049599]
[1616804685.4195976, 1616804686.1193051]
[1616804685.398177, 1616804687.1259632]
[1616804685.487382, 1616804686.2004805]
[1616804685.782228, 1616804686.4476702]
[1616804685.7939384, 1616804687.0327246]
[1616804685.570341, 1616804686.286607]
[1616804685.8350797, 1616804686.5060115]
[1616804685.7934637, 1616804687.126485]
[1616804685.860387, 1616804686.5408595]
[1616804686.1649225, 1616804698.372843]
[1616804685.902281, 1616804686.583037]
[1616804686.264631, 1616804687.2501326]
[1616804686.0212553, 1616804687.7781973]
[1616804685.9761944, 1616804686.6527493]
[1616804686.1705368, 1616804686.9092422]
[1616804686.1581872, 1616804687.7109814]
[1616804686.1009912, 1616804699.6837404]
[1616804686.1938677, 1616804686.8606968]
[1616804686.2452369, 1616804686.927204]
[1616804686.3128338, 1616804686.98763]
[1616804686.25664, 1616804688.5642319]
[1616804686.3449812, 1616804688.5421798]
[1616804686.363806, 1616804687.0062652]
[1616804686.4662495, 1616804688.152193]
[1616804686.5747528, 1616804687.2493927]
[1616804686.5646405, 1616804687.2544816]
[1616804686.810141, 1616804687.461149]
[1616804686.5767524, 1616804687.229078]
[1616804686.7770772, 1616804688.3070817]
[1616804686.6714494, 1616804687.347983]
[1616804686.713169, 1616804687.4020462]
[1616804686.882037, 1616804687.5780168]
[1616804686.9295073, 1616804688.7057488]
[1616804686.7563577, 1616804687.7597678]
[1616804687.00384, 1616804689.8079667]
[1616804686.865667, 1616804687.5414348]
[1616804687.068032, 1616804687.8537793]
[1616804687.1248133, 1616804687.931939]
[1616804687.0576735, 1616804687.739343]
[1616804687.352693, 1616804688.0670128]
[1616804687.2868097, 1616804687.9566817]
[1616804687.0267458, 1616804687.6772926]
[1616804687.3001964, 1616804687.9989698]
[1616804687.3100886, 1616804688.0413651]
[1616804687.2417257, 1616804687.9499898]
[1616804687.4698358, 1616804688.1543975]
[1616804687.2915847, 1616804687.9601338]
[1616804687.6092062, 1616804689.1970706]
[1616804687.5898962, 1616804688.9234915]
[1616804687.6843941, 1616804688.7515485]
[1616804687.624583, 1616804688.333314]
[1616804688.0193186, 1616804688.7011251]
[1616804687.7995422, 1616804688.5263832]
[1616804687.9300745, 1616804688.6160548]
[1616804687.6973383, 1616804688.347946]
[1616804688.0511081, 1616804689.5266764]
[1616804687.915853, 1616804689.7142909]
[1616804688.3471022, 1616804689.917317]
[1616804688.0550811, 1616804688.71985]
[1616804687.9622254, 1616804688.6941242]
[1616804688.1478581, 1616804688.8474047]
[1616804687.9738507, 1616804688.6454709]
[1616804688.2515821, 1616804688.9891407]
[1616804688.4468143, 1616804689.157042]
[1616804688.2831178, 1616804688.9722342]
[1616804688.312063, 1616804689.3026416]
[1616804688.536288, 1616804689.2671063]
[1616804688.565631, 1616804689.3056545]
[1616804688.388944, 1616804689.0313632]
[1616804688.4547396, 1616804689.1458797]
[1616804688.499898, 1616804689.1685333]
[1616804688.5751095, 1616804689.5559852]
[1616804688.664205, 1616804689.3404336]
[1616804688.7768092, 1616804689.46984]
[1616804688.8881063, 1616804689.5426607]
[1616804688.9896574, 1616804690.2303789]
[1616804688.8864453, 1616804689.5737777]
[1616804688.6990697, 1616804689.4125843]
[1616804689.0348504, 1616804689.820291]
[1616804688.9868112, 1616804689.7124908]
[1616804688.960843, 1616804689.7415166]
[1616804689.0542705, 1616804689.7247708]
[1616804689.2669694, 1616804692.3871136]
[1616804688.8572497, 1616804689.5697076]
[1616804689.2387621, 1616804689.9155428]
[1616804689.3051522, 1616804689.9701982]
[1616804689.2898805, 1616804690.001773]
[1616804689.3495896, 1616804689.9956613]
[1616804689.501461, 1616804690.1617656]
[1616804689.2677405, 1616804689.9761875]
[1616804689.4302151, 1616804691.1391854]
[1616804689.469853, 1616804692.2454598]
[1616804689.5081692, 1616804690.1810212]
[1616804689.6048126, 1616804690.2637458]
[1616804689.7052164, 1616804691.3948002]
[1616804689.5348015, 1616804701.7518208]
[1616804689.6385713, 1616804690.376111]
[1616804689.6964343, 1616804690.4154882]
[1616804689.5223508, 1616804690.17892]
[1616804689.8107934, 1616804690.5316217]
[1616804690.01762, 1616804691.2015953]
[1616804690.3289604, 1616804691.0055861]
[1616804689.9866655, 1616804690.6560452]
[1616804690.0559883, 1616804690.7357593]
[1616804690.1603088, 1616804691.3810213]
[1616804690.0607429, 1616804690.7755754]
[1616804690.071807, 1616804690.7604973]
[1616804690.2073143, 1616804690.9069042]
[1616804689.9744604, 1616804690.7214866]
[1616804690.245533, 1616804690.912507]
[1616804690.2660806, 1616804690.9603477]
[1616804690.3744495, 1616804692.1311772]
[1616804690.3179107, 1616804690.9653947]
[1616804690.3995304, 1616804691.108122]
[1616804690.4929738, 1616804691.5883548]
[1616804690.402921, 1616804691.0609596]
[1616804690.6064346, 1616804691.3817053]
[1616804690.5056124, 1616804691.2525303]
[1616804690.7252815, 1616804691.4099975]
[1616804690.9305313, 1616804691.5905457]
[1616804691.0990775, 1616804691.75563]
[1616804691.0637724, 1616804691.9728827]
[1616804690.9402783, 1616804691.615409]
[1616804691.2136998, 1616804691.8745387]
[1616804690.976068, 1616804691.7064056]
[1616804691.0927904, 1616804694.2280605]
[1616804691.289614, 1616804692.0166533]
[1616804691.1987975, 1616804691.8521392]
[1616804691.3988214, 1616804694.913693]
[1616804691.3120384, 1616804691.984562]
[1616804691.4999611, 1616804692.1851904]
[1616804691.4853492, 1616804695.6522098]
[1616804691.4294171, 1616804693.163231]
[1616804691.5386846, 1616804692.2368784]
[1616804691.46209, 1616804692.1875858]
[1616804691.4046905, 1616804692.1327646]
[1616804691.6697173, 1616804692.3693008]
[1616804691.60885, 1616804692.3109014]
[1616804691.6712875, 1616804692.3843884]
[1616804691.794355, 1616804693.1095967]
[1616804691.8138945, 1616804692.8692162]
[1616804691.7970402, 1616804692.4962144]
[1616804691.9865074, 1616804692.7228553]
[1616804692.0378547, 1616804692.7576015]
[1616804692.1209762, 1616804693.634534]
[1616804692.1478581, 1616804692.7903597]
[1616804692.1869116, 1616804692.8625247]
[1616804692.0990288, 1616804692.7617223]
[1616804692.1413465, 1616804692.842889]
[1616804692.189177, 1616804692.9143727]
[1616804692.2825906, 1616804693.9345093]
[1616804692.3344095, 1616804692.9900143]
[1616804691.864946, 1616804692.4977841]
[1616804692.5116858, 1616804693.2370179]
[1616804692.5048592, 1616804693.157463]
[1616804692.4273882, 1616804693.344528]
[1616804692.615151, 1616804693.274866]
[1616804692.6045082, 1616804693.3047423]
[1616804692.6376512, 1616804693.3550904]
[1616804692.5913074, 1616804693.2570639]
[1616804692.711674, 1616804693.403693]
[1616804692.5995407, 1616804693.2575345]
[1616804692.841082, 1616804693.4938803]
[1616804692.924758, 1616804696.623763]
[1616804692.9040182, 1616804696.1775239]
[1616804692.8477304, 1616804693.5217905]
[1616804693.146694, 1616804694.975579]
[1616804693.1768165, 1616804694.7096558]
[1616804692.8578455, 1616804694.6743886]
[1616804693.13977, 1616804693.8386388]
[1616804692.9185755, 1616804693.5680563]
[1616804693.225674, 1616804693.9484322]
[1616804693.0504572, 1616804693.7615461]
[1616804693.3227322, 1616804694.0723827]
[1616804693.18764, 1616804693.83788]
[1616804693.428634, 1616804694.2090967]
[1616804693.63252, 1616804694.3713093]
[1616804693.6697242, 1616804694.3887668]
[1616804693.2468793, 1616804693.9475148]
[1616804693.6233568, 1616804694.2537782]
[1616804693.5262356, 1616804694.2522857]
[1616804693.5930197, 1616804695.019642]
[1616804693.695971, 1616804694.4108298]
[1616804693.8190887, 1616804694.463305]
[1616804694.066253, 1616804694.7885647]
[1616804693.8614755, 1616804694.5242217]
[1616804693.92893, 1616804694.6015027]
[1616804694.0471342, 1616804694.7018373]
[1616804694.112008, 1616804694.782034]
[1616804694.0512323, 1616804694.755336]
[1616804694.2873106, 1616804695.5534542]
[1616804694.0806756, 1616804694.7890594]
[1616804694.1434524, 1616804701.420551]
[1616804694.394789, 1616804695.0895987]
[1616804694.18166, 1616804694.821957]
[1616804694.4373984, 1616804696.2187245]
[1616804694.4635625, 1616804695.2203]
[1616804694.4298723, 1616804695.1693785]
[1616804694.4276235, 1616804695.1157966]
[1616804694.5037224, 1616804695.4327128]
[1616804694.589572, 1616804695.259082]
[1616804694.6455836, 1616804695.2775066]
[1616804694.660287, 1616804695.3779645]
[1616804694.7320178, 1616804695.396375]
[1616804694.8058794, 1616804695.5156522]
[1616804694.773669, 1616804695.9709086]
[1616804695.1700401, 1616804696.425645]
[1616804694.5182478, 1616804695.18073]
[1616804695.0565598, 1616804695.7230704]
[1616804694.7742689, 1616804695.455008]
[1616804695.0250142, 1616804697.4570436]
[1616804694.6971443, 1616804695.3735561]
[1616804695.080766, 1616804695.7671297]
[1616804694.9973497, 1616804695.646546]
[1616804695.233273, 1616804696.5958686]
[1616804695.278913, 1616804695.9926548]
[1616804695.1924782, 1616804695.8827894]
[1616804695.1400535, 1616804695.784992]
[1616804695.3680947, 1616804696.028776]
[1616804695.5253503, 1616804697.183673]
[1616804695.5010357, 1616804696.9938452]
[1616804695.633346, 1616804696.390594]
[1616804695.4816604, 1616804696.1240659]
[1616804695.6113188, 1616804696.3536353]
[1616804695.5052428, 1616804696.1737735]
[1616804695.3923235, 1616804696.103761]
[1616804695.5179143, 1616804697.2242622]
[1616804695.6046774, 1616804696.2315958]
[1616804695.9338708, 1616804696.5996535]
[1616804695.730063, 1616804696.4055765]
[1616804696.090069, 1616804696.7511635]
[1616804695.9161997, 1616804696.918756]
[1616804695.8824048, 1616804696.5830135]
[1616804696.0260475, 1616804696.7394302]
[1616804696.0190396, 1616804696.7603226]
[1616804696.0822456, 1616804696.834197]
[1616804696.0765417, 1616804697.2789083]
[1616804696.2736812, 1616804696.9194446]
[1616804696.116864, 1616804696.7786746]
[1616804696.3191926, 1616804697.0049863]
[1616804696.3028872, 1616804697.0307968]
[1616804696.3332825, 1616804697.0235882]
[1616804696.533521, 1616804697.2268329]
[1616804696.4202907, 1616804697.1003594]
[1616804696.5263665, 1616804697.175946]
[1616804696.5814044, 1616804697.3079274]
[1616804696.599764, 1616804700.3174]
[1616804696.388955, 1616804697.4439087]
[1616804696.7174556, 1616804697.9871783]
[1616804696.5141382, 1616804697.22726]
[1616804696.8934133, 1616804697.592505]
[1616804696.8119931, 1616804697.5025191]
[1616804696.9863193, 1616804697.6319416]
[1616804696.796792, 1616804697.4903364]
[1616804696.9770489, 1616804697.683949]
[1616804696.955561, 1616804697.6141474]
[1616804696.9974465, 1616804697.7239954]
[1616804697.4432101, 1616804698.1397922]
[1616804697.233381, 1616804698.3199325]
[1616804697.311316, 1616804698.0129225]
[1616804697.3896146, 1616804698.0211787]
[1616804697.3663201, 1616804698.5630927]
[1616804697.304205, 1616804697.9796712]
[1616804697.6038637, 1616804698.293081]
[1616804697.4658298, 1616804698.1647234]
[1616804697.56151, 1616804699.0823836]
[1616804697.698128, 1616804698.4004543]
[1616804698.0358658, 1616804698.6877282]
[1616804697.7220104, 1616804698.404063]
[1616804697.777732, 1616804698.450529]
[1616804697.5928717, 1616804698.2620962]
[1616804698.0456047, 1616804698.7713578]
[1616804697.9055817, 1616804699.459359]
[1616804698.1328018, 1616804699.2388358]
[1616804697.7309148, 1616804698.4066381]
[1616804697.956925, 1616804698.624006]
[1616804698.1377728, 1616804698.834654]
[1616804698.2087417, 1616804698.8832223]
[1616804698.2005658, 1616804699.6432536]
[1616804698.0191586, 1616804698.7375178]
[1616804698.0790892, 1616804698.8153615]
[1616804698.146985, 1616804699.7453673]
[1616804698.4865704, 1616804699.151054]
[1616804698.3966553, 1616804699.1320865]
[1616804698.4532676, 1616804699.1293843]
[1616804698.5383656, 1616804699.2105577]
[1616804698.5998693, 1616804699.2488525]
[1616804698.98967, 1616804700.6822188]
[1616804698.8420367, 1616804700.2059157]
[1616804698.793192, 1616804699.5503268]
[1616804698.8982122, 1616804700.3977437]
[1616804698.8597374, 1616804699.6095593]
[1616804699.0544622, 1616804699.6916559]
[1616804699.150811, 1616804699.8361995]
[1616804699.0182807, 1616804700.1703196]
[1616804699.0899396, 1616804700.6893594]
[1616804699.1729107, 1616804699.8581421]
[1616804699.1987598, 1616804699.9597085]
[1616804699.1566508, 1616804700.4899938]
[1616804699.124729, 1616804699.7968545]
[1616804699.449528, 1616804701.0274444]
[1616804699.6918573, 1616804700.370565]
[1616804699.5462654, 1616804700.2507133]
[1616804699.4098105, 1616804700.0636685]
[1616804699.7377985, 1616804700.4156778]
[1616804699.563914, 1616804700.2805378]
[1616804699.433781, 1616804700.1495519]
[1616804699.6244907, 1616804700.3233654]
[1616804699.853187, 1616804700.592627]
[1616804699.850673, 1616804700.5000026]
[1616804699.9124007, 1616804700.7338912]
[1616804699.8171873, 1616804702.5146868]
[1616804700.0329692, 1616804700.7018228]
[1616804699.9241126, 1616804701.351277]
[1616804699.8775778, 1616804700.5491436]
[1616804699.9927917, 1616804700.7487373]
[1616804700.0242462, 1616804700.9985769]
[1616804700.1950111, 1616804702.3519433]
[1616804700.1899009, 1616804700.862863]
[1616804700.196032, 1616804700.939284]
[1616804700.429447, 1616804702.952284]
[1616804700.3703046, 1616804701.044559]
[1616804700.480472, 1616804701.1898859]
[1616804700.3918717, 1616804701.0555866]
[1616804700.4276776, 1616804701.0943778]
[1616804700.5773573, 1616804701.2347298]
[1616804700.4898977, 1616804702.0795753]
[1616804700.6472325, 1616804702.1943853]
[1616804700.5798185, 1616804701.2574766]
[1616804700.645618, 1616804701.4221232]
[1616804701.0500746, 1616804701.7137501]
[1616804700.9882867, 1616804701.6389122]
[1616804701.068719, 1616804701.8301487]
[1616804701.034063, 1616804701.7529714]
[1616804700.854296, 1616804701.5794055]
[1616804700.7784224, 1616804701.5072362]
[1616804700.7890751, 1616804701.575141]
[1616804701.0117645, 1616804704.9884317]
[1616804701.1105154, 1616804702.6074998]
[1616804701.0610855, 1616804701.797733]
[1616804701.217153, 1616804701.9690132]
[1616804701.2122562, 1616804701.9706187]
[1616804701.0272684, 1616804701.6996477]
[1616804701.0934868, 1616804701.8805892]
[1616804701.1041884, 1616804702.7382476]
[1616804701.1761928, 1616804704.4259322]
[1616804701.3196995, 1616804702.0302365]
[1616804701.5298705, 1616804702.2966523]
[1616804701.4849694, 1616804702.1650133]
[1616804701.4732308, 1616804702.1847723]
[1616804701.4157853, 1616804702.0939202]
[1616804701.8336217, 1616804703.3303611]
[1616804701.7541656, 1616804702.396855]
[1616804701.8599799, 1616804702.5536351]
[1616804701.912572, 1616804702.5873315]
[1616804701.8967135, 1616804702.5876606]
[1616804701.8452547, 1616804702.5112207]
[1616804701.9038408, 1616804702.9128535]
[1616804702.2296174, 1616804704.8524396]
[1616804702.185216, 1616804702.8333843]
[1616804702.2413034, 1616804702.988939]
[1616804702.1734145, 1616804702.84553]
[1616804702.1911123, 1616804702.9799263]
[1616804702.3207848, 1616804702.9839308]
[1616804702.088644, 1616804702.8115053]
[1616804702.3056047, 1616804705.4734085]
[1616804702.284444, 1616804703.1815848]
[1616804702.3451047, 1616804703.0094323]
[1616804702.2654371, 1616804702.9850826]
[1616804702.479236, 1616804703.1894934]
[1616804702.6465378, 1616804703.366618]
[1616804702.4364889, 1616804703.1383395]
[1616804702.621693, 1616804704.0825253]
[1616804702.4061646, 1616804703.1266832]
[1616804702.7526166, 1616804703.4245453]
[1616804702.8892167, 1616804703.5474865]
[1616804702.6302288, 1616804703.3706932]
[1616804702.791927, 1616804703.5084853]
[1616804702.8239496, 1616804703.5311124]
[1616804702.7578049, 1616804703.475943]
[1616804702.9797752, 1616804703.6675673]
[1616804703.005813, 1616804704.494538]
[1616804703.1140153, 1616804703.7650287]
[1616804703.1568642, 1616804703.8533292]
[1616804702.9551432, 1616804703.6293876]
[1616804703.0132816, 1616804703.7107213]
[1616804703.1573822, 1616804703.8010454]
[1616804703.2291899, 1616804703.978097]
[1616804703.247769, 1616804703.8866658]
[1616804703.1912067, 1616804705.0099995]
[1616804703.3446434, 1616804704.0391395]
[1616804703.2047286, 1616804704.6647468]
[1616804703.2506685, 1616804703.9772582]
[1616804703.3226964, 1616804703.9992976]
[1616804703.4023132, 1616804704.1189148]
[1616804703.3702705, 1616804704.0558922]
[1616804703.4720252, 1616804704.1751645]
[1616804703.4453251, 1616804704.1204581]
[1616804703.557681, 1616804704.1791646]
[1616804703.578856, 1616804704.2441967]
[1616804703.6412761, 1616804704.326788]
[1616804703.5593839, 1616804705.1113436]
[1616804703.594787, 1616804704.2909286]
[1616804703.5315406, 1616804704.2485256]
[1616804703.5866668, 1616804704.2751455]
[1616804703.7586768, 1616804704.4212368]
[1616804703.6510937, 1616804704.3668935]
[1616804703.7580683, 1616804705.551011]
[1616804703.2202535, 1616804704.3645248]
[1616804703.6852975, 1616804704.3400314]
[1616804703.9396348, 1616804704.653116]
[1616804703.9338832, 1616804704.566579]
[1616804703.9114718, 1616804704.5820506]
[1616804703.7498014, 1616804704.4759712]
[1616804703.9312296, 1616804705.272916]
[1616804704.084494, 1616804704.7712219]
[1616804703.982565, 1616804705.5905826]
[1616804704.058572, 1616804704.9332325]
[1616804704.1306622, 1616804705.1865716]
[1616804704.038863, 1616804704.6929708]
[1616804704.1812453, 1616804705.6607764]
[1616804704.2124395, 1616804704.870483]
[1616804704.1875162, 1616804705.4782677]
[1616804704.32386, 1616804706.0514812]
[1616804704.2648296, 1616804704.9342885]
[1616804704.3179324, 1616804705.0757623]
[1616804704.434586, 1616804705.1088293]
[1616804704.2231095, 1616804709.9490736]
[1616804704.3541136, 1616804705.0178604]
[1616804704.2481568, 1616804704.967114]
[1616804704.4890819, 1616804705.240459]
[1616804704.4521694, 1616804706.0241237]
[1616804704.6747255, 1616804705.335961]
[1616804704.442536, 1616804705.387262]
[1616804704.4128036, 1616804705.1121788]
[1616804704.4815693, 1616804705.145068]
[1616804704.779935, 1616804705.4536893]
[1616804704.7617798, 1616804705.416627]
[1616804704.7468405, 1616804705.415324]
[1616804704.8313925, 1616804706.516576]
[1616804704.7949457, 1616804705.587619]
[1616804704.8071156, 1616804705.5302992]
[1616804704.7998054, 1616804705.472481]
[1616804704.769444, 1616804705.4240565]
[1616804704.6687996, 1616804705.3705754]
[1616804704.9074485, 1616804705.7623024]
[1616804704.8548024, 1616804705.9894166]
[1616804704.9403076, 1616804705.6686351]
[1616804704.8540425, 1616804705.5889258]
[1616804704.9550614, 1616804705.6173272]
[1616804705.0904894, 1616804705.782337]
[1616804704.9607503, 1616804705.720172]
[1616804705.1707976, 1616804707.9205954]
[1616804705.1389346, 1616804705.839116]
[1616804705.1873133, 1616804708.6144087]
[1616804705.159515, 1616804705.795726]
[1616804705.1977088, 1616804705.915899]
[1616804705.2886124, 1616804708.7823281]
[1616804705.2621307, 1616804707.3215184]
[1616804705.3399389, 1616804706.8427532]
[1616804705.1104553, 1616804705.8361895]
[1616804705.2338774, 1616804705.941069]
[1616804705.4987302, 1616804706.2231166]
[1616804705.3077052, 1616804706.0185182]
[1616804705.3821301, 1616804710.7997365]
[1616804705.2744143, 1616804705.9870088]
[1616804705.283523, 1616804705.9352689]
[1616804705.3282204, 1616804706.8142924]
[1616804705.3380108, 1616804705.9864702]
[1616804705.369398, 1616804706.0138626]
[1616804705.3274748, 1616804708.3714395]
[1616804705.3551698, 1616804708.4408832]
[1616804705.4831011, 1616804706.1246161]
[1616804705.4285448, 1616804706.1087306]
[1616804705.5981998, 1616804706.3240829]
[1616804705.4552581, 1616804706.1738508]
[1616804705.5428188, 1616804706.2683592]
[1616804705.5866692, 1616804706.2490027]
[1616804705.652148, 1616804706.2944186]
[1616804705.6209586, 1616804707.1959713]
[1616804705.4647043, 1616804706.1450727]
[1616804705.7175565, 1616804706.38331]
[1616804705.610882, 1616804706.3017163]
[1616804705.7648284, 1616804706.441502]
[1616804705.801129, 1616804707.3267503]
[1616804705.5185559, 1616804706.1649017]
[1616804705.8145144, 1616804706.4601076]
[1616804705.8464594, 1616804707.2453208]
[1616804705.7987325, 1616804707.1129045]
[1616804705.798545, 1616804707.3463156]
[1616804705.829436, 1616804708.949484]
[1616804705.7054913, 1616804706.349017]
[1616804705.9541628, 1616804707.702602]
[1616804705.9377556, 1616804706.6049]
[1616804705.9823363, 1616804706.6997473]
[1616804705.9689543, 1616804707.816148]
[1616804706.0005577, 1616804706.674987]
[1616804705.7816582, 1616804707.5690255]
[1616804705.9515254, 1616804707.1152482]
[1616804705.9899926, 1616804706.7126768]
[1616804705.8259597, 1616804706.808367]
[1616804705.9789095, 1616804706.6283836]
[1616804705.9900177, 1616804706.6938841]
[1616804705.9830089, 1616804707.2323623]
[1616804706.0535746, 1616804706.734735]
[1616804705.956083, 1616804706.6347387]
[1616804705.9829235, 1616804706.6725109]
[1616804705.836966, 1616804709.6882706]
[1616804705.8340533, 1616804707.4977672]
[1616804705.8952467, 1616804706.5371842]
[1616804706.1569908, 1616804706.8848178]
[1616804706.2084157, 1616804706.8858244]
[1616804705.936426, 1616804706.6097407]
[1616804706.0531054, 1616804706.7177408]
[1616804705.9835505, 1616804706.6726553]
[1616804706.149282, 1616804706.8231683]
[1616804706.1565483, 1616804707.1473186]
[1616804706.1767473, 1616804706.864227]
[1616804706.0301375, 1616804706.7053397]
[1616804705.9123206, 1616804707.70451]
[1616804706.1928701, 1616804706.8890777]
[1616804706.0532773, 1616804706.7802978]
[1616804706.0738893, 1616804706.7480946]
[1616804706.2273421, 1616804707.2174625]
[1616804706.2206125, 1616804706.8868208]
[1616804706.0597565, 1616804707.8832617]
[1616804706.1167336, 1616804707.5981498]
[1616804706.2157989, 1616804706.898206]
[1616804706.0648675, 1616804706.7128346]
[1616804706.2931437, 1616804708.553542]
[1616804706.2041776, 1616804706.8809981]
[1616804706.3166327, 1616804707.0072634]
[1616804706.1293488, 1616804707.6787846]
[1616804706.2868502, 1616804707.9952168]
[1616804706.2586932, 1616804706.9020953]
[1616804706.242454, 1616804707.7073014]
[1616804706.2752185, 1616804707.1940405]
[1616804706.343828, 1616804708.268378]
[1616804706.2306275, 1616804706.9177122]
[1616804706.151343, 1616804707.869994]
[1616804706.339559, 1616804707.017653]
[1616804706.2799733, 1616804706.934404]
[1616804706.1557484, 1616804706.885401]
[1616804706.3258038, 1616804709.4412048]
[1616804706.3347363, 1616804707.0394747]
[1616804706.3217506, 1616804706.9917986]
[1616804706.252369, 1616804706.9180236]
[1616804706.293329, 1616804707.3509657]
[1616804706.3534894, 1616804707.0100365]
[1616804706.3610587, 1616804708.1547494]
[1616804706.11675, 1616804706.7871506]
[1616804706.361849, 1616804707.0735161]
[1616804706.3171186, 1616804706.960536]
[1616804706.3227148, 1616804706.9880745]
[1616804706.2273235, 1616804706.935973]
[1616804706.3630629, 1616804708.1691673]
[1616804706.2951539, 1616804707.4231002]
[1616804706.3498728, 1616804707.0108175]
[1616804706.4111166, 1616804707.0944407]
[1616804706.371602, 1616804708.7740598]
[1616804706.284489, 1616804707.11574]
[1616804706.2971067, 1616804707.5367904]
