[1616804720.2991447, 1616804724.5861545]
[1616804720.1193235, 1616804731.7085152]
[1616804720.3695266, 1616804729.9387045]
[1616804720.316762, 1616804723.747481]
[1616804719.796916, 1616804722.6977406]
[1616804720.5445964, 1616804725.8008535]
[1616804720.3360767, 1616804724.6830978]
[1616804720.3964684, 1616804725.9304674]
[1616804720.5878417, 1616804726.0824597]
[1616804720.1393676, 1616804734.2559817]
[1616804720.507554, 1616804724.3498018]
[1616804720.4046955, 1616804735.0164204]
[1616804720.5863185, 1616804726.2572014]
[1616804720.127683, 1616804723.3894625]
[1616804720.3025572, 1616804725.1944451]
[1616804720.1916513, 1616804724.5489707]
[1616804720.5158443, 1616804725.8619556]
[1616804720.33106, 1616804731.8642335]
[1616804720.485227, 1616804728.447172]
[1616804720.574819, 1616804733.923679]
[1616804720.712822, 1616804733.9163642]
[1616804720.9635487, 1616804726.2586012]
[1616804720.5108576, 1616804728.4010975]
[1616804720.866739, 1616804733.4663522]
[1616804721.5323002, 1616804724.9921725]
[1616804721.3636837, 1616804734.5307198]
[1616804721.3930256, 1616804731.9483118]
[1616804721.5610774, 1616804729.8217218]
[1616804721.435044, 1616804726.175957]
[1616804721.5471394, 1616804732.2749624]
[1616804721.646526, 1616804731.8970132]
[1616804721.6547697, 1616804727.0157468]
[1616804721.5229495, 1616804733.0401776]
[1616804721.8847463, 1616804726.798208]
[1616804721.631022, 1616804725.3964024]
[1616804722.187655, 1616804731.4774523]
[1616804722.1404223, 1616804734.4571385]
[1616804722.1842368, 1616804735.0419166]
[1616804721.9921544, 1616804729.574714]
[1616804722.4633605, 1616804726.087103]
[1616804722.2165217, 1616804728.5672338]
[1616804722.3404162, 1616804727.887331]
[1616804722.432329, 1616804732.1901681]
[1616804722.6347325, 1616804734.03225]
[1616804722.5331416, 1616804732.0007815]
[1616804722.826229, 1616804731.380964]
[1616804723.000601, 1616804736.4222033]
[1616804723.1643803, 1616804726.90518]
[1616804722.9642453, 1616804731.8231065]
[1616804722.843894, 1616804731.5188432]
[1616804723.357409, 1616804737.0495052]
[1616804723.4916093, 1616804727.8212814]
[1616804723.4315102, 1616804731.0101063]
[1616804723.6114004, 1616804735.4164505]
[1616804723.6790555, 1616804734.6477735]
[1616804723.5503085, 1616804737.5038133]
[1616804723.7525406, 1616804737.79458]
[1616804724.0015078, 1616804731.3550162]
[1616804723.682005, 1616804733.959342]
[1616804723.626005, 1616804728.6378858]
[1616804724.142628, 1616804736.061809]
[1616804724.1205475, 1616804735.45067]
[1616804724.2457945, 1616804729.5177271]
[1616804724.114716, 1616804728.9887636]
[1616804724.1538968, 1616804729.6827924]
[1616804724.2715847, 1616804733.0440078]
[1616804724.4073493, 1616804734.4389467]
[1616804724.4021115, 1616804731.0581706]
[1616804724.6150784, 1616804732.408416]
[1616804724.425927, 1616804738.6236231]
[1616804724.3841798, 1616804733.5457637]
[1616804724.6055582, 1616804730.088619]
[1616804724.5067394, 1616804727.9105203]
[1616804724.5899618, 1616804737.3279655]
[1616804724.7307663, 1616804733.1250808]
[1616804724.710963, 1616804735.6996436]
[1616804724.9992993, 1616804728.653356]
[1616804724.9312143, 1616804738.1426344]
[1616804724.7308073, 1616804730.3337038]
[1616804724.8912702, 1616804731.8018537]
[1616804724.914193, 1616804733.6867428]
[1616804724.9771316, 1616804730.5874245]
[1616804725.0412455, 1616804736.2156777]
[1616804725.057205, 1616804733.6422303]
[1616804725.200118, 1616804733.759211]
[1616804724.9356904, 1616804731.2862048]
[1616804725.1763484, 1616804732.9755638]
[1616804725.1817033, 1616804736.640621]
[1616804725.4206204, 1616804729.2249064]
[1616804725.2088184, 1616804739.5236387]
[1616804725.4005988, 1616804734.063346]
[1616804725.3553474, 1616804730.4971032]
[1616804725.4168983, 1616804734.1066227]
[1616804725.5851986, 1616804741.9637399]
[1616804725.473304, 1616804734.531321]
[1616804725.5016172, 1616804731.4900236]
[1616804725.579035, 1616804741.9994826]
[1616804725.5805824, 1616804739.447402]
[1616804725.5274222, 1616804734.1098294]
[1616804725.682557, 1616804735.020303]
[1616804725.6622298, 1616804735.0780683]
[1616804725.6638296, 1616804735.144288]
[1616804725.7547336, 1616804732.2651937]
[1616804725.7367313, 1616804733.897473]
[1616804725.8603115, 1616804731.3497355]
[1616804725.8034058, 1616804730.9251206]
[1616804725.8448176, 1616804733.357038]
[1616804726.100956, 1616804732.6531444]
[1616804725.976598, 1616804740.0928152]
[1616804726.0326538, 1616804733.9181259]
[1616804725.9544613, 1616804741.4499192]
[1616804726.0201592, 1616804736.464215]
[1616804726.0265093, 1616804733.2694094]
[1616804726.0895402, 1616804732.464917]
[1616804726.0649123, 1616804732.2250466]
[1616804726.005356, 1616804736.1802442]
[1616804727.1381886, 1616804732.756974]
[1616804726.1299999, 1616804733.857961]
[1616804726.1639686, 1616804738.821957]
[1616804726.181011, 1616804731.0042374]
[1616804727.0946934, 1616804738.5979106]
[1616804727.070162, 1616804740.7122877]
[1616804727.095667, 1616804731.572708]
[1616804727.1535895, 1616804731.5415945]
[1616804726.2603235, 1616804731.119623]
[1616804727.2290702, 1616804729.015688]
[1616804727.1827116, 1616804729.3177483]
[1616804727.2807994, 1616804735.60807]
[1616804727.306846, 1616804731.9547327]
[1616804727.4093332, 1616804730.988127]
[1616804727.582929, 1616804731.475151]
[1616804726.2658117, 1616804732.3907988]
[1616804727.365955, 1616804729.5852995]
[1616804727.3916304, 1616804729.7019868]
[1616804727.2653725, 1616804734.1827512]
[1616804727.5185976, 1616804730.45597]
[1616804727.5379806, 1616804729.3993697]
[1616804727.373136, 1616804731.948395]
[1616804727.485986, 1616804734.1843119]
[1616804727.5993154, 1616804734.9895887]
[1616804727.5517452, 1616804730.8922644]
[1616804727.6378183, 1616804732.1865025]
[1616804727.5846875, 1616804730.3363996]
[1616804727.5258915, 1616804729.6815827]
[1616804727.584636, 1616804736.3043516]
[1616804727.6499314, 1616804729.953538]
[1616804728.1984756, 1616804730.4493072]
[1616804727.6012208, 1616804737.9986746]
[1616804727.5614238, 1616804732.8341587]
[1616804727.5825546, 1616804735.5747993]
[1616804727.4956958, 1616804731.7195935]
[1616804727.633954, 1616804736.5537531]
[1616804727.6953065, 1616804730.101597]
[1616804727.6875687, 1616804735.2321877]
[1616804727.679414, 1616804730.141285]
[1616804727.6564698, 1616804732.373465]
[1616804727.793789, 1616804729.675082]
[1616804727.740351, 1616804734.8864164]
[1616804727.5720272, 1616804731.9412422]
[1616804727.4808064, 1616804728.893381]
[1616804726.8093147, 1616804737.4491916]
[1616804727.7900333, 1616804736.3614645]
[1616804727.719356, 1616804738.598568]
[1616804727.7095954, 1616804729.0831957]
[1616804727.7880063, 1616804741.3607805]
[1616804727.790829, 1616804732.0772314]
[1616804727.870244, 1616804729.6184454]
[1616804727.7383327, 1616804734.4945588]
[1616804727.5303032, 1616804736.9083927]
[1616804728.1775615, 1616804734.0722404]
[1616804727.8338466, 1616804740.1349905]
[1616804727.8355875, 1616804732.316379]
[1616804727.8357456, 1616804730.083487]
[1616804727.8000946, 1616804733.1928313]
[1616804727.8547044, 1616804733.5444536]
[1616804727.8514955, 1616804732.0966377]
[1616804727.8197327, 1616804739.3238215]
[1616804727.8058972, 1616804734.446259]
[1616804727.7115726, 1616804734.2869158]
[1616804727.7816515, 1616804739.3335228]
[1616804727.9059753, 1616804733.2469964]
[1616804727.8688314, 1616804732.218903]
[1616804727.8239377, 1616804731.6915848]
[1616804727.815421, 1616804730.870396]
[1616804727.98644, 1616804734.5484388]
[1616804727.7964053, 1616804730.6640766]
[1616804727.6765382, 1616804730.4813952]
[1616804727.020662, 1616804739.1602476]
[1616804727.8400314, 1616804741.4752717]
[1616804727.8218446, 1616804732.636986]
[1616804727.883794, 1616804730.2603464]
[1616804726.9106517, 1616804738.13864]
[1616804727.8473732, 1616804735.6265361]
[1616804727.9016523, 1616804729.3525097]
[1616804727.8713236, 1616804730.1439624]
[1616804727.8113656, 1616804729.6237226]
[1616804727.831061, 1616804729.2122931]
[1616804727.8324502, 1616804734.816373]
[1616804727.906444, 1616804731.2326753]
[1616804727.782497, 1616804741.584945]
