[1616805355.5700238, 1616805364.158868]
[1616805356.304111, 1616805366.2457824]
[1616805355.8623884, 1616805372.708446]
[1616805356.0396338, 1616805376.1900597]
[1616805355.8815753, 1616805369.2051272]
[1616805356.3659465, 1616805370.4791615]
[1616805355.7849538, 1616805364.3122294]
[1616805355.8420978, 1616805369.3012593]
[1616805355.8658712, 1616805374.7410579]
[1616805356.0054471, 1616805373.6109505]
[1616805355.6400495, 1616805373.5279891]
[1616805355.86621, 1616805374.657907]
[1616805356.0220647, 1616805375.5864944]
[1616805356.0445805, 1616805374.8317392]
[1616805356.0673335, 1616805375.4514117]
[1616805355.9577136, 1616805365.719058]
[1616805355.7454526, 1616805375.675918]
[1616805356.0463805, 1616805374.7053368]
[1616805355.6211855, 1616805373.0872812]
[1616805356.1535466, 1616805365.373503]
[1616805356.0767972, 1616805364.9822776]
[1616805356.1469965, 1616805368.8596141]
[1616805356.6422613, 1616805376.615305]
[1616805356.1753366, 1616805369.3103104]
[1616805356.3643029, 1616805372.4476542]
[1616805356.9025676, 1616805375.24897]
[1616805356.5695105, 1616805375.1890368]
[1616805356.6783323, 1616805373.9595222]
[1616805356.9810286, 1616805375.5200286]
[1616805356.9350457, 1616805370.2003098]
[1616805357.1476896, 1616805375.9424493]
[1616805356.9634554, 1616805373.6541226]
[1616805357.0176475, 1616805369.8207254]
[1616805357.285074, 1616805374.6922765]
[1616805357.3971076, 1616805376.2764087]
[1616805357.1962552, 1616805374.9598155]
[1616805357.3272455, 1616805374.711139]
[1616805357.5171363, 1616805375.101349]
[1616805357.5112708, 1616805376.8123915]
[1616805357.7727644, 1616805376.7191865]
[1616805357.4279706, 1616805377.917645]
[1616805357.6586366, 1616805375.9822917]
[1616805358.0672886, 1616805377.5336235]
[1616805358.2998886, 1616805379.2613614]
[1616805357.7634265, 1616805372.862448]
[1616805358.3894863, 1616805374.281121]
[1616805358.3251076, 1616805379.513045]
[1616805358.4715009, 1616805377.0922604]
[1616805358.7387722, 1616805376.7704225]
[1616805358.5909011, 1616805370.7780583]
[1616805358.562801, 1616805379.7824297]
[1616805358.585723, 1616805373.1320553]
[1616805358.7852733, 1616805378.3570764]
[1616805358.8185375, 1616805373.4352748]
[1616805358.7705915, 1616805368.675228]
[1616805359.2685895, 1616805370.9239476]
[1616805359.035216, 1616805375.700486]
[1616805359.267892, 1616805372.50685]
[1616805358.9670873, 1616805374.3544383]
[1616805359.2331336, 1616805373.6751964]
[1616805359.3088694, 1616805378.028536]
[1616805359.2941773, 1616805376.2211058]
[1616805359.30771, 1616805373.1526406]
[1616805359.7356822, 1616805380.9348934]
[1616805359.6035042, 1616805375.929907]
[1616805359.7601175, 1616805375.7263339]
[1616805359.8773289, 1616805379.513628]
[1616805359.7211943, 1616805377.2428095]
[1616805360.062219, 1616805375.837841]
[1616805360.1040962, 1616805373.132285]
[1616805360.0429423, 1616805375.555058]
[1616805360.1653342, 1616805370.3427577]
[1616805360.3560727, 1616805376.7901628]
[1616805360.1925972, 1616805379.3201585]
[1616805360.2158334, 1616805380.0961807]
[1616805360.237997, 1616805377.1662867]
[1616805360.295728, 1616805381.8338113]
[1616805360.4461613, 1616805380.3218708]
[1616805360.579808, 1616805375.7742717]
[1616805360.6218367, 1616805373.721094]
[1616805360.5065155, 1616805377.6350257]
[1616805360.8880632, 1616805380.695692]
[1616805360.8585038, 1616805376.9297853]
[1616805360.8564363, 1616805378.8183331]
[1616805361.0507743, 1616805376.9297528]
[1616805360.76117, 1616805378.2475033]
[1616805361.1367722, 1616805377.0105598]
[1616805360.9949212, 1616805379.474005]
[1616805361.1260073, 1616805377.258635]
[1616805361.2265677, 1616805379.5142457]
[1616805361.1980257, 1616805380.7459195]
[1616805361.4954393, 1616805380.1825345]
[1616805361.408906, 1616805379.325932]
[1616805361.555434, 1616805380.669992]
[1616805361.5810652, 1616805381.8109431]
[1616805361.6935394, 1616805380.3258092]
[1616805361.658879, 1616805381.5115497]
[1616805361.7311068, 1616805382.839881]
[1616805361.8562272, 1616805377.9013178]
[1616805361.8017864, 1616805381.904084]
[1616805361.8394618, 1616805379.9559147]
[1616805361.7253234, 1616805382.0488858]
[1616805361.9282622, 1616805382.2438943]
[1616805361.805064, 1616805380.0073514]
[1616805362.083929, 1616805380.7331254]
[1616805362.208231, 1616805378.7333832]
[1616805362.2636006, 1616805378.8968537]
[1616805362.179439, 1616805377.1238313]
[1616805362.3571637, 1616805378.4129517]
[1616805362.3969817, 1616805379.8854992]
[1616805362.2831447, 1616805379.3817105]
[1616805362.4287133, 1616805380.437212]
[1616805362.3152094, 1616805382.8665726]
[1616805362.3350687, 1616805380.8082776]
[1616805362.4515285, 1616805382.5361352]
[1616805362.4073412, 1616805380.696934]
[1616805362.560991, 1616805380.148809]
[1616805362.5168831, 1616805379.4592068]
[1616805362.4863281, 1616805381.7264159]
[1616805362.6502292, 1616805383.6027524]
[1616805362.786102, 1616805378.8711464]
[1616805362.6864169, 1616805381.336416]
[1616805362.7361333, 1616805382.4275608]
[1616805362.7547653, 1616805379.7828894]
[1616805362.7427244, 1616805379.558178]
[1616805362.7786105, 1616805375.480814]
[1616805362.9240634, 1616805382.0842345]
[1616805362.9540896, 1616805381.659521]
[1616805362.8963106, 1616805378.9586885]
[1616805362.9650867, 1616805380.9802976]
[1616805363.0304089, 1616805381.5447576]
[1616805362.966585, 1616805380.7076352]
[1616805363.1124058, 1616805382.0463915]
[1616805363.0174766, 1616805378.905809]
[1616805363.1639242, 1616805373.7365577]
[1616805363.1129053, 1616805382.1834521]
[1616805363.2235525, 1616805382.0060976]
[1616805363.2867181, 1616805383.618192]
[1616805363.372243, 1616805383.0225172]
[1616805363.3483868, 1616805380.7509336]
[1616805363.3816807, 1616805383.4303782]
[1616805363.3164504, 1616805377.569748]
[1616805363.228275, 1616805381.4604716]
[1616805363.3287454, 1616805381.172989]
[1616805363.313235, 1616805379.9620335]
[1616805363.4382405, 1616805380.8320143]
[1616805363.4300027, 1616805376.7891388]
[1616805363.6155179, 1616805379.4636054]
[1616805363.5625744, 1616805374.9104466]
[1616805363.5257242, 1616805379.3208106]
[1616805363.5305982, 1616805376.4194245]
[1616805363.5028954, 1616805381.3075056]
[1616805363.6177676, 1616805381.792692]
[1616805363.6833975, 1616805381.3259132]
[1616805363.684209, 1616805378.8122218]
[1616805363.8624208, 1616805382.1806016]
[1616805363.6911368, 1616805381.8671987]
[1616805363.7663207, 1616805380.3953874]
[1616805363.902634, 1616805379.0920439]
[1616805363.696441, 1616805380.2069163]
[1616805363.7302978, 1616805377.9207833]
[1616805363.835339, 1616805383.5995495]
[1616805363.8782883, 1616805383.2513833]
[1616805363.892087, 1616805379.4293952]
[1616805364.0208766, 1616805380.1565263]
[1616805363.8641148, 1616805376.3942456]
[1616805363.99246, 1616805381.6633794]
[1616805363.9066842, 1616805382.4116874]
[1616805363.9784563, 1616805382.5728219]
[1616805364.05737, 1616805384.8162358]
[1616805363.9805977, 1616805383.4048138]
[1616805363.8735912, 1616805381.8897119]
[1616805364.157617, 1616805380.2906222]
[1616805363.8744812, 1616805382.246331]
[1616805364.1298928, 1616805384.0398316]
[1616805364.0354924, 1616805384.677444]
[1616805363.9907954, 1616805376.177448]
[1616805364.01512, 1616805383.8993099]
[1616805364.022326, 1616805380.8325481]
[1616805364.047025, 1616805382.2894256]
[1616805364.091136, 1616805376.9531767]
[1616805364.0369482, 1616805378.7776005]
[1616805364.0879745, 1616805381.3292072]
[1616805364.0548165, 1616805384.7497041]
[1616805364.1941605, 1616805380.682911]
[1616805364.11754, 1616805382.5646656]
[1616805364.2476406, 1616805380.6209202]
[1616805364.250267, 1616805383.6218517]
[1616805364.1629977, 1616805382.3555198]
[1616805364.2682183, 1616805381.8403914]
[1616805364.2770896, 1616805381.9032748]
[1616805364.3545234, 1616805373.308145]
[1616805364.3385637, 1616805383.2811334]
[1616805364.3386374, 1616805382.350475]
[1616805364.3855712, 1616805375.5677724]
[1616805364.42124, 1616805382.3068984]
[1616805364.2634466, 1616805379.4959028]
[1616805364.264914, 1616805378.2841098]
[1616805364.4002757, 1616805382.6302485]
[1616805364.3891516, 1616805383.7938259]
[1616805365.3340425, 1616805367.8073843]
[1616805364.4148774, 1616805379.7507627]
[1616805364.407977, 1616805377.3441951]
[1616805364.4084756, 1616805378.3722658]
[1616805365.5776439, 1616805382.187504]
[1616805364.432716, 1616805382.5430114]
[1616805365.2853923, 1616805378.5533745]
[1616805365.4449022, 1616805369.0455306]
[1616805365.3648527, 1616805373.4093223]
[1616805365.4118645, 1616805376.1471217]
[1616805364.4364884, 1616805372.5035923]
[1616805365.3099613, 1616805380.6888103]
[1616805364.3361955, 1616805381.5502136]
[1616805365.420203, 1616805366.9584975]
[1616805364.4315913, 1616805382.7102654]
[1616805365.394907, 1616805370.8017466]
[1616805364.3618267, 1616805380.10473]
[1616805365.5467405, 1616805374.993415]
[1616805365.4770453, 1616805379.1893609]
[1616805365.4021788, 1616805380.886052]
[1616805365.8137424, 1616805379.3736255]
[1616805364.4235387, 1616805382.8751004]
[1616805365.4073927, 1616805373.0413835]
[1616805365.4549758, 1616805381.4483068]
[1616805365.498209, 1616805371.4372382]
[1616805365.3804324, 1616805381.9624138]
[1616805365.4733412, 1616805378.409062]
[1616805365.424054, 1616805377.800431]
[1616805364.4065633, 1616805383.6048634]
[1616805365.4036458, 1616805376.8597317]
[1616805365.4611049, 1616805372.1184974]
[1616805365.5436146, 1616805378.6101134]
[1616805365.4760542, 1616805373.2091079]
[1616805365.5185022, 1616805378.2288313]
[1616805365.5898104, 1616805369.6057243]
[1616805365.4665852, 1616805373.9129748]
[1616805366.2241035, 1616805374.0077376]
[1616805365.5497122, 1616805372.1104577]
[1616805365.4666107, 1616805375.9129066]
[1616805365.606087, 1616805377.6594453]
[1616805365.4951892, 1616805370.8813095]
[1616805365.4272609, 1616805369.3277535]
[1616805365.5258138, 1616805378.509877]
[1616805365.408044, 1616805380.968405]
[1616805365.5432303, 1616805379.380472]
[1616805365.5158758, 1616805368.2302985]
[1616805365.4986148, 1616805379.323515]
[1616805365.459947, 1616805378.9717808]
[1616805365.4627974, 1616805379.821561]
[1616805365.6285667, 1616805378.014472]
