[1616687662.5907989, 1616687665.330492]
[1616687663.249584, 1616687665.961789]
[1616687662.64714, 1616687665.3662243]
[1616687662.7312996, 1616687665.4712121]
[1616687663.270151, 1616687665.9911082]
[1616687663.0786893, 1616687665.8369164]
[1616687663.3705604, 1616687666.025578]
[1616687663.2442827, 1616687665.9633024]
[1616687662.5157218, 1616687665.2542467]
[1616687662.8937695, 1616687665.6293175]
[1616687663.237968, 1616687665.967641]
[1616687663.3058834, 1616687666.0401876]
[1616687663.2600393, 1616687665.9813507]
[1616687662.9824326, 1616687665.678346]
[1616687663.3229103, 1616687666.0218925]
[1616687663.254404, 1616687665.998122]
[1616687663.2149417, 1616687665.9629169]
[1616687663.4506946, 1616687666.1716943]
[1616687663.3493469, 1616687666.1041012]
[1616687663.4912796, 1616687666.229849]
[1616687663.649522, 1616687666.394421]
[1616687663.5790627, 1616687666.334962]
[1616687663.6430151, 1616687666.38656]
[1616687664.0087032, 1616687666.750606]
[1616687663.8880014, 1616687666.6466358]
[1616687663.8758323, 1616687666.6316183]
[1616687664.0966463, 1616687666.866068]
[1616687664.1599236, 1616687666.8905716]
[1616687664.1720154, 1616687666.890516]
[1616687664.2807562, 1616687666.9920998]
[1616687664.3398883, 1616687667.0649412]
[1616687664.6168847, 1616687667.2747571]
[1616687664.4799335, 1616687667.2212267]
[1616687664.5097995, 1616687667.2223318]
[1616687664.4076219, 1616687667.1278086]
[1616687664.7422118, 1616687667.4628356]
[1616687664.7389846, 1616687667.4586258]
[1616687664.8668852, 1616687667.5988827]
[1616687664.9524562, 1616687667.662327]
[1616687664.8080907, 1616687667.5320241]
[1616687665.133735, 1616687667.8476894]
[1616687665.0887225, 1616687667.8089366]
[1616687665.3813958, 1616687668.1371682]
[1616687664.9061592, 1616687667.6160657]
[1616687665.1343162, 1616687667.882962]
[1616687665.3265748, 1616687668.0627272]
[1616687665.3025525, 1616687668.0312328]
[1616687665.4321206, 1616687668.1732786]
[1616687665.7101302, 1616687668.4263344]
[1616687665.6327815, 1616687668.3761973]
[1616687665.4064713, 1616687668.1286771]
[1616687665.640379, 1616687668.382227]
[1616687665.7422214, 1616687668.5237582]
[1616687665.8954778, 1616687668.660775]
[1616687666.0166783, 1616687668.7620294]
[1616687666.0186641, 1616687668.74514]
[1616687666.2099745, 1616687668.913775]
[1616687666.227704, 1616687668.983847]
[1616687666.2857978, 1616687669.052918]
[1616687666.2983022, 1616687669.0520666]
[1616687666.381661, 1616687669.0777543]
[1616687666.5867913, 1616687669.3311677]
[1616687666.659245, 1616687669.3832788]
[1616687666.7157364, 1616687669.454307]
[1616687666.5216248, 1616687669.229153]
[1616687666.797481, 1616687669.507449]
[1616687667.069783, 1616687669.7819304]
[1616687667.1115367, 1616687669.8094838]
[1616687667.1680896, 1616687669.8665411]
[1616687667.5394542, 1616687670.2454667]
[1616687667.3922825, 1616687670.107685]
[1616687667.2778099, 1616687669.9941163]
[1616687667.5741189, 1616687670.2713466]
[1616687667.6971292, 1616687670.3825736]
[1616687667.6308177, 1616687670.363786]
[1616687667.323826, 1616687669.9534013]
[1616687667.623109, 1616687670.3171377]
[1616687667.7578926, 1616687670.4724214]
[1616687667.780497, 1616687670.474542]
[1616687667.882824, 1616687670.5772724]
[1616687668.0370915, 1616687670.735143]
[1616687667.7302897, 1616687670.4218106]
[1616687668.1110528, 1616687670.8438044]
[1616687667.9877522, 1616687670.6837432]
[1616687668.0935082, 1616687670.807269]
[1616687668.3699162, 1616687671.0850515]
[1616687668.5858514, 1616687671.3484282]
[1616687668.5438213, 1616687671.2935688]
[1616687668.3907394, 1616687671.1717262]
[1616687668.7354414, 1616687671.4747696]
[1616687668.5860753, 1616687671.293134]
[1616687668.8099577, 1616687671.5464702]
[1616687668.6782498, 1616687671.4123337]
[1616687668.9467685, 1616687671.656494]
[1616687668.9174924, 1616687671.6361089]
[1616687668.9919145, 1616687671.7769377]
[1616687669.080526, 1616687671.815541]
[1616687669.3905337, 1616687672.0737352]
[1616687669.2359796, 1616687671.9036648]
[1616687669.2737758, 1616687671.961486]
[1616687668.9826245, 1616687671.7154515]
[1616687669.362095, 1616687672.0407188]
[1616687669.4326184, 1616687672.1842818]
[1616687669.4303122, 1616687672.1580296]
[1616687669.683349, 1616687672.3570185]
[1616687669.5224934, 1616687672.1953359]
[1616687669.7591007, 1616687672.4837255]
[1616687669.7652173, 1616687672.5033877]
[1616687669.7422695, 1616687672.4492633]
[1616687669.9782958, 1616687672.566632]
[1616687669.7313876, 1616687672.4037786]
[1616687670.200693, 1616687672.898494]
[1616687670.2530153, 1616687672.917831]
[1616687670.3683913, 1616687673.0304503]
[1616687670.4275, 1616687673.0728757]
[1616687670.3728042, 1616687673.0331755]
[1616687670.6083786, 1616687673.2868493]
[1616687670.3882215, 1616687673.0481713]
[1616687670.3741283, 1616687673.0324273]
[1616687670.4681876, 1616687673.1373508]
[1616687670.3913167, 1616687673.0577648]
[1616687670.5589027, 1616687673.2206082]
[1616687671.045553, 1616687673.7115068]
[1616687670.847576, 1616687673.5227783]
[1616687670.8847153, 1616687673.6104662]
[1616687670.9987655, 1616687673.6586785]
[1616687671.1689572, 1616687673.8340824]
[1616687671.0754983, 1616687673.7459598]
[1616687671.3706768, 1616687674.0786004]
[1616687671.186299, 1616687673.9128823]
[1616687671.209733, 1616687673.87078]
[1616687671.3643534, 1616687674.0978622]
[1616687671.340523, 1616687674.0771394]
[1616687671.4126413, 1616687674.094101]
[1616687671.658105, 1616687674.37863]
[1616687671.8391242, 1616687674.619643]
[1616687671.8801343, 1616687674.6191974]
[1616687671.7831876, 1616687674.5652921]
[1616687671.8835857, 1616687674.6128345]
[1616687671.7751892, 1616687674.5310762]
[1616687671.814441, 1616687674.5325296]
[1616687671.9656668, 1616687674.6468513]
[1616687672.0131927, 1616687674.6789114]
[1616687672.6213875, 1616687675.2260828]
[1616687672.0833223, 1616687674.7712462]
[1616687672.282105, 1616687674.9687464]
[1616687672.0692973, 1616687674.7395732]
[1616687672.144698, 1616687674.8627777]
[1616687672.310574, 1616687675.039766]
[1616687672.2154226, 1616687674.8829653]
[1616687672.3520129, 1616687675.0744517]
[1616687672.5395532, 1616687675.2845886]
[1616687672.4818532, 1616687675.2019942]
[1616687672.3903089, 1616687675.0603323]
[1616687672.3939018, 1616687675.1153324]
[1616687672.7000072, 1616687675.4216151]
[1616687672.8103502, 1616687675.5222414]
[1616687672.8724706, 1616687675.600323]
[1616687672.9456115, 1616687675.6086857]
[1616687672.7958982, 1616687675.4127824]
[1616687673.0318198, 1616687675.6768885]
[1616687672.9421089, 1616687675.6134114]
[1616687673.0785542, 1616687675.7368658]
[1616687672.9791589, 1616687675.6408303]
[1616687673.2903137, 1616687675.9584832]
[1616687673.0976193, 1616687675.751657]
[1616687673.0811477, 1616687675.7402003]
[1616687673.3619425, 1616687676.0281572]
[1616687673.0361412, 1616687675.7062314]
[1616687673.423442, 1616687676.0937302]
[1616687673.440539, 1616687676.1335838]
[1616687673.568332, 1616687676.2309427]
[1616687673.6747472, 1616687676.4015348]
[1616687673.593103, 1616687676.3282828]
[1616687673.7315736, 1616687676.4547474]
[1616687673.6933274, 1616687676.436278]
[1616687673.5489721, 1616687676.2164738]
[1616687673.6522784, 1616687676.3811677]
[1616687673.7200878, 1616687676.3848956]
[1616687673.7764974, 1616687676.4529076]
[1616687673.8179824, 1616687676.5319521]
[1616687674.057566, 1616687676.829376]
[1616687673.663996, 1616687676.3384635]
[1616687674.1831946, 1616687676.8636024]
[1616687674.2498112, 1616687676.9075031]
[1616687674.1126847, 1616687676.8462303]
[1616687674.1978052, 1616687676.9111485]
[1616687674.3541036, 1616687677.0945861]
[1616687674.2407851, 1616687676.9382694]
[1616687674.2828696, 1616687676.9369125]
[1616687674.2998629, 1616687677.022226]
[1616687674.4811115, 1616687677.2378602]
[1616687674.6267223, 1616687677.3497627]
[1616687674.466304, 1616687677.1816497]
[1616687674.7910113, 1616687677.475189]
[1616687674.6162417, 1616687677.3796241]
[1616687674.5125105, 1616687677.240497]
[1616687674.5044067, 1616687677.268003]
[1616687674.869577, 1616687677.584126]
[1616687674.826518, 1616687677.4980237]
[1616687674.9597318, 1616687677.6228104]
[1616687675.0427976, 1616687677.7627034]
[1616687675.1382227, 1616687677.8553195]
[1616687674.883899, 1616687677.5500872]
[1616687674.9832299, 1616687677.6556573]
[1616687674.6895647, 1616687677.3575444]
[1616687675.2733974, 1616687677.8551016]
[1616687675.071026, 1616687677.7394142]
[1616687675.2115943, 1616687677.9195547]
[1616687675.4064481, 1616687678.1282089]
[1616687675.3338213, 1616687678.0650115]
[1616687675.434851, 1616687678.1498551]
[1616687675.5463564, 1616687678.2626572]
[1616687675.4871168, 1616687678.1248546]
[1616687675.7634914, 1616687678.4054108]
[1616687675.7834709, 1616687678.404961]
[1616687675.6688712, 1616687678.3197744]
[1616687675.780336, 1616687678.4472215]
[1616687675.6417558, 1616687678.304031]
[1616687675.759091, 1616687678.4184558]
[1616687675.7902777, 1616687678.49035]
[1616687675.9672039, 1616687678.6305063]
[1616687675.6718378, 1616687678.3478613]
[1616687676.114107, 1616687678.7761054]
[1616687675.7636786, 1616687678.419978]
[1616687676.080221, 1616687678.7429612]
[1616687675.995539, 1616687678.7198951]
[1616687676.254028, 1616687678.9105208]
[1616687676.3066812, 1616687678.968082]
[1616687676.221041, 1616687678.8961663]
[1616687676.6183887, 1616687679.2788181]
[1616687676.468226, 1616687679.1903162]
[1616687676.426179, 1616687679.131851]
[1616687676.4509447, 1616687679.1323855]
[1616687676.563075, 1616687679.253608]
[1616687676.741381, 1616687679.4139652]
[1616687676.7858818, 1616687679.4748473]
[1616687676.8494864, 1616687679.5877924]
[1616687676.789774, 1616687679.482551]
[1616687676.8005018, 1616687679.5385346]
[1616687676.7610357, 1616687679.4907093]
[1616687676.9345021, 1616687679.6477225]
[1616687676.95889, 1616687679.7418215]
[1616687677.2183042, 1616687679.9408593]
[1616687677.1035523, 1616687679.8065915]
[1616687677.0640123, 1616687679.7746983]
[1616687677.140555, 1616687679.8047645]
[1616687677.1414275, 1616687679.8211641]
[1616687677.2631116, 1616687679.9799097]
[1616687677.550821, 1616687680.2346356]
[1616687677.2683275, 1616687680.015442]
[1616687677.4453397, 1616687680.1094937]
[1616687677.613125, 1616687680.3281536]
[1616687677.3894782, 1616687680.1444514]
[1616687677.5579722, 1616687680.2348337]
[1616687677.5247953, 1616687680.2111096]
[1616687677.5781634, 1616687680.32696]
[1616687677.3020537, 1616687680.0398915]
[1616687677.6349404, 1616687680.3533335]
[1616687677.9141622, 1616687680.4849937]
[1616687677.8031862, 1616687680.5209057]
[1616687677.9345913, 1616687680.6776412]
[1616687677.929461, 1616687680.6208022]
[1616687678.129146, 1616687680.8169756]
[1616687678.0907109, 1616687680.8384953]
[1616687678.1465952, 1616687680.8690708]
[1616687678.1852245, 1616687680.9127643]
[1616687678.326168, 1616687681.0560865]
[1616687678.245883, 1616687680.8925848]
[1616687678.3100882, 1616687680.970503]
[1616687678.4502637, 1616687681.0946767]
[1616687678.4940012, 1616687681.1673727]
[1616687678.3248286, 1616687680.9306583]
[1616687678.327653, 1616687681.013813]
[1616687678.551902, 1616687681.198017]
[1616687678.540452, 1616687681.1905978]
[1616687678.7481854, 1616687681.4104548]
[1616687678.696164, 1616687681.353757]
[1616687678.6946898, 1616687681.351926]
[1616687678.9132075, 1616687681.5913951]
[1616687678.8339133, 1616687681.4131136]
[1616687678.8095608, 1616687681.5737267]
[1616687678.8600152, 1616687681.521825]
[1616687678.9251263, 1616687681.5887957]
[1616687678.9539094, 1616687681.6288824]
[1616687679.0457046, 1616687681.8296547]
[1616687678.7987921, 1616687681.4629347]
[1616687679.1309497, 1616687681.8906279]
[1616687679.3060045, 1616687681.9713123]
[1616687679.4128742, 1616687682.0958886]
[1616687679.0432143, 1616687681.7005575]
[1616687679.1054246, 1616687681.811073]
[1616687679.219715, 1616687681.8981388]
[1616687679.335148, 1616687682.033467]
[1616687679.3644402, 1616687682.0296304]
[1616687679.5122018, 1616687682.2323918]
[1616687679.5187306, 1616687682.176038]
[1616687679.5301993, 1616687682.2962897]
[1616687679.6085532, 1616687682.3784444]
[1616687679.4888773, 1616687682.1413684]
[1616687679.5973344, 1616687682.3313036]
[1616687679.6465683, 1616687682.3786445]
[1616687679.6217434, 1616687682.3826394]
[1616687679.6198337, 1616687682.332666]
[1616687679.4899428, 1616687682.1554806]
[1616687679.7383857, 1616687682.4401457]
[1616687679.7417054, 1616687682.5103421]
[1616687679.831576, 1616687682.4939828]
[1616687679.989166, 1616687682.7112405]
[1616687679.8085449, 1616687682.4880345]
[1616687679.903752, 1616687682.597613]
[1616687679.9866357, 1616687682.6257527]
[1616687680.095783, 1616687682.8223505]
[1616687679.8844485, 1616687682.5601375]
[1616687680.0713515, 1616687682.7832327]
[1616687680.0851433, 1616687682.8082695]
[1616687680.1078517, 1616687682.832771]
[1616687680.0692563, 1616687682.7815535]
[1616687680.1047208, 1616687682.835625]
[1616687680.2950325, 1616687683.0618432]
[1616687680.3607266, 1616687683.0926077]
[1616687680.2552154, 1616687682.9182007]
[1616687680.339851, 1616687683.018891]
[1616687680.2665694, 1616687682.94464]
[1616687680.2697716, 1616687682.9466362]
[1616687680.468326, 1616687683.1243563]
[1616687680.3640375, 1616687683.0899165]
[1616687680.5590792, 1616687683.2805166]
[1616687680.5728748, 1616687683.1645536]
[1616687680.6290903, 1616687683.3161151]
[1616687680.6499627, 1616687683.3974686]
[1616687680.744085, 1616687683.4889936]
[1616687680.7353528, 1616687683.4550385]
[1616687680.835503, 1616687683.5869706]
[1616687680.74743, 1616687683.4948883]
[1616687680.8336968, 1616687683.5709932]
[1616687680.8173852, 1616687683.4365892]
[1616687680.830467, 1616687683.50194]
[1616687680.8451083, 1616687683.6018379]
[1616687680.9130816, 1616687683.5731585]
[1616687680.9669118, 1616687683.5729904]
[1616687681.026467, 1616687683.7009428]
[1616687680.7796357, 1616687683.4817872]
[1616687681.1019235, 1616687683.7773616]
[1616687681.2659686, 1616687683.9937904]
[1616687681.2205024, 1616687683.882103]
[1616687681.1204793, 1616687683.839572]
[1616687680.9962544, 1616687683.6558652]
[1616687681.0843594, 1616687683.7742636]
[1616687681.2710888, 1616687684.0047066]
[1616687681.2071548, 1616687683.8623073]
[1616687681.238464, 1616687683.888285]
[1616687681.4006333, 1616687684.0697052]
[1616687681.3767605, 1616687684.0405822]
[1616687681.42021, 1616687683.9858005]
[1616687681.5828965, 1616687684.3078458]
[1616687681.4837558, 1616687684.1433337]
[1616687681.7049375, 1616687684.3752525]
[1616687681.4535944, 1616687684.1116133]
[1616687681.41387, 1616687684.2040195]
[1616687681.8202395, 1616687684.5218763]
[1616687681.8142316, 1616687684.558364]
[1616687681.6828372, 1616687684.343532]
[1616687681.6818607, 1616687684.33228]
[1616687681.7152398, 1616687684.390335]
[1616687681.6053202, 1616687684.3039227]
[1616687681.7263844, 1616687684.4065688]
[1616687681.7827587, 1616687684.5302482]
[1616687681.8351746, 1616687684.5851846]
[1616687682.111568, 1616687684.8384457]
[1616687682.104361, 1616687684.7846923]
[1616687681.8627434, 1616687684.6614223]
[1616687681.826962, 1616687684.4637747]
[1616687681.9149437, 1616687684.5815065]
[1616687681.8630743, 1616687684.6129065]
[1616687681.889732, 1616687684.6733968]
[1616687681.932848, 1616687684.6755207]
[1616687682.0014014, 1616687684.666675]
[1616687682.0697362, 1616687684.7320547]
[1616687682.188436, 1616687684.8566587]
[1616687682.0835528, 1616687684.745493]
[1616687682.2013843, 1616687684.8919916]
[1616687682.1386209, 1616687684.917264]
[1616687682.2433112, 1616687684.9815402]
[1616687682.162599, 1616687684.8516936]
[1616687682.308448, 1616687685.052096]
[1616687682.430994, 1616687685.1530013]
[1616687682.2014265, 1616687684.9180613]
[1616687682.2354565, 1616687684.9484653]
[1616687682.238368, 1616687684.9714603]
[1616687682.509048, 1616687685.1690488]
[1616687682.282768, 1616687684.9953613]
[1616687682.287077, 1616687685.050543]
[1616687682.4446032, 1616687685.186764]
[1616687682.6465137, 1616687685.3077846]
[1616687682.572719, 1616687685.2431557]
[1616687682.2255104, 1616687684.982053]
[1616687682.511554, 1616687685.184902]
[1616687682.5119185, 1616687685.2576933]
[1616687682.5506563, 1616687685.3101616]
[1616687682.6182895, 1616687685.2794263]
[1616687682.468558, 1616687685.1827803]
[1616687682.5835927, 1616687685.2838368]
[1616687682.5214453, 1616687685.2504568]
[1616687682.6553736, 1616687685.4033196]
[1616687682.7102244, 1616687685.4483368]
[1616687682.6664364, 1616687685.407071]
[1616687682.6296275, 1616687685.390434]
[1616687682.720907, 1616687685.4413855]
[1616687682.7518144, 1616687685.4883466]
[1616687682.816096, 1616687685.620756]
[1616687682.8575218, 1616687685.5715406]
[1616687682.8881016, 1616687685.581211]
[1616687682.7327056, 1616687685.5025613]
[1616687682.800885, 1616687685.5026588]
[1616687682.7882752, 1616687685.4848433]
[1616687682.773152, 1616687685.5057757]
[1616687683.817396, 1616687687.2184472]
[1616687682.7887564, 1616687685.4700408]
[1616687682.8776653, 1616687685.5904696]
[1616687683.886273, 1616687687.1842372]
[1616687683.9451983, 1616687687.4013512]
[1616687684.038157, 1616687687.484568]
[1616687683.0231092, 1616687685.7042542]
[1616687682.9729521, 1616687685.6502185]
[1616687683.0661864, 1616687685.8395638]
[1616687682.9889846, 1616687685.68959]
[1616687682.926771, 1616687685.590647]
[1616687684.2134724, 1616687687.7890644]
[1616687683.945757, 1616687687.201223]
[1616687684.1150734, 1616687687.373886]
[1616687683.1284282, 1616687685.7872996]
[1616687683.0948663, 1616687685.8061252]
[1616687684.2988577, 1616687687.769595]
[1616687684.5540235, 1616687687.898549]
[1616687683.0971422, 1616687685.8107617]
[1616687683.4022949, 1616687686.1168153]
[1616687684.0400891, 1616687687.5020754]
[1616687684.249749, 1616687687.7019897]
[1616687684.1011016, 1616687687.238293]
[1616687684.539849, 1616687688.2249296]
[1616687683.4409096, 1616687686.0357392]
[1616687684.2079294, 1616687687.6849623]
[1616687684.5808, 1616687688.0639966]
[1616687683.1796107, 1616687685.7877645]
[1616687684.4346797, 1616687687.9342375]
[1616687683.2846963, 1616687686.005493]
[1616687684.2058008, 1616687687.454976]
[1616687684.471923, 1616687687.945842]
[1616687684.1811397, 1616687687.4051435]
[1616687684.6888335, 1616687688.060215]
[1616687683.3194046, 1616687686.0212078]
[1616687683.4860122, 1616687686.1692262]
[1616687684.3357623, 1616687687.7635942]
[1616687684.411343, 1616687687.9063172]
[1616687684.3354685, 1616687687.5643919]
[1616687684.3948312, 1616687687.587508]
[1616687684.3125885, 1616687687.5416563]
[1616687684.3307993, 1616687687.7864225]
[1616687683.49372, 1616687686.218067]
[1616687684.33607, 1616687687.5704823]
[1616687683.4598048, 1616687686.1860054]
[1616687684.417427, 1616687687.6332335]
[1616687683.5071042, 1616687686.1852791]
[1616687684.3532217, 1616687687.5940213]
[1616687684.7005832, 1616687688.1775572]
[1616687683.5915778, 1616687686.3431382]
[1616687684.4583836, 1616687687.9086378]
[1616687683.5752244, 1616687686.2896695]
[1616687684.3608382, 1616687687.8440914]
[1616687684.5116885, 1616687687.7249072]
[1616687684.4699216, 1616687687.9372346]
[1616687684.6494203, 1616687687.906633]
[1616687684.5082135, 1616687687.8055682]
[1616687684.5977888, 1616687688.0522091]
[1616687684.2831554, 1616687687.4941678]
[1616687684.4797819, 1616687687.914938]
[1616687684.5222309, 1616687687.7735794]
[1616687684.6236482, 1616687687.9355924]
[1616687683.49907, 1616687686.1987143]
[1616687684.4642434, 1616687687.6561015]
[1616687684.4953966, 1616687687.737884]
[1616687684.5013611, 1616687687.7347722]
[1616687684.580205, 1616687688.0428858]
[1616687684.5554564, 1616687687.970025]
[1616687684.5529451, 1616687688.0056505]
[1616687683.5785863, 1616687686.2173057]
[1616687684.4108255, 1616687687.8407671]
[1616687684.5141113, 1616687687.7858777]
[1616687684.4492013, 1616687687.6564271]
[1616687683.5777276, 1616687686.1580317]
[1616687684.6094854, 1616687688.077842]
[1616687684.6689444, 1616687688.1085756]
[1616687683.6605368, 1616687686.3169208]
[1616687683.6066256, 1616687686.3501348]
[1616687684.5815043, 1616687687.840822]
[1616687684.5229187, 1616687687.7761958]
[1616687684.5203593, 1616687687.7942705]
[1616687684.5458806, 1616687688.0007339]
[1616687684.7653859, 1616687688.117704]
