[1616688572.490742, 1616688584.0905082]
[1616688571.9329324, 1616688583.3857646]
[1616688571.9295967, 1616688583.1672485]
[1616688571.831998, 1616688583.4130225]
[1616688571.7436752, 1616688583.1106725]
[1616688571.7854471, 1616688583.147785]
[1616688572.2950068, 1616688583.6383095]
[1616688571.9822955, 1616688583.4926217]
[1616688571.711848, 1616688583.110613]
[1616688572.0312786, 1616688583.3011026]
[1616688571.8865938, 1616688583.3442414]
[1616688572.22168, 1616688583.5615866]
[1616688572.4015362, 1616688583.7203312]
[1616688571.9426544, 1616688583.3395252]
[1616688572.0669012, 1616688583.47444]
[1616688571.8289802, 1616688583.2164664]
[1616688572.2154832, 1616688583.554806]
[1616688572.13273, 1616688583.3881712]
[1616688572.5789604, 1616688583.8338082]
[1616688572.046392, 1616688583.32367]
[1616688572.3576307, 1616688583.6506321]
[1616688572.7896047, 1616688584.2727065]
[1616688573.0078287, 1616688584.2479727]
[1616688572.6246545, 1616688584.026185]
[1616688572.9817288, 1616688584.2623181]
[1616688572.944037, 1616688584.6748295]
[1616688572.7468102, 1616688584.0020714]
[1616688573.3935826, 1616688584.8454828]
[1616688573.286248, 1616688584.6104858]
[1616688573.1223836, 1616688584.880734]
[1616688573.335193, 1616688584.745607]
[1616688573.3974843, 1616688584.7091577]
[1616688573.424798, 1616688584.7247975]
[1616688573.181702, 1616688584.4232433]
[1616688573.699852, 1616688585.010787]
[1616688573.515579, 1616688584.8473055]
[1616688573.539029, 1616688584.6990786]
[1616688573.737119, 1616688584.9951084]
[1616688574.0019572, 1616688585.4585345]
[1616688573.7609966, 1616688585.023589]
[1616688574.1456854, 1616688585.4819262]
[1616688573.8581314, 1616688585.078223]
[1616688573.9215877, 1616688585.1900089]
[1616688574.2779691, 1616688585.5585089]
[1616688574.4395394, 1616688585.6930285]
[1616688574.5684144, 1616688585.8452537]
[1616688574.554529, 1616688585.8346224]
[1616688574.5837157, 1616688585.8821983]
[1616688574.8330455, 1616688586.10447]
[1616688574.6820257, 1616688585.939772]
[1616688574.8298585, 1616688586.1740234]
[1616688575.0926638, 1616688586.3961916]
[1616688574.7009466, 1616688586.6813922]
[1616688575.0812688, 1616688586.3345582]
[1616688575.3370702, 1616688586.7708845]
[1616688575.3753743, 1616688586.6394024]
[1616688575.5341067, 1616688586.9262245]
[1616688575.5256596, 1616688586.900194]
[1616688575.5100596, 1616688586.7964737]
[1616688575.4503894, 1616688586.7224023]
[1616688575.9178972, 1616688587.191279]
[1616688575.6473286, 1616688586.91369]
[1616688575.917394, 1616688587.2432446]
[1616688575.9144807, 1616688587.0865638]
[1616688575.8642821, 1616688587.1567528]
[1616688576.206016, 1616688587.4299188]
[1616688576.09482, 1616688587.3544269]
[1616688576.050248, 1616688587.4696033]
[1616688576.1532295, 1616688587.5720668]
[1616688576.1262522, 1616688587.3774648]
[1616688576.343912, 1616688587.6792533]
[1616688576.2237136, 1616688587.5356786]
[1616688576.3063052, 1616688587.8639603]
[1616688576.4081712, 1616688587.7734337]
[1616688576.245486, 1616688587.454883]
[1616688576.4920814, 1616688587.751547]
[1616688576.48597, 1616688587.7137656]
[1616688576.6465974, 1616688588.109448]
[1616688576.5962567, 1616688587.8563836]
[1616688576.8075182, 1616688588.258919]
[1616688576.7574728, 1616688588.0265803]
[1616688576.7996736, 1616688588.2655544]
[1616688577.010821, 1616688588.2922955]
[1616688577.081132, 1616688588.4687197]
[1616688577.0279405, 1616688588.3784752]
[1616688577.1271057, 1616688588.6189792]
[1616688577.0025167, 1616688588.3091984]
[1616688577.1015413, 1616688588.4819689]
[1616688577.3518429, 1616688588.708763]
[1616688577.159415, 1616688588.8037958]
[1616688577.4259107, 1616688588.7658644]
[1616688577.309798, 1616688588.642987]
[1616688577.4887033, 1616688588.846946]
[1616688577.5184343, 1616688588.850511]
[1616688577.5222101, 1616688589.0410256]
[1616688577.4812715, 1616688588.7557251]
[1616688577.5752466, 1616688588.8975067]
[1616688577.803416, 1616688589.118352]
[1616688577.6759026, 1616688588.9711545]
[1616688577.692879, 1616688589.010574]
[1616688577.76836, 1616688589.3767836]
[1616688577.9177926, 1616688589.2275956]
[1616688577.9421577, 1616688589.2191677]
[1616688577.7509677, 1616688589.121248]
[1616688578.1682458, 1616688589.8843062]
[1616688578.2431154, 1616688589.7952194]
[1616688578.2040246, 1616688589.4395216]
[1616688578.2388499, 1616688589.5311582]
[1616688578.3183107, 1616688589.5134752]
[1616688578.271638, 1616688589.5854495]
[1616688578.2161193, 1616688589.7124338]
[1616688578.3747141, 1616688589.7118216]
[1616688578.1969738, 1616688589.572736]
[1616688578.3969815, 1616688589.7199934]
[1616688578.214459, 1616688589.5350873]
[1616688578.4779594, 1616688589.9998195]
[1616688578.427098, 1616688589.8566215]
[1616688578.5370255, 1616688590.0674937]
[1616688578.6578076, 1616688590.0015109]
[1616688578.6151748, 1616688590.042234]
[1616688578.488898, 1616688590.256962]
[1616688578.6216536, 1616688589.9927475]
[1616688578.6156192, 1616688589.9522867]
[1616688578.745793, 1616688590.1127138]
[1616688578.8226762, 1616688590.0723]
[1616688578.7603092, 1616688590.15705]
[1616688578.7776625, 1616688590.007925]
[1616688578.7507122, 1616688590.0887666]
[1616688578.8245156, 1616688590.1829922]
[1616688578.869104, 1616688590.1312087]
[1616688579.0337746, 1616688590.3823006]
[1616688579.0259478, 1616688590.3991218]
[1616688579.0580847, 1616688590.9412]
[1616688579.0824428, 1616688590.2890086]
[1616688579.1200292, 1616688590.8155644]
[1616688579.2164235, 1616688590.4214983]
[1616688579.1089263, 1616688590.9560344]
[1616688579.160333, 1616688590.4445007]
[1616688579.1615021, 1616688590.4320774]
[1616688579.1619463, 1616688590.4749687]
[1616688579.1789696, 1616688590.4610894]
[1616688579.3137047, 1616688590.6163795]
[1616688579.2799325, 1616688590.602248]
[1616688579.2764263, 1616688590.63264]
[1616688579.3709292, 1616688590.7188263]
[1616688579.421188, 1616688590.5870562]
[1616688579.3105066, 1616688590.562942]
[1616688579.3915372, 1616688590.7445347]
[1616688579.5203195, 1616688590.829955]
[1616688579.528882, 1616688590.945097]
[1616688579.5051038, 1616688590.9661255]
[1616688579.5595193, 1616688590.901303]
[1616688579.5249746, 1616688590.9314787]
[1616688579.562477, 1616688590.9996696]
[1616688579.6631613, 1616688591.0027854]
[1616688579.553527, 1616688590.7891448]
[1616688579.6926723, 1616688591.2984776]
[1616688579.7212598, 1616688591.2564707]
[1616688579.7288861, 1616688591.1444976]
[1616688579.7154853, 1616688591.2805858]
[1616688579.7814057, 1616688591.0480602]
[1616688579.6487772, 1616688591.0538943]
[1616688579.730765, 1616688590.9757473]
[1616688579.7007248, 1616688590.9460914]
[1616688579.8801084, 1616688591.248217]
[1616688579.6957579, 1616688591.1058826]
[1616688579.7111166, 1616688591.092044]
[1616688579.9322996, 1616688591.1947794]
[1616688579.8716614, 1616688591.0282683]
[1616688579.7685819, 1616688591.1051664]
[1616688579.8843076, 1616688591.1797526]
[1616688579.96919, 1616688591.3050735]
[1616688580.0973368, 1616688591.4798868]
[1616688579.9233062, 1616688591.212301]
[1616688579.9416456, 1616688591.272969]
[1616688579.8584008, 1616688591.0974143]
[1616688579.879302, 1616688591.4640582]
[1616688580.18001, 1616688591.5534089]
[1616688580.2062144, 1616688591.4590976]
[1616688579.9373183, 1616688591.2145422]
[1616688579.9095378, 1616688591.223626]
[1616688580.1373734, 1616688591.498801]
[1616688579.9577568, 1616688591.3068252]
[1616688580.2039747, 1616688591.5139828]
[1616688580.1607149, 1616688591.5648346]
[1616688579.9325514, 1616688591.1460981]
[1616688580.1357582, 1616688591.5856695]
[1616688580.2343037, 1616688591.590622]
[1616688580.2361512, 1616688591.4663603]
[1616688580.288117, 1616688591.6858122]
[1616688580.1943808, 1616688591.564991]
[1616688579.9578767, 1616688591.2106733]
[1616688580.2303488, 1616688591.4618747]
[1616688580.1613579, 1616688591.4651713]
[1616688580.175488, 1616688591.430439]
[1616688580.2608197, 1616688591.815891]
[1616688580.2987614, 1616688593.6171107]
[1616688580.2919972, 1616688592.0517638]
[1616688580.218861, 1616688591.7792091]
[1616688581.5203438, 1616688595.1511967]
[1616688580.2798088, 1616688591.7245808]
[1616688580.2397954, 1616688591.5488539]
[1616688580.1834266, 1616688592.1482525]
[1616688581.3612533, 1616688594.8032832]
[1616688582.0630434, 1616688594.636308]
[1616688580.2604496, 1616688591.590739]
[1616688581.3897574, 1616688594.7283087]
[1616688581.4067397, 1616688594.0626295]
[1616688581.3416774, 1616688594.7080436]
[1616688581.4774976, 1616688594.9992986]
[1616688580.1014373, 1616688591.5289264]
[1616688581.4605653, 1616688594.938826]
[1616688581.4385917, 1616688594.7178009]
[1616688581.4564357, 1616688594.7830827]
[1616688581.436594, 1616688594.2487493]
[1616688580.1072812, 1616688591.4679961]
[1616688581.5620139, 1616688594.9833045]
[1616688580.2917004, 1616688591.6692264]
[1616688581.4262054, 1616688594.0986342]
[1616688581.4891489, 1616688594.2323446]
[1616688581.430276, 1616688594.7889524]
[1616688581.4381692, 1616688594.7382984]
[1616688581.446052, 1616688594.2617192]
[1616688581.514633, 1616688594.9922605]
[1616688581.5882506, 1616688594.8606958]
[1616688581.8805184, 1616688595.2583504]
[1616688580.3164341, 1616688593.054521]
[1616688581.5318332, 1616688595.0354023]
[1616688581.4556673, 1616688594.1109478]
[1616688581.3428137, 1616688593.9939086]
[1616688581.313041, 1616688593.999162]
[1616688581.510277, 1616688594.6418478]
[1616688581.4478204, 1616688594.1557083]
[1616688581.4933264, 1616688594.8366618]
[1616688581.6594243, 1616688595.2332778]
[1616688581.5641434, 1616688596.4771535]
[1616688581.4423294, 1616688594.1037662]
[1616688581.4953008, 1616688594.3998332]
[1616688581.491782, 1616688594.184761]
[1616688581.5185058, 1616688594.319363]
[1616688581.3725433, 1616688594.6105602]
[1616688581.3364615, 1616688594.1729558]
[1616688581.5105748, 1616688595.0775216]
[1616688581.5284495, 1616688594.905588]
[1616688581.4723043, 1616688594.0723817]
[1616688581.498805, 1616688594.9627652]
[1616688581.480939, 1616688594.8016865]
[1616688581.550665, 1616688594.401431]
[1616688581.576242, 1616688594.3677416]
[1616688581.494829, 1616688594.8620126]
