[1616687778.3702571, 1616687781.0979958]
[1616687778.6059167, 1616687781.3674996]
[1616687778.344454, 1616687781.132841]
[1616687778.888111, 1616687781.5981193]
[1616687778.8322918, 1616687781.5305977]
[1616687778.6424205, 1616687781.338104]
[1616687778.5256999, 1616687781.2622828]
[1616687778.6519034, 1616687781.3755069]
[1616687778.7201538, 1616687781.430471]
[1616687778.548829, 1616687781.2607305]
[1616687778.7670712, 1616687781.4746006]
[1616687778.7890847, 1616687781.4867816]
[1616687779.0252209, 1616687781.8350544]
[1616687779.021256, 1616687781.7416027]
[1616687778.3922048, 1616687781.1273386]
[1616687778.6742914, 1616687781.3944304]
[1616687778.8584447, 1616687781.5960095]
[1616687779.208013, 1616687781.9073358]
[1616687778.4994144, 1616687781.2266278]
[1616687778.7566125, 1616687781.4630814]
[1616687778.9817753, 1616687781.687277]
[1616687779.3049538, 1616687781.9948254]
[1616687779.0426161, 1616687781.8463972]
[1616687779.338092, 1616687782.0060432]
[1616687779.5647047, 1616687782.2880697]
[1616687779.4049861, 1616687782.1106231]
[1616687779.5095718, 1616687782.2643008]
[1616687779.625797, 1616687782.3335457]
[1616687779.9307911, 1616687782.6457307]
[1616687780.0850756, 1616687782.7914357]
[1616687779.7075593, 1616687782.4163177]
[1616687779.734428, 1616687782.568842]
[1616687780.0742538, 1616687782.8374577]
[1616687779.9347544, 1616687782.6415033]
[1616687779.8416526, 1616687782.5644016]
[1616687779.7994287, 1616687782.5376022]
[1616687780.4895604, 1616687783.2246757]
[1616687780.1898677, 1616687782.9122772]
[1616687779.7090256, 1616687782.4371493]
[1616687780.1797109, 1616687782.8902884]
[1616687780.603711, 1616687783.309109]
[1616687780.6775339, 1616687783.383448]
[1616687780.1865706, 1616687782.9134963]
[1616687781.0900385, 1616687783.8199108]
[1616687781.00901, 1616687783.7303677]
[1616687780.423524, 1616687783.124672]
[1616687781.2597284, 1616687783.9898005]
[1616687781.0438774, 1616687783.7779582]
[1616687780.8894293, 1616687783.6137905]
[1616687781.6361294, 1616687784.347375]
[1616687781.4987357, 1616687784.2306247]
[1616687781.4294448, 1616687784.2105756]
[1616687781.716589, 1616687784.439847]
[1616687781.90412, 1616687784.6732998]
[1616687781.8272123, 1616687784.5520692]
[1616687781.6646914, 1616687784.4116056]
[1616687781.9923778, 1616687784.6944356]
[1616687782.0950675, 1616687784.7554183]
[1616687782.314411, 1616687785.0613122]
[1616687782.3387494, 1616687785.0325909]
[1616687782.3830795, 1616687785.0905025]
[1616687782.3521035, 1616687785.0818408]
[1616687782.4568985, 1616687785.2028904]
[1616687782.4214637, 1616687785.1385503]
[1616687782.489163, 1616687785.1917527]
[1616687782.5639176, 1616687785.299275]
[1616687782.6507475, 1616687785.3480706]
[1616687782.5643985, 1616687785.3719351]
[1616687782.7998478, 1616687785.5082123]
[1616687782.919895, 1616687785.655573]
[1616687782.9869735, 1616687785.7026927]
[1616687783.3346763, 1616687786.0404584]
[1616687783.2612226, 1616687786.007136]
[1616687783.0747764, 1616687785.7725704]
[1616687783.6441922, 1616687786.3908737]
[1616687783.5738974, 1616687786.2970762]
[1616687783.556985, 1616687786.2911294]
[1616687783.307823, 1616687786.0242288]
[1616687783.3930724, 1616687786.1388843]
[1616687783.67424, 1616687786.4062772]
[1616687783.8411942, 1616687786.5997794]
[1616687784.1189158, 1616687786.8206491]
[1616687783.979451, 1616687786.7075703]
[1616687783.8501706, 1616687786.5737288]
[1616687784.1380794, 1616687786.855528]
[1616687783.8791401, 1616687786.6289415]
[1616687784.047468, 1616687786.7715125]
[1616687784.189152, 1616687786.9166758]
[1616687784.2444859, 1616687786.9489937]
[1616687784.1925511, 1616687786.8863115]
[1616687784.5114148, 1616687787.2137408]
[1616687784.5030303, 1616687787.2036214]
[1616687784.3351276, 1616687787.1328857]
[1616687784.6317658, 1616687787.3516567]
[1616687784.5892909, 1616687787.3154864]
[1616687784.690379, 1616687787.4401753]
[1616687784.7961416, 1616687787.4805658]
[1616687784.6776476, 1616687787.3853717]
[1616687784.894623, 1616687787.596872]
[1616687784.695842, 1616687787.4216263]
[1616687784.88287, 1616687787.592705]
[1616687785.0717087, 1616687787.8479767]
[1616687785.2405615, 1616687787.9370384]
[1616687785.1419988, 1616687787.851037]
[1616687785.3790183, 1616687788.127594]
[1616687785.3671644, 1616687788.063704]
[1616687785.5870845, 1616687788.3515463]
[1616687785.594822, 1616687788.280712]
[1616687785.210198, 1616687787.9334245]
[1616687785.4527426, 1616687788.2036853]
[1616687785.5453458, 1616687788.258637]
[1616687785.5554519, 1616687788.2638154]
[1616687785.9629092, 1616687788.7077165]
[1616687785.8176408, 1616687788.5095365]
[1616687785.7263787, 1616687788.4411466]
[1616687785.8588018, 1616687788.5703888]
[1616687786.0652926, 1616687788.760629]
[1616687786.072039, 1616687788.7780976]
[1616687785.9667048, 1616687788.68745]
[1616687786.363456, 1616687789.0969934]
[1616687786.5903127, 1616687789.3205614]
[1616687786.604185, 1616687789.3271403]
[1616687786.280216, 1616687789.0012696]
[1616687786.7153456, 1616687789.4575388]
[1616687786.713108, 1616687789.4648368]
[1616687786.8680165, 1616687789.5787735]
[1616687786.867148, 1616687789.5886438]
[1616687786.8554916, 1616687789.5480943]
[1616687786.9364727, 1616687789.6263528]
[1616687787.0565052, 1616687789.8520784]
[1616687786.9296687, 1616687789.6372216]
[1616687787.0377398, 1616687789.7647536]
[1616687787.089522, 1616687789.8644476]
[1616687787.3001301, 1616687790.0101242]
[1616687787.3020716, 1616687790.0969446]
[1616687787.271209, 1616687790.008467]
[1616687787.326081, 1616687790.0380821]
[1616687787.4508822, 1616687790.1894357]
[1616687787.4522471, 1616687790.2123847]
[1616687787.4401996, 1616687790.269843]
[1616687787.3227863, 1616687790.0508785]
[1616687787.5116992, 1616687790.1971004]
[1616687787.7595322, 1616687790.5090508]
[1616687787.5232666, 1616687790.2340217]
[1616687787.7026918, 1616687790.4328935]
[1616687787.643603, 1616687790.334293]
[1616687787.642518, 1616687790.347071]
[1616687787.772219, 1616687790.5281901]
[1616687788.0176668, 1616687790.722485]
[1616687788.1678789, 1616687790.8688397]
[1616687787.878704, 1616687790.5766573]
[1616687788.1446855, 1616687790.9061823]
[1616687788.194829, 1616687790.9165509]
[1616687788.4099677, 1616687791.1497245]
[1616687788.2968528, 1616687791.0138056]
[1616687788.2890267, 1616687790.9873838]
[1616687788.3121657, 1616687791.0260882]
[1616687788.3933861, 1616687791.2387118]
[1616687788.5043423, 1616687791.2696548]
[1616687788.7034287, 1616687791.4270275]
[1616687788.4563754, 1616687791.1793659]
[1616687788.747781, 1616687791.488764]
[1616687788.7767036, 1616687791.4821339]
[1616687788.9121404, 1616687791.6120007]
[1616687788.9725459, 1616687791.6918669]
[1616687788.923681, 1616687791.6617923]
[1616687788.661636, 1616687791.3755386]
[1616687788.8285904, 1616687791.528945]
[1616687789.0410728, 1616687791.8632944]
[1616687788.9820614, 1616687791.728503]
[1616687788.9517722, 1616687791.633776]
[1616687789.1152747, 1616687791.8734043]
[1616687789.1844997, 1616687791.8825734]
[1616687789.0202024, 1616687791.740007]
[1616687789.281095, 1616687791.9804945]
[1616687789.3568118, 1616687792.0907874]
[1616687789.441649, 1616687792.1632657]
[1616687789.4513683, 1616687792.1570795]
[1616687789.5121858, 1616687792.2489111]
[1616687789.5695713, 1616687792.267144]
[1616687789.5840497, 1616687792.2910893]
[1616687789.6401718, 1616687792.3390932]
[1616687789.619947, 1616687792.3402233]
[1616687789.7917466, 1616687792.4877675]
[1616687789.6549225, 1616687792.3585258]
[1616687789.7362223, 1616687792.428873]
[1616687789.625858, 1616687792.373577]
[1616687789.7403257, 1616687792.4551136]
[1616687790.0638342, 1616687792.7755675]
[1616687789.7971842, 1616687792.5169914]
[1616687790.1276927, 1616687792.9258325]
[1616687790.2472484, 1616687792.9616551]
[1616687790.1314502, 1616687792.8480794]
[1616687790.2831788, 1616687793.0721776]
[1616687790.4186184, 1616687793.1225638]
[1616687790.3580985, 1616687793.0560708]
[1616687790.25809, 1616687793.0031593]
[1616687790.4594753, 1616687793.1899211]
[1616687790.392945, 1616687793.0835705]
[1616687790.4612293, 1616687793.163887]
[1616687790.538801, 1616687793.293645]
[1616687790.6654997, 1616687793.3756747]
[1616687790.4475367, 1616687793.1901834]
[1616687790.8206754, 1616687793.5243237]
[1616687790.8502364, 1616687793.5768695]
[1616687790.8995328, 1616687793.5965626]
[1616687790.7992163, 1616687793.4907198]
[1616687790.9375143, 1616687793.659756]
[1616687791.0884356, 1616687793.8073125]
[1616687790.687931, 1616687793.4546852]
[1616687791.07987, 1616687793.7986088]
[1616687791.003089, 1616687793.699919]
[1616687791.2770212, 1616687793.9929206]
[1616687791.3321133, 1616687794.0465407]
[1616687791.3609667, 1616687794.0976033]
[1616687791.2675066, 1616687794.0956225]
[1616687791.0912194, 1616687793.8379636]
[1616687791.4537666, 1616687794.2168834]
[1616687791.4893088, 1616687794.1753843]
[1616687791.4635754, 1616687794.1684902]
[1616687791.6321096, 1616687794.3412132]
[1616687791.792723, 1616687794.4955516]
[1616687791.8628972, 1616687794.5989125]
[1616687791.6308446, 1616687794.3246794]
[1616687791.5145142, 1616687794.2581954]
[1616687791.892104, 1616687794.5687563]
[1616687791.7154808, 1616687794.4454646]
[1616687791.863863, 1616687794.560741]
[1616687791.711432, 1616687794.4798324]
[1616687791.9141319, 1616687794.636705]
[1616687792.1597104, 1616687794.899528]
[1616687792.088165, 1616687794.8171046]
[1616687791.877287, 1616687794.604255]
[1616687792.0508673, 1616687794.741517]
[1616687792.389496, 1616687795.1361604]
[1616687792.2521925, 1616687794.9689379]
[1616687792.309025, 1616687795.0107524]
[1616687792.2795968, 1616687794.968924]
[1616687792.4314237, 1616687795.1350012]
[1616687792.2015836, 1616687794.9209638]
[1616687792.2643082, 1616687795.0096016]
[1616687792.4744213, 1616687795.1907778]
[1616687792.4917629, 1616687795.1931536]
[1616687792.5385497, 1616687795.2454853]
[1616687792.6933198, 1616687795.4163775]
[1616687792.574805, 1616687795.3151457]
[1616687792.7361238, 1616687795.4295402]
[1616687792.814156, 1616687795.5244687]
[1616687793.0015233, 1616687795.717754]
[1616687793.063609, 1616687795.7848277]
[1616687793.0493805, 1616687795.7879493]
[1616687792.7588863, 1616687795.4662158]
[1616687792.929713, 1616687795.6650279]
[1616687793.07918, 1616687795.8071427]
[1616687792.9126296, 1616687795.6244013]
[1616687793.2514307, 1616687795.97891]
[1616687793.3600888, 1616687796.0895064]
[1616687793.403841, 1616687796.1361294]
[1616687793.1500335, 1616687795.853593]
[1616687793.4668026, 1616687796.2319615]
[1616687793.3309793, 1616687796.0966184]
[1616687793.4479883, 1616687796.1250074]
[1616687793.4817908, 1616687796.2364936]
[1616687793.6104524, 1616687796.3290465]
[1616687793.718241, 1616687796.4268575]
[1616687793.7431328, 1616687796.4625673]
[1616687793.7543144, 1616687796.458088]
[1616687793.774306, 1616687796.4642138]
[1616687793.8555274, 1616687796.5753307]
[1616687793.4247234, 1616687796.1254516]
[1616687793.7919457, 1616687796.4956455]
[1616687793.8493934, 1616687796.6524901]
[1616687793.616599, 1616687796.3576953]
[1616687794.1874185, 1616687796.8727098]
[1616687794.3273556, 1616687797.063128]
[1616687794.081055, 1616687796.8348176]
[1616687794.0584826, 1616687796.77927]
[1616687794.2507584, 1616687797.0267172]
[1616687794.2559104, 1616687796.9641004]
[1616687794.3803978, 1616687797.0923433]
[1616687794.279532, 1616687797.0113769]
[1616687794.4528518, 1616687797.1773968]
[1616687794.5410447, 1616687797.2995028]
[1616687794.4154398, 1616687797.1130924]
[1616687794.6685328, 1616687797.3889399]
[1616687794.7540917, 1616687797.4465764]
[1616687794.7320223, 1616687797.4849615]
[1616687794.5019107, 1616687797.206767]
[1616687794.5321963, 1616687797.2962356]
[1616687794.8074315, 1616687797.4999278]
[1616687794.7798102, 1616687797.4516356]
[1616687795.0443342, 1616687797.7980244]
[1616687794.8465848, 1616687797.607933]
[1616687794.7217894, 1616687797.4512486]
[1616687794.9075444, 1616687797.646442]
[1616687795.1794696, 1616687797.8731463]
[1616687795.2464395, 1616687797.9400508]
[1616687795.1432424, 1616687797.860765]
[1616687795.4319232, 1616687798.130164]
[1616687795.4796767, 1616687798.2029877]
[1616687795.4780262, 1616687798.198661]
[1616687795.5193915, 1616687798.2244968]
[1616687795.3420203, 1616687798.059126]
[1616687795.1112251, 1616687797.8159]
[1616687795.368244, 1616687798.0813005]
[1616687795.5984113, 1616687798.297701]
[1616687795.4051545, 1616687798.1363196]
[1616687795.422591, 1616687798.152285]
[1616687795.5926836, 1616687798.331831]
[1616687795.761288, 1616687798.4692457]
[1616687795.5776262, 1616687798.2941973]
[1616687795.9643025, 1616687798.632563]
[1616687795.6529865, 1616687798.3715453]
[1616687795.9751377, 1616687798.723663]
[1616687795.719457, 1616687798.473732]
[1616687796.0474737, 1616687798.784573]
[1616687796.0653455, 1616687798.8222501]
[1616687796.1737707, 1616687798.8912597]
[1616687796.1133404, 1616687798.843952]
[1616687796.3323948, 1616687799.028304]
[1616687796.1841745, 1616687798.8987231]
[1616687796.2650018, 1616687799.0278676]
[1616687796.373913, 1616687799.1122408]
[1616687796.2429948, 1616687798.9831963]
[1616687796.4382918, 1616687799.1391442]
[1616687796.565353, 1616687799.2812436]
[1616687796.509364, 1616687799.2023418]
[1616687796.5348883, 1616687799.2586827]
[1616687796.6436338, 1616687799.3672845]
[1616687796.5337505, 1616687799.223787]
[1616687796.7479246, 1616687799.4558258]
[1616687796.7374144, 1616687799.5499346]
[1616687796.8686397, 1616687799.5943615]
[1616687796.819953, 1616687799.5505428]
[1616687796.8557007, 1616687799.6037612]
[1616687796.9944596, 1616687799.6893115]
[1616687796.9637284, 1616687799.6690795]
[1616687796.915354, 1616687799.6042724]
[1616687797.0259845, 1616687799.824468]
[1616687797.0263114, 1616687799.6956842]
[1616687797.2622302, 1616687799.9754229]
[1616687797.3263352, 1616687800.112829]
[1616687797.3647237, 1616687800.097688]
[1616687797.5126004, 1616687800.2206714]
[1616687797.4245906, 1616687800.1329021]
[1616687797.4052637, 1616687800.1205766]
[1616687797.5371404, 1616687800.2757018]
[1616687797.4229474, 1616687800.174282]
[1616687797.5924823, 1616687800.2903557]
[1616687797.7508464, 1616687800.4435554]
[1616687797.622079, 1616687800.4299788]
[1616687797.7455711, 1616687800.455203]
[1616687797.7312927, 1616687800.4529257]
[1616687797.9311965, 1616687800.6197846]
[1616687797.8378565, 1616687800.5694318]
[1616687797.9617987, 1616687800.6589377]
[1616687798.146755, 1616687800.858095]
[1616687797.828228, 1616687800.5288293]
[1616687798.115613, 1616687800.827455]
[1616687797.8575678, 1616687800.5610971]
[1616687798.327139, 1616687801.037731]
[1616687798.4090044, 1616687801.1366096]
[1616687798.6588607, 1616687801.3554459]
[1616687798.268122, 1616687800.9744]
[1616687798.4094417, 1616687801.1338181]
[1616687798.6938434, 1616687801.4102798]
[1616687798.5263886, 1616687801.2458289]
[1616687798.7114477, 1616687801.4151456]
[1616687798.4825923, 1616687801.2160783]
[1616687798.526447, 1616687801.2467184]
[1616687798.6392143, 1616687801.313875]
[1616687798.7505429, 1616687801.4780905]
[1616687798.8171067, 1616687801.5395484]
[1616687798.758586, 1616687801.4961638]
[1616687798.6937423, 1616687801.4270923]
[1616687798.9619768, 1616687801.664354]
[1616687799.052685, 1616687801.8856163]
[1616687799.070234, 1616687801.8211224]
[1616687799.071205, 1616687801.79306]
[1616687799.040839, 1616687801.7535381]
[1616687799.2391696, 1616687801.9323428]
[1616687799.1980066, 1616687801.9020607]
[1616687799.3740242, 1616687802.1351318]
[1616687799.4848685, 1616687802.1932657]
[1616687799.0997336, 1616687801.8241558]
[1616687799.4588606, 1616687802.1633961]
[1616687799.4022272, 1616687802.1251118]
[1616687799.3347893, 1616687802.0495188]
[1616687799.4960005, 1616687802.2330015]
[1616687799.4872234, 1616687802.2159307]
[1616687799.5569677, 1616687802.2711728]
[1616687799.7287931, 1616687802.4448824]
[1616687799.7039816, 1616687802.3483279]
[1616687799.5673354, 1616687802.3031147]
[1616687799.7649658, 1616687802.4691098]
[1616687799.6144185, 1616687802.3218439]
[1616687799.8126082, 1616687802.544805]
[1616687799.8057685, 1616687802.51907]
[1616687799.9794924, 1616687802.7302842]
[1616687800.1036992, 1616687802.8773794]
[1616687800.085875, 1616687802.8143582]
[1616687799.9268792, 1616687802.6815803]
[1616687800.0620332, 1616687802.8921335]
[1616687800.031629, 1616687802.755594]
[1616687800.2871113, 1616687803.0299346]
[1616687800.0754488, 1616687802.7894185]
[1616687800.1520245, 1616687802.849776]
[1616687800.1332142, 1616687802.850219]
[1616687800.292343, 1616687802.9761794]
[1616687800.4564867, 1616687803.1583745]
[1616687800.4349174, 1616687803.1339986]
[1616687800.489843, 1616687803.197226]
[1616687800.721262, 1616687803.4272919]
[1616687800.5393362, 1616687803.288604]
[1616687800.5360239, 1616687803.2374053]
[1616687800.4931989, 1616687803.274321]
[1616687800.6849828, 1616687803.380342]
[1616687800.492251, 1616687803.237835]
[1616687800.6863365, 1616687803.3830476]
[1616687800.7052605, 1616687803.4414475]
[1616687800.8006992, 1616687803.5633068]
[1616687801.0357375, 1616687803.768865]
[1616687800.875995, 1616687803.5979364]
[1616687801.0321116, 1616687803.740823]
[1616687801.122053, 1616687803.829214]
[1616687801.0036154, 1616687803.709004]
[1616687801.1709626, 1616687803.891583]
[1616687801.1231527, 1616687803.8209655]
[1616687801.3002875, 1616687804.009632]
[1616687801.1926, 1616687803.9020457]
[1616687801.3940473, 1616687804.0982237]
[1616687801.632326, 1616687804.3494973]
[1616687801.5670712, 1616687804.280365]
[1616687801.5506191, 1616687804.284101]
[1616687801.7209194, 1616687804.4517627]
[1616687801.7725985, 1616687804.467736]
[1616687801.7402916, 1616687804.371989]
[1616687801.588898, 1616687804.3156433]
[1616687801.6447253, 1616687804.376833]
[1616687801.8855274, 1616687804.6002455]
[1616687801.61323, 1616687804.3310044]
[1616687801.864472, 1616687804.578831]
[1616687802.0008764, 1616687804.702031]
[1616687801.8487341, 1616687804.577926]
[1616687802.0413578, 1616687804.7564065]
[1616687802.3230078, 1616687805.085925]
[1616687802.1495934, 1616687804.866887]
[1616687801.9950724, 1616687804.6929836]
[1616687802.0319467, 1616687804.875682]
[1616687802.359435, 1616687805.0087209]
[1616687802.1838856, 1616687804.883877]
[1616687802.3072155, 1616687805.0605927]
[1616687802.4841137, 1616687805.193772]
[1616687802.4779859, 1616687805.1924264]
[1616687802.5741537, 1616687805.28665]
[1616687802.532809, 1616687805.2650142]
[1616687802.7810187, 1616687805.5107882]
[1616687802.4190996, 1616687805.110709]
[1616687802.764871, 1616687805.4725573]
[1616687802.918007, 1616687805.660552]
[1616687802.9277716, 1616687805.6317284]
[1616687802.8697045, 1616687805.6079893]
[1616687803.0404003, 1616687805.7872033]
[1616687802.9401097, 1616687805.662453]
[1616687802.7837288, 1616687805.5226185]
[1616687802.8876579, 1616687805.642104]
[1616687803.0597878, 1616687805.7800512]
[1616687802.9993522, 1616687805.7061415]
[1616687803.0695279, 1616687805.8074708]
[1616687803.270627, 1616687805.9753547]
[1616687803.2406588, 1616687805.964403]
[1616687803.392165, 1616687806.1114457]
[1616687803.4966507, 1616687806.2288811]
[1616687803.3835382, 1616687806.1200454]
[1616687803.2461243, 1616687805.9711363]
[1616687803.5005808, 1616687806.2071116]
[1616687803.508, 1616687806.196498]
[1616687803.6456563, 1616687806.357717]
[1616687804.0722866, 1616687806.8056693]
[1616687803.7509081, 1616687806.4712942]
[1616687803.7201266, 1616687806.4299347]
[1616687803.6038692, 1616687806.3681905]
[1616687804.0016136, 1616687806.7075336]
[1616687803.99019, 1616687806.7175932]
[1616687803.9984088, 1616687806.706285]
[1616687803.9958453, 1616687806.70232]
[1616687804.1317673, 1616687806.850799]
[1616687803.9608514, 1616687806.690194]
[1616687804.3399267, 1616687807.056538]
[1616687804.1872568, 1616687806.9667757]
[1616687804.2814062, 1616687806.9740596]
[1616687804.225394, 1616687806.9171245]
[1616687804.3550308, 1616687807.058863]
[1616687804.6007826, 1616687807.3662407]
[1616687804.4901223, 1616687807.1847777]
[1616687804.436243, 1616687807.0597677]
[1616687804.421485, 1616687807.1687918]
[1616687804.62513, 1616687807.3385828]
[1616687804.5801122, 1616687807.2905397]
[1616687804.895589, 1616687807.5872152]
[1616687804.6799212, 1616687807.4075317]
[1616687804.9845057, 1616687807.7028055]
[1616687805.0222764, 1616687807.687973]
[1616687804.806042, 1616687807.527597]
[1616687804.7393436, 1616687807.5156784]
[1616687804.9801462, 1616687807.6963098]
[1616687804.9483988, 1616687807.65517]
[1616687804.9168916, 1616687807.7015493]
[1616687805.0408673, 1616687807.761804]
[1616687805.1549706, 1616687807.9678986]
[1616687805.2953956, 1616687808.0544615]
[1616687805.1318252, 1616687807.8187575]
[1616687805.2304373, 1616687807.9342039]
[1616687805.4563181, 1616687808.1974256]
[1616687805.3908224, 1616687808.0959382]
[1616687805.3803453, 1616687808.1015408]
[1616687805.4267268, 1616687808.1297228]
[1616687805.5992815, 1616687808.3164694]
[1616687805.4266863, 1616687808.1395376]
[1616687805.6540153, 1616687808.4059894]
[1616687805.5670068, 1616687808.2936623]
[1616687805.7392707, 1616687808.4444304]
[1616687805.9078968, 1616687808.6208162]
[1616687805.8313272, 1616687808.5704594]
[1616687805.8007424, 1616687808.540936]
[1616687805.7764535, 1616687808.5049846]
[1616687806.0131993, 1616687808.723028]
[1616687806.0670774, 1616687808.7992709]
[1616687805.9584813, 1616687808.7074223]
[1616687806.0924215, 1616687808.8022501]
[1616687806.220052, 1616687808.928421]
[1616687806.1189327, 1616687808.8169987]
[1616687806.4616218, 1616687809.1737056]
[1616687806.3539915, 1616687809.0855973]
[1616687806.473234, 1616687809.1959393]
[1616687806.435919, 1616687809.2400696]
[1616687806.6724932, 1616687809.3629148]
[1616687806.4795504, 1616687809.1908953]
[1616687806.8067346, 1616687809.4953418]
[1616687806.689486, 1616687809.4417927]
[1616687806.704296, 1616687809.4032695]
[1616687806.7514122, 1616687809.4673405]
[1616687806.7030194, 1616687809.422493]
[1616687806.704792, 1616687809.4779007]
[1616687806.7088683, 1616687809.4258027]
[1616687806.7167892, 1616687809.4462254]
[1616687806.9297047, 1616687809.615679]
[1616687806.9877732, 1616687809.6681712]
[1616687807.1004453, 1616687809.8109152]
[1616687807.077831, 1616687809.7076154]
[1616687807.1259038, 1616687809.836336]
[1616687807.1857684, 1616687809.9560633]
[1616687807.3075724, 1616687810.010753]
[1616687807.3274908, 1616687810.1397738]
[1616687807.348418, 1616687810.0591867]
[1616687807.2845073, 1616687809.9368563]
[1616687807.4637406, 1616687810.172962]
[1616687807.4904785, 1616687810.219316]
[1616687807.7179666, 1616687810.4468553]
[1616687807.4718945, 1616687810.185669]
[1616687807.37198, 1616687810.1338944]
[1616687807.667541, 1616687810.3937957]
[1616687807.4470482, 1616687810.175598]
[1616687807.651072, 1616687810.3335664]
[1616687807.7653785, 1616687810.553625]
[1616687808.0716765, 1616687810.8086047]
[1616687807.917961, 1616687810.656336]
[1616687807.9045506, 1616687810.5968053]
[1616687808.059983, 1616687810.7851918]
[1616687808.1280763, 1616687810.8448567]
[1616687808.288386, 1616687810.9314225]
[1616687808.279853, 1616687810.9806457]
[1616687808.2752736, 1616687810.9883578]
[1616687808.1488197, 1616687810.8981524]
[1616687808.2632759, 1616687810.9853873]
[1616687808.2813368, 1616687810.9665585]
[1616687808.1008275, 1616687810.8096342]
[1616687808.4035666, 1616687811.1065652]
[1616687808.394479, 1616687811.109641]
[1616687808.3755782, 1616687811.0991032]
[1616687808.377639, 1616687811.101557]
[1616687808.5656755, 1616687811.2843878]
[1616687808.755811, 1616687811.4556289]
[1616687808.6231458, 1616687811.3144753]
[1616687808.5895522, 1616687811.3875206]
[1616687808.5544422, 1616687811.319323]
[1616687808.9917436, 1616687811.6943812]
[1616687808.6476111, 1616687811.3746555]
[1616687808.8391993, 1616687811.5463037]
[1616687808.778051, 1616687811.5219326]
[1616687809.031399, 1616687811.8317945]
[1616687809.0646589, 1616687811.8286448]
[1616687809.0970645, 1616687811.8597674]
[1616687809.157645, 1616687811.8820643]
[1616687809.093248, 1616687811.8188827]
[1616687809.1634157, 1616687811.8637347]
[1616687809.1533985, 1616687811.8714359]
[1616687809.2722661, 1616687812.0891936]
[1616687809.2087252, 1616687811.9539578]
[1616687809.3041074, 1616687812.014619]
[1616687809.4790137, 1616687812.2071118]
[1616687809.3974915, 1616687812.0943007]
[1616687809.4934413, 1616687812.277862]
[1616687809.4023156, 1616687812.1339695]
[1616687809.479127, 1616687812.1942947]
[1616687809.658954, 1616687812.3373]
[1616687809.6063035, 1616687812.245356]
[1616687809.9564273, 1616687812.6391017]
[1616687809.6739697, 1616687812.3514888]
[1616687809.6753156, 1616687812.411353]
[1616687810.087477, 1616687812.7825203]
[1616687809.8478968, 1616687812.5614543]
[1616687809.991055, 1616687812.7041793]
[1616687810.070326, 1616687812.7725928]
[1616687809.7806897, 1616687812.3870535]
[1616687810.205569, 1616687812.914764]
[1616687810.093449, 1616687812.7925558]
[1616687810.2161665, 1616687812.9445865]
[1616687810.108937, 1616687812.8248308]
[1616687810.132116, 1616687812.8338146]
[1616687810.2555385, 1616687812.9721677]
[1616687810.3473155, 1616687813.0486228]
[1616687810.3582816, 1616687813.129408]
[1616687810.80933, 1616687813.521795]
[1616687810.444635, 1616687813.1957583]
[1616687810.2708592, 1616687812.9697695]
[1616687810.444999, 1616687813.2449043]
[1616687810.542438, 1616687813.263218]
[1616687810.5880783, 1616687813.3739376]
[1616687810.8953989, 1616687813.5922608]
[1616687810.6987395, 1616687813.4287274]
[1616687810.9218214, 1616687813.6286607]
[1616687811.1137798, 1616687813.8304677]
[1616687811.0558462, 1616687813.7946312]
[1616687810.8635793, 1616687813.5653303]
[1616687810.9301634, 1616687813.7089274]
[1616687811.03231, 1616687813.7499847]
[1616687811.254305, 1616687813.9512267]
[1616687811.0869749, 1616687813.7679904]
[1616687811.3179307, 1616687814.0712953]
[1616687811.2680502, 1616687814.0162578]
[1616687811.5214703, 1616687814.2828221]
[1616687811.111312, 1616687813.847769]
[1616687811.482811, 1616687814.1826906]
[1616687811.448888, 1616687814.1739724]
[1616687811.431156, 1616687814.1445882]
[1616687811.6714776, 1616687814.3565643]
[1616687811.5979385, 1616687814.2979064]
[1616687811.599984, 1616687814.3298075]
[1616687811.7390306, 1616687814.3817182]
[1616687811.664785, 1616687814.3740873]
[1616687811.7162344, 1616687814.4095113]
[1616687812.038356, 1616687814.7477498]
[1616687812.2286243, 1616687815.0121999]
[1616687812.0091798, 1616687814.7297585]
[1616687811.841237, 1616687814.549237]
[1616687812.2238464, 1616687814.9184594]
[1616687812.1784244, 1616687814.8949673]
[1616687812.0558856, 1616687814.8119636]
[1616687812.2145998, 1616687814.936559]
[1616687812.1921918, 1616687814.883807]
[1616687812.3679357, 1616687815.0579495]
[1616687812.5672498, 1616687815.2825656]
[1616687812.6222491, 1616687815.3035731]
[1616687812.55088, 1616687815.1715446]
[1616687812.5130043, 1616687815.2565868]
[1616687812.7176156, 1616687815.4651303]
[1616687812.6563745, 1616687815.3283627]
[1616687812.6628356, 1616687815.4125445]
[1616687812.6923482, 1616687815.3279037]
[1616687812.871561, 1616687815.5854397]
[1616687812.9600964, 1616687815.699149]
[1616687813.0319655, 1616687815.7452419]
[1616687812.9269764, 1616687815.6406226]
[1616687812.9226034, 1616687815.6340847]
[1616687813.0726776, 1616687815.7710764]
[1616687813.0665858, 1616687815.7506316]
[1616687813.0788095, 1616687815.7666326]
[1616687813.2804658, 1616687815.9840667]
[1616687813.1038475, 1616687815.8044333]
[1616687813.2491653, 1616687816.02169]
[1616687813.1577032, 1616687815.9538596]
[1616687813.5224943, 1616687816.3135529]
[1616687813.525802, 1616687816.2172093]
[1616687813.3247352, 1616687816.0404494]
[1616687813.4928737, 1616687816.237184]
[1616687813.5484915, 1616687816.258691]
[1616687813.7378478, 1616687816.4740021]
[1616687813.7901113, 1616687816.4739757]
[1616687813.8074255, 1616687816.5830166]
[1616687813.887425, 1616687816.6040506]
[1616687813.828324, 1616687816.5390725]
[1616687813.7565775, 1616687816.5064926]
[1616687813.9253933, 1616687816.6134033]
[1616687813.8667011, 1616687816.6018844]
[1616687814.0225012, 1616687816.764047]
[1616687813.9649374, 1616687816.7087119]
[1616687814.009041, 1616687816.7185023]
[1616687814.0657473, 1616687816.781873]
[1616687814.2837658, 1616687817.0197706]
[1616687814.369839, 1616687817.0715582]
[1616687814.439349, 1616687817.1761305]
[1616687814.2632365, 1616687816.9644017]
[1616687814.3878508, 1616687817.0563214]
[1616687814.3415492, 1616687817.0816538]
[1616687814.4205797, 1616687817.1325712]
[1616687814.359026, 1616687817.0494165]
[1616687814.5268564, 1616687817.2608593]
[1616687814.6626406, 1616687817.3942828]
[1616687814.7230804, 1616687817.4593763]
[1616687814.6134577, 1616687817.3297231]
[1616687814.6615505, 1616687817.3776155]
[1616687814.7762218, 1616687817.5012903]
[1616687814.7719898, 1616687817.4816191]
[1616687814.9898567, 1616687817.7348416]
[1616687814.7014124, 1616687817.4083169]
[1616687814.931396, 1616687817.6370215]
[1616687815.1266034, 1616687817.8420146]
[1616687815.0682366, 1616687817.7597003]
[1616687815.1766074, 1616687817.797818]
[1616687815.0386589, 1616687817.8388681]
[1616687815.4469817, 1616687818.1601582]
[1616687815.378067, 1616687818.0396569]
[1616687815.3067057, 1616687817.9984968]
[1616687815.4553127, 1616687818.2339513]
[1616687815.371044, 1616687818.0450497]
[1616687815.41607, 1616687818.1564722]
[1616687815.1961222, 1616687817.8797548]
[1616687815.619707, 1616687818.366284]
[1616687815.547179, 1616687818.257514]
[1616687815.633241, 1616687818.3986015]
[1616687815.6919203, 1616687818.391848]
[1616687815.6918793, 1616687818.4156077]
[1616687815.6759458, 1616687818.380917]
[1616687815.6049156, 1616687818.336165]
[1616687815.7532525, 1616687818.455006]
[1616687815.6673026, 1616687818.3759248]
[1616687815.8718867, 1616687818.579853]
[1616687815.790078, 1616687818.4969287]
[1616687815.7290328, 1616687818.4349945]
[1616687815.9559393, 1616687818.6712801]
[1616687815.9417303, 1616687818.664355]
[1616687815.9051156, 1616687818.610513]
[1616687816.1716852, 1616687818.8820133]
[1616687816.1894453, 1616687818.955853]
[1616687816.2255223, 1616687818.9252732]
[1616687816.579825, 1616687819.293494]
[1616687816.4158025, 1616687819.182144]
[1616687816.5078762, 1616687819.2809465]
[1616687816.438514, 1616687819.1395884]
[1616687816.52428, 1616687819.2420034]
[1616687816.441689, 1616687819.160205]
[1616687816.4465482, 1616687819.1710892]
[1616687816.4491453, 1616687819.1977122]
[1616687816.691251, 1616687819.3997188]
[1616687816.690701, 1616687819.4148157]
[1616687816.839655, 1616687819.5526533]
[1616687816.7350142, 1616687819.4503627]
[1616687816.9377086, 1616687819.7105362]
[1616687816.9847662, 1616687819.6756122]
[1616687816.9477866, 1616687819.6585824]
[1616687817.0594537, 1616687819.7483714]
[1616687816.923683, 1616687819.6462944]
[1616687817.008807, 1616687819.7510395]
[1616687817.096135, 1616687819.8249538]
[1616687817.2822344, 1616687820.0228395]
[1616687817.2171357, 1616687819.9477847]
[1616687817.3878336, 1616687820.1192553]
[1616687817.1782742, 1616687819.871666]
[1616687817.4281352, 1616687820.1488125]
[1616687817.3906257, 1616687820.0946422]
[1616687817.4235651, 1616687820.131781]
[1616687817.442344, 1616687820.0927403]
[1616687817.5306659, 1616687820.2497296]
[1616687817.690555, 1616687820.3954618]
[1616687817.2816937, 1616687819.9690654]
[1616687817.8118744, 1616687820.4178493]
[1616687817.978925, 1616687820.712957]
[1616687817.8947022, 1616687820.598742]
[1616687817.796902, 1616687820.492162]
[1616687817.7596395, 1616687820.4819684]
[1616687818.1327074, 1616687820.8069022]
[1616687817.962615, 1616687820.680686]
[1616687818.1949437, 1616687820.9179397]
[1616687818.3601263, 1616687821.0618598]
[1616687818.2980149, 1616687821.0231705]
[1616687818.5459864, 1616687821.2582552]
[1616687818.2923977, 1616687821.033343]
[1616687818.453049, 1616687821.1648264]
[1616687818.2051036, 1616687820.9411318]
[1616687818.4742827, 1616687821.1956763]
[1616687818.3077538, 1616687820.954162]
[1616687818.3894062, 1616687821.0887058]
[1616687818.4833338, 1616687821.2131345]
[1616687818.6912408, 1616687821.3771813]
[1616687818.4948688, 1616687821.2320085]
[1616687818.5833986, 1616687821.3037279]
[1616687818.517806, 1616687821.218805]
[1616687818.6329105, 1616687821.3256984]
[1616687818.7987406, 1616687821.488094]
[1616687818.6002264, 1616687821.3000033]
[1616687818.7046576, 1616687821.3908696]
[1616687818.8917856, 1616687821.5989928]
[1616687818.9226708, 1616687821.6249151]
[1616687818.7923312, 1616687821.517356]
[1616687819.006139, 1616687821.7456758]
[1616687819.0276225, 1616687821.7397687]
[1616687819.1832519, 1616687821.888596]
[1616687819.1475687, 1616687821.8695624]
[1616687819.4239638, 1616687822.136908]
[1616687819.3371203, 1616687822.0491385]
[1616687819.2415423, 1616687822.083696]
[1616687819.3984022, 1616687822.1363864]
[1616687819.3549068, 1616687822.0724707]
[1616687819.294786, 1616687822.126992]
[1616687819.5669003, 1616687822.275686]
[1616687819.6632736, 1616687822.3843052]
[1616687819.6114724, 1616687822.3022707]
[1616687819.683155, 1616687822.4096732]
[1616687819.7326305, 1616687822.504905]
[1616687819.5886476, 1616687822.2865386]
[1616687819.8146145, 1616687822.5410376]
[1616687819.8398252, 1616687822.5888793]
[1616687819.7310767, 1616687822.4667745]
[1616687819.669868, 1616687822.3777978]
[1616687820.1173515, 1616687822.8316453]
[1616687819.9678674, 1616687822.6813004]
[1616687820.0558538, 1616687822.7891016]
[1616687820.0574331, 1616687822.7560217]
[1616687820.1951175, 1616687822.9382575]
[1616687820.058684, 1616687822.759358]
[1616687820.0844064, 1616687822.7814934]
[1616687820.1512673, 1616687822.9010415]
[1616687820.253497, 1616687822.989941]
[1616687820.3779593, 1616687823.0311885]
[1616687820.5429988, 1616687823.2655218]
[1616687820.283494, 1616687822.9898174]
[1616687820.5394342, 1616687823.2297149]
[1616687820.5637314, 1616687823.1810172]
[1616687820.6437376, 1616687823.3779855]
[1616687820.6906226, 1616687823.3850427]
[1616687820.6083212, 1616687823.3049524]
[1616687820.6154747, 1616687823.3298695]
[1616687820.7642481, 1616687823.5052962]
[1616687820.6824737, 1616687823.429724]
[1616687820.9231067, 1616687823.59034]
[1616687820.949615, 1616687823.6826022]
[1616687821.16734, 1616687823.8670819]
[1616687821.170124, 1616687823.9078012]
[1616687821.007721, 1616687823.6744869]
[1616687821.119424, 1616687823.8508282]
[1616687821.2045825, 1616687823.9167297]
[1616687821.2422855, 1616687823.9762037]
[1616687821.183404, 1616687823.9032657]
[1616687821.1717386, 1616687823.8732905]
[1616687821.4831407, 1616687824.177645]
[1616687821.4840608, 1616687824.1760566]
[1616687821.5265424, 1616687824.2706532]
[1616687821.3174548, 1616687824.0204408]
[1616687821.3314247, 1616687824.01536]
[1616687821.7160141, 1616687824.403766]
[1616687821.6445982, 1616687824.3346136]
[1616687821.430294, 1616687824.1168735]
[1616687821.5731227, 1616687824.2660728]
[1616687821.4297223, 1616687824.1140068]
[1616687821.8652387, 1616687824.5910935]
[1616687821.8879414, 1616687824.5971618]
[1616687821.668121, 1616687824.3755815]
[1616687821.9352088, 1616687824.64816]
[1616687822.1004453, 1616687824.866962]
[1616687821.9947536, 1616687824.6854172]
[1616687822.2948728, 1616687825.0270567]
[1616687821.9184694, 1616687824.6245198]
[1616687821.9925497, 1616687824.7001424]
[1616687821.842449, 1616687824.6227763]
[1616687822.2118893, 1616687825.0320592]
[1616687822.2513003, 1616687824.964923]
[1616687822.3570838, 1616687825.0836575]
[1616687822.4920511, 1616687825.241472]
[1616687822.6196315, 1616687825.363638]
[1616687822.548629, 1616687825.277932]
[1616687822.6555977, 1616687825.4429586]
[1616687822.4178216, 1616687825.1127937]
[1616687822.3713818, 1616687825.0668638]
[1616687822.6982322, 1616687825.4057589]
[1616687822.7678514, 1616687825.461877]
[1616687822.7593765, 1616687825.476869]
[1616687822.8603303, 1616687825.5506527]
[1616687822.8775005, 1616687825.55686]
[1616687822.638958, 1616687825.3458798]
[1616687822.8554132, 1616687825.6333842]
[1616687822.855938, 1616687825.5590851]
[1616687823.1148474, 1616687825.8399954]
[1616687823.0473847, 1616687825.6785228]
[1616687822.9880285, 1616687825.717171]
[1616687823.2681658, 1616687825.9686391]
[1616687823.0069392, 1616687825.7196574]
[1616687823.0501444, 1616687825.7863278]
[1616687823.2004945, 1616687825.836546]
[1616687823.3443348, 1616687826.0504909]
[1616687823.3327794, 1616687826.0232067]
[1616687823.483384, 1616687826.2040162]
[1616687823.5335379, 1616687826.2704592]
[1616687823.5708435, 1616687826.3211572]
[1616687823.7278562, 1616687826.5521462]
[1616687823.6168203, 1616687826.3022625]
[1616687823.653788, 1616687826.392724]
[1616687823.9073331, 1616687826.6477869]
[1616687823.7551742, 1616687826.467714]
[1616687823.5695877, 1616687826.2652059]
[1616687823.9554613, 1616687826.6708667]
[1616687823.7363417, 1616687826.3744144]
[1616687823.825955, 1616687826.5309722]
[1616687823.7435987, 1616687826.5640996]
[1616687823.869758, 1616687826.6002173]
[1616687824.1209688, 1616687826.7922392]
[1616687823.9424102, 1616687826.6900277]
[1616687824.1857877, 1616687826.894836]
[1616687824.1310585, 1616687826.8359454]
[1616687824.1877573, 1616687826.880431]
[1616687824.0128286, 1616687826.741537]
[1616687824.5290365, 1616687827.2206717]
[1616687824.6226504, 1616687827.3456495]
[1616687824.5026238, 1616687827.2591014]
[1616687824.6027257, 1616687827.3223073]
[1616687824.9262638, 1616687827.6314194]
[1616687824.602372, 1616687827.3558216]
[1616687824.72152, 1616687827.4123433]
[1616687824.465907, 1616687827.1581845]
[1616687824.7218115, 1616687827.4309874]
[1616687825.142261, 1616687827.8335445]
[1616687824.8352196, 1616687827.5965946]
[1616687824.894486, 1616687827.6779013]
[1616687824.7932215, 1616687827.4952273]
[1616687824.8710089, 1616687827.5693102]
[1616687825.1768045, 1616687827.9011958]
[1616687825.1470146, 1616687827.8611414]
[1616687825.3198268, 1616687828.031914]
[1616687825.1846526, 1616687827.940196]
[1616687825.4650826, 1616687828.1992674]
[1616687825.323617, 1616687828.0743065]
[1616687825.3458245, 1616687828.0559678]
[1616687824.8337376, 1616687827.5274885]
[1616687825.4846342, 1616687828.215523]
[1616687825.560867, 1616687828.268373]
[1616687825.671195, 1616687828.4052088]
[1616687825.7321322, 1616687828.429914]
[1616687825.6585236, 1616687828.3953388]
[1616687825.5650606, 1616687828.2729354]
[1616687825.636201, 1616687828.3308225]
[1616687825.5947487, 1616687828.280737]
[1616687825.6128254, 1616687828.3065841]
[1616687825.3382897, 1616687828.0394113]
[1616687826.0346196, 1616687828.7300746]
[1616687826.131861, 1616687828.7623723]
[1616687826.0133924, 1616687828.7180314]
[1616687826.0894876, 1616687828.8001142]
[1616687826.0020788, 1616687828.700205]
[1616687826.1069872, 1616687828.8337426]
[1616687826.189622, 1616687828.9071434]
[1616687826.095527, 1616687828.8353631]
[1616687826.3856635, 1616687829.023531]
[1616687826.0915163, 1616687828.7269032]
[1616687826.3394115, 1616687829.0988357]
[1616687826.6506052, 1616687829.3693376]
[1616687826.48845, 1616687829.2523358]
[1616687826.450964, 1616687829.1368415]
[1616687826.4226604, 1616687829.1775398]
[1616687826.4702363, 1616687829.2350564]
[1616687826.4904718, 1616687829.1977024]
[1616687826.727233, 1616687829.4411826]
[1616687826.727697, 1616687829.443187]
[1616687827.0291796, 1616687829.7823508]
[1616687826.7078927, 1616687829.472358]
[1616687826.8033996, 1616687829.4604897]
[1616687826.8658588, 1616687829.5467148]
[1616687827.148791, 1616687829.9657435]
[1616687826.9780722, 1616687829.7455764]
[1616687826.9721825, 1616687829.665989]
[1616687826.9675796, 1616687829.6836734]
[1616687827.0047898, 1616687830.1460106]
[1616687827.2822495, 1616687830.024998]
[1616687827.2150638, 1616687829.9250774]
[1616687827.2160218, 1616687829.9725504]
[1616687827.4007502, 1616687830.154634]
[1616687827.4375908, 1616687830.1680167]
[1616687827.2980862, 1616687829.9920542]
[1616687827.4674087, 1616687830.1854794]
[1616687827.7176776, 1616687830.512814]
[1616687827.5155077, 1616687830.2388]
[1616687827.4236057, 1616687830.1153557]
[1616687827.4930367, 1616687830.1892214]
[1616687827.7028706, 1616687830.4929433]
[1616687827.7028313, 1616687830.4159245]
[1616687827.779024, 1616687830.4760404]
[1616687827.8790584, 1616687830.5820448]
[1616687827.8120713, 1616687830.5729737]
[1616687828.216918, 1616687830.9531016]
[1616687828.1364748, 1616687830.8684323]
[1616687828.3280272, 1616687831.0140097]
[1616687828.3108299, 1616687831.007177]
[1616687828.2477067, 1616687830.953803]
[1616687828.2672405, 1616687830.980671]
[1616687828.464519, 1616687831.189614]
[1616687828.573586, 1616687831.255879]
[1616687828.4514687, 1616687831.1480436]
[1616687828.2712936, 1616687830.9744806]
[1616687828.5675807, 1616687831.268687]
[1616687828.69851, 1616687831.406404]
[1616687828.5094879, 1616687831.2287004]
[1616687828.827156, 1616687831.5615127]
[1616687828.5722032, 1616687831.2827504]
[1616687828.7268138, 1616687831.4319856]
[1616687828.9506521, 1616687831.6683152]
[1616687828.760002, 1616687831.4766114]
[1616687828.9811237, 1616687831.6260076]
[1616687828.870331, 1616687831.592013]
[1616687829.0379941, 1616687831.6700506]
[1616687828.9728656, 1616687831.6914787]
[1616687829.0622373, 1616687831.7122173]
[1616687829.0881283, 1616687831.7921183]
[1616687829.3287487, 1616687832.009735]
[1616687829.439692, 1616687832.170882]
[1616687829.4239407, 1616687832.1476855]
[1616687829.3260336, 1616687832.0798419]
[1616687829.4213014, 1616687832.1087582]
[1616687829.3677602, 1616687832.1084912]
[1616687829.5024738, 1616687832.2354062]
[1616687829.5307014, 1616687832.1937764]
[1616687829.4620273, 1616687832.1777773]
[1616687829.7354312, 1616687832.4232762]
[1616687829.3881493, 1616687832.0976138]
[1616687829.2755778, 1616687831.987833]
[1616687829.6320302, 1616687832.3441434]
[1616687829.7513182, 1616687832.4944572]
[1616687829.7398753, 1616687832.4363642]
[1616687829.6144297, 1616687832.2916079]
[1616687829.7666333, 1616687832.461853]
[1616687829.7075632, 1616687832.395332]
[1616687830.143767, 1616687832.88612]
[1616687830.271409, 1616687832.9911897]
[1616687830.1328707, 1616687832.8295507]
[1616687829.8848076, 1616687832.6374094]
[1616687829.9758077, 1616687832.7230067]
[1616687830.3810768, 1616687833.2485256]
[1616687830.2326305, 1616687832.9343593]
[1616687830.366697, 1616687833.091361]
[1616687830.2702587, 1616687832.9999154]
[1616687830.4125824, 1616687833.199497]
[1616687830.4553585, 1616687833.1628113]
[1616687830.392526, 1616687833.0869792]
[1616687830.36709, 1616687833.0743818]
[1616687830.5913868, 1616687833.2886522]
[1616687830.4138598, 1616687833.306128]
[1616687830.615915, 1616687833.3135045]
[1616687830.5623474, 1616687833.3036876]
[1616687830.6600313, 1616687833.4088435]
[1616687830.7742379, 1616687833.4858966]
[1616687830.7909172, 1616687833.5554376]
[1616687830.848543, 1616687833.5880365]
[1616687830.695963, 1616687833.3970203]
[1616687830.722796, 1616687833.3883555]
[1616687830.971766, 1616687833.6973698]
[1616687831.0474834, 1616687833.7344027]
[1616687830.899495, 1616687833.6188076]
[1616687831.090876, 1616687833.782963]
[1616687831.120712, 1616687833.84592]
[1616687831.3735418, 1616687834.091757]
[1616687831.352184, 1616687834.0466375]
[1616687831.3336143, 1616687834.0586865]
[1616687831.4152758, 1616687834.1199136]
[1616687831.2253637, 1616687833.9767046]
[1616687831.5531743, 1616687834.2482197]
[1616687831.7438478, 1616687834.4221098]
[1616687831.6787558, 1616687834.3017108]
[1616687831.627427, 1616687834.359217]
[1616687831.6345196, 1616687834.2989914]
[1616687831.7060835, 1616687834.4380627]
[1616687831.8482475, 1616687834.540048]
[1616687831.971593, 1616687834.6749318]
[1616687832.0536308, 1616687834.7508721]
[1616687831.9386046, 1616687834.683716]
[1616687832.0806372, 1616687834.8387482]
[1616687831.883708, 1616687834.6134799]
[1616687832.3910623, 1616687835.1054442]
[1616687832.0933678, 1616687834.824148]
[1616687832.1293764, 1616687834.8146594]
[1616687832.3593907, 1616687835.023802]
[1616687832.2918804, 1616687834.970347]
[1616687832.396301, 1616687835.159911]
[1616687832.3489892, 1616687835.0618927]
[1616687832.4235692, 1616687835.1645684]
[1616687832.5382, 1616687835.2545292]
[1616687832.2736485, 1616687835.0335982]
[1616687832.535676, 1616687835.2684557]
[1616687832.6695561, 1616687835.3653703]
[1616687832.577248, 1616687835.2951584]
[1616687832.4544232, 1616687835.1592536]
[1616687832.4057817, 1616687835.0909238]
[1616687832.7396238, 1616687835.4629536]
[1616687832.6618772, 1616687835.3927226]
[1616687832.807742, 1616687835.53601]
[1616687832.8673937, 1616687835.550679]
[1616687833.1470344, 1616687835.8479893]
[1616687832.6395204, 1616687835.3817763]
[1616687833.005002, 1616687835.7474234]
[1616687832.9873972, 1616687835.6878092]
[1616687833.083574, 1616687835.786761]
[1616687833.2607207, 1616687836.0934944]
[1616687833.3383262, 1616687836.0839243]
[1616687833.518989, 1616687836.2346187]
[1616687833.4046974, 1616687836.0846817]
[1616687833.096391, 1616687835.8152018]
[1616687833.330099, 1616687836.052987]
[1616687833.3861215, 1616687836.2433913]
[1616687833.728366, 1616687836.4374714]
[1616687833.7509015, 1616687836.474515]
[1616687833.4466047, 1616687836.251091]
[1616687833.7431786, 1616687836.4320536]
[1616687833.7857904, 1616687836.5327306]
[1616687833.8241155, 1616687836.5126817]
[1616687833.9794047, 1616687836.767936]
[1616687833.857008, 1616687836.5759456]
[1616687833.8665328, 1616687836.5907238]
[1616687833.9665625, 1616687836.6539433]
[1616687833.912799, 1616687836.591533]
[1616687834.1755867, 1616687836.8647275]
[1616687834.3300312, 1616687836.96408]
[1616687834.2487555, 1616687836.937615]
[1616687834.3844879, 1616687837.1018877]
[1616687834.1471913, 1616687836.8605866]
[1616687834.2299974, 1616687837.002636]
[1616687834.374932, 1616687837.1021748]
[1616687834.536148, 1616687837.2168622]
[1616687834.519603, 1616687837.24893]
[1616687834.5896587, 1616687837.2772627]
[1616687834.600765, 1616687837.329869]
[1616687834.528127, 1616687837.1838355]
[1616687835.027519, 1616687837.7037182]
[1616687834.6411052, 1616687837.3496428]
[1616687834.6742432, 1616687837.3803568]
[1616687835.0472376, 1616687837.7988794]
[1616687834.8344746, 1616687837.6409519]
[1616687835.208486, 1616687837.950332]
[1616687834.9051414, 1616687837.639875]
[1616687834.9527586, 1616687837.6553624]
[1616687834.9302218, 1616687837.5927536]
[1616687835.1076167, 1616687837.8021479]
[1616687835.1538532, 1616687837.9062004]
[1616687835.2482505, 1616687837.9777]
[1616687835.2802074, 1616687838.0212884]
[1616687835.3650331, 1616687838.0548882]
[1616687835.4177144, 1616687838.1406827]
[1616687835.416054, 1616687838.192552]
[1616687835.5720851, 1616687838.3041782]
[1616687835.738932, 1616687838.4322348]
[1616687835.5765474, 1616687838.2984486]
[1616687835.5699623, 1616687838.2586172]
[1616687835.8069565, 1616687838.5040724]
[1616687835.5718377, 1616687838.3131254]
[1616687835.814096, 1616687838.5375276]
[1616687835.9190335, 1616687838.6346352]
[1616687835.850533, 1616687838.5491889]
[1616687835.8240225, 1616687838.5157382]
[1616687835.9085033, 1616687838.637539]
[1616687836.046576, 1616687838.7626247]
[1616687835.8645928, 1616687838.5967686]
[1616687835.9863005, 1616687838.685481]
[1616687836.0649273, 1616687838.7794814]
[1616687836.1728492, 1616687838.9612699]
[1616687836.5345845, 1616687839.2290568]
[1616687836.5600984, 1616687839.276082]
[1616687836.3874078, 1616687839.0755873]
[1616687836.2711515, 1616687839.034791]
[1616687836.3789766, 1616687839.1865098]
[1616687836.2880228, 1616687839.0610852]
[1616687836.606067, 1616687839.2882278]
[1616687836.3241143, 1616687839.0430887]
[1616687836.586215, 1616687839.3053813]
[1616687836.8352554, 1616687839.5154412]
[1616687836.6139154, 1616687839.3192754]
[1616687836.7423084, 1616687839.4960923]
[1616687836.5557175, 1616687839.2935526]
[1616687836.718515, 1616687839.4077191]
[1616687836.8863935, 1616687839.5814526]
[1616687836.8309307, 1616687839.52656]
[1616687836.8425283, 1616687839.619885]
[1616687836.9271326, 1616687839.6671922]
[1616687837.3344295, 1616687840.0673995]
[1616687837.3181055, 1616687840.045813]
[1616687837.005449, 1616687839.6490638]
[1616687837.0245636, 1616687839.746377]
[1616687837.011051, 1616687839.716591]
[1616687836.9449134, 1616687839.6434522]
[1616687837.3355258, 1616687840.0317717]
[1616687837.1498609, 1616687839.9117084]
[1616687837.4709797, 1616687840.1790698]
[1616687837.4633205, 1616687840.1702895]
[1616687837.5093312, 1616687840.1822026]
[1616687837.7671845, 1616687840.4644897]
[1616687837.662583, 1616687840.4135664]
[1616687837.8012938, 1616687840.5384798]
[1616687837.3076646, 1616687839.9964664]
[1616687837.7272418, 1616687840.4074638]
[1616687837.8050394, 1616687840.4991708]
[1616687837.8655558, 1616687840.5584717]
[1616687837.8552682, 1616687840.5240726]
[1616687837.883249, 1616687840.5308678]
[1616687838.0745888, 1616687840.7595487]
[1616687838.2746916, 1616687840.9537075]
[1616687838.2046187, 1616687840.962574]
[1616687838.388637, 1616687841.0901864]
[1616687838.1260495, 1616687840.8678017]
[1616687838.38726, 1616687841.1135364]
[1616687838.290884, 1616687841.009009]
[1616687838.409453, 1616687841.1234531]
[1616687838.6543593, 1616687841.349218]
[1616687838.5299804, 1616687841.2261465]
[1616687838.637876, 1616687841.372569]
[1616687838.5913787, 1616687841.27171]
[1616687838.7348638, 1616687841.4086337]
[1616687838.6286554, 1616687841.3309739]
[1616687838.8181357, 1616687841.5655568]
[1616687838.534961, 1616687841.2660093]
[1616687839.053579, 1616687841.7703695]
[1616687839.0771432, 1616687841.9697223]
[1616687839.0378742, 1616687841.7918959]
[1616687838.8262, 1616687841.5315442]
[1616687838.98976, 1616687841.680958]
[1616687838.754737, 1616687841.467676]
[1616687839.1051934, 1616687841.796736]
[1616687838.970072, 1616687841.7585375]
[1616687839.2266748, 1616687841.9413812]
[1616687839.2198105, 1616687841.9396698]
[1616687838.997495, 1616687841.7846177]
[1616687839.1496844, 1616687841.8727412]
[1616687839.5120318, 1616687842.2410283]
[1616687839.2051377, 1616687841.9427516]
[1616687839.6652122, 1616687842.2795925]
[1616687839.3904836, 1616687842.0992844]
[1616687839.5377157, 1616687842.2219977]
[1616687839.319406, 1616687842.0344632]
[1616687839.4215431, 1616687842.1226747]
[1616687839.8459604, 1616687842.5808065]
[1616687839.7755694, 1616687842.5043705]
[1616687839.6490817, 1616687842.3454]
[1616687839.7731192, 1616687842.4923859]
[1616687839.9961026, 1616687842.7052321]
[1616687839.9828002, 1616687842.7035558]
[1616687840.0553472, 1616687842.7350223]
[1616687840.0512626, 1616687842.7707813]
[1616687840.0753984, 1616687842.806817]
[1616687840.3578768, 1616687843.0516841]
[1616687840.3910248, 1616687843.1203709]
[1616687840.1234355, 1616687842.813323]
[1616687840.3667908, 1616687843.054034]
[1616687840.2902555, 1616687842.9975064]
[1616687840.2794096, 1616687842.9464169]
[1616687840.2871442, 1616687842.9900734]
[1616687840.6326613, 1616687843.362301]
[1616687840.4947448, 1616687843.2806885]
[1616687840.5030673, 1616687843.1601372]
[1616687840.557342, 1616687843.3485422]
[1616687840.4914143, 1616687843.1844864]
[1616687840.4127467, 1616687843.0927527]
[1616687840.6501157, 1616687843.3214223]
[1616687840.5978851, 1616687843.2608426]
[1616687840.933463, 1616687843.672708]
[1616687840.7813716, 1616687843.4704192]
[1616687840.979049, 1616687843.7188866]
[1616687840.9494336, 1616687843.6630821]
[1616687840.846158, 1616687843.5625331]
[1616687841.202395, 1616687843.8871143]
[1616687841.0308182, 1616687843.759391]
[1616687841.1486237, 1616687843.85297]
[1616687841.1583893, 1616687843.8729675]
[1616687841.2156086, 1616687843.927833]
[1616687841.2690942, 1616687843.9676995]
[1616687841.2588904, 1616687843.9538817]
[1616687841.3529916, 1616687844.0506256]
[1616687841.415849, 1616687844.100149]
[1616687841.1267145, 1616687843.8446043]
[1616687841.464929, 1616687844.1544461]
[1616687841.3908372, 1616687844.1233215]
[1616687841.4573283, 1616687844.1819348]
[1616687841.4772067, 1616687844.1948516]
[1616687841.5627563, 1616687844.2535288]
[1616687841.5263782, 1616687844.228115]
[1616687841.8088088, 1616687844.4903407]
[1616687841.7446048, 1616687844.4605513]
[1616687841.6563423, 1616687844.357611]
[1616687841.649935, 1616687844.3616107]
[1616687841.710301, 1616687844.4892726]
[1616687841.7061946, 1616687844.4155407]
[1616687842.0115669, 1616687844.7350879]
[1616687841.9999197, 1616687844.7122915]
[1616687841.9944882, 1616687844.7105715]
[1616687842.131573, 1616687844.8233893]
[1616687841.9985845, 1616687844.7305431]
[1616687841.9886823, 1616687844.7992787]
[1616687842.23491, 1616687844.923524]
[1616687842.2082415, 1616687844.9216452]
[1616687842.1219583, 1616687844.8190587]
[1616687842.3408365, 1616687844.983144]
[1616687842.408636, 1616687845.1291668]
[1616687842.4381456, 1616687845.2136104]
[1616687842.3847933, 1616687845.0950513]
[1616687842.3995748, 1616687845.1322186]
[1616687842.490536, 1616687845.2317586]
[1616687842.8135424, 1616687845.5470731]
[1616687842.566815, 1616687845.281877]
[1616687842.703562, 1616687845.544776]
[1616687842.7201667, 1616687845.4319258]
[1616687842.6735744, 1616687845.3994675]
[1616687842.603999, 1616687845.3727708]
[1616687842.802723, 1616687845.5174046]
[1616687842.748382, 1616687845.4409168]
[1616687842.9649994, 1616687845.6413732]
[1616687843.0799227, 1616687845.7684333]
[1616687842.937225, 1616687845.673579]
[1616687843.0986512, 1616687845.7802463]
[1616687842.8815079, 1616687845.5771132]
[1616687843.0662582, 1616687845.7617805]
[1616687843.052829, 1616687845.786515]
[1616687843.1290605, 1616687845.8697557]
[1616687843.1701531, 1616687845.8399427]
[1616687843.2068357, 1616687845.9004526]
[1616687843.3579428, 1616687846.1419218]
[1616687843.4099486, 1616687846.1458664]
[1616687843.3384426, 1616687846.0234535]
[1616687843.405255, 1616687846.0600064]
[1616687843.4204257, 1616687846.084341]
[1616687843.4523873, 1616687846.1637616]
[1616687843.590381, 1616687846.3182244]
[1616687843.6672194, 1616687846.3800395]
[1616687843.5862114, 1616687846.291519]
[1616687843.4936097, 1616687846.189726]
[1616687843.6864715, 1616687846.4142802]
[1616687843.8816605, 1616687846.591998]
[1616687843.6967087, 1616687846.4261742]
[1616687843.850916, 1616687846.570127]
[1616687843.8423624, 1616687846.4946864]
[1616687843.9200504, 1616687846.6830926]
[1616687843.8109756, 1616687846.5292861]
[1616687843.8547375, 1616687846.5547538]
[1616687843.918075, 1616687846.6198397]
[1616687843.910364, 1616687846.600896]
[1616687843.8332596, 1616687846.6471727]
[1616687844.0425785, 1616687846.742423]
[1616687844.0459878, 1616687846.7437644]
[1616687844.169499, 1616687846.8813336]
[1616687843.9787743, 1616687846.70026]
[1616687844.046213, 1616687846.7612877]
[1616687844.0387778, 1616687846.7390945]
[1616687844.0461369, 1616687846.7532365]
[1616687844.10385, 1616687846.802634]
[1616687844.019341, 1616687846.720041]
[1616687844.202949, 1616687846.9161105]
[1616687844.2528527, 1616687846.9664936]
[1616687844.201039, 1616687846.918673]
[1616687844.4173415, 1616687847.1259353]
[1616687844.3442924, 1616687847.069608]
[1616687844.2869613, 1616687846.9997501]
[1616687844.3692782, 1616687847.0700998]
[1616687844.3934152, 1616687847.0920625]
[1616687844.598167, 1616687847.2930138]
[1616687844.604395, 1616687847.3215842]
[1616687844.6496868, 1616687847.3466237]
[1616687844.6079512, 1616687847.3022947]
[1616687844.4191425, 1616687847.0900314]
[1616687844.7313042, 1616687847.5062764]
[1616687844.6703732, 1616687847.386241]
[1616687844.8254836, 1616687847.6011004]
[1616687844.7037427, 1616687847.4208674]
[1616687844.7502267, 1616687847.4674554]
[1616687844.8534966, 1616687847.5505605]
[1616687844.7807925, 1616687847.4932394]
[1616687844.6881485, 1616687847.3874733]
[1616687844.854547, 1616687847.57223]
[1616687844.8275297, 1616687847.5631554]
[1616687844.970763, 1616687847.660171]
[1616687845.0608044, 1616687847.7147005]
[1616687845.0680463, 1616687847.7882266]
[1616687844.8701713, 1616687847.57429]
[1616687845.0615058, 1616687847.7513318]
[1616687844.9175327, 1616687847.6415098]
[1616687845.085345, 1616687847.8473947]
[1616687845.0881298, 1616687847.8275537]
[1616687845.0991876, 1616687847.8305526]
[1616687845.2476373, 1616687847.9750607]
[1616687845.1470363, 1616687847.8556092]
[1616687845.15682, 1616687847.9052794]
[1616687845.1850848, 1616687848.0490096]
[1616687845.0773828, 1616687847.7901325]
[1616687845.1499577, 1616687847.9251971]
[1616687845.369953, 1616687848.0590818]
[1616687845.3383641, 1616687848.0758526]
[1616687845.1926603, 1616687847.8907812]
[1616687845.3040693, 1616687848.0138137]
[1616687845.1947885, 1616687847.8969038]
[1616687845.3605983, 1616687848.0841205]
[1616687845.2694595, 1616687848.0082579]
[1616687845.363872, 1616687848.0490701]
[1616687845.5523405, 1616687848.3018777]
[1616687845.3122952, 1616687848.027102]
[1616687845.452016, 1616687848.1512613]
[1616687845.3895407, 1616687848.1144583]
[1616687845.303268, 1616687848.0238729]
[1616687845.4026434, 1616687848.1256428]
[1616687845.2719176, 1616687847.9690535]
[1616687845.4626682, 1616687848.1684334]
[1616687845.53348, 1616687848.2537787]
[1616687845.6323764, 1616687848.3612936]
[1616687845.4207575, 1616687848.1713212]
[1616687845.5278897, 1616687848.2427208]
[1616687845.5423472, 1616687848.2597663]
[1616687845.5614345, 1616687848.3076928]
[1616687845.5786936, 1616687848.2849104]
[1616687845.621337, 1616687848.3323278]
[1616687845.705091, 1616687848.4416797]
[1616687845.6113124, 1616687848.2912571]
[1616687845.6746411, 1616687848.3876674]
[1616687845.8265867, 1616687848.5025697]
[1616687845.6735542, 1616687848.3990002]
[1616687845.7006526, 1616687848.414268]
[1616687845.677154, 1616687848.3535883]
[1616687845.6922572, 1616687848.410636]
[1616687845.739059, 1616687848.4583566]
[1616687845.7014716, 1616687848.3845494]
[1616687845.7716599, 1616687848.4687524]
[1616687845.671719, 1616687848.40444]
[1616687845.9126346, 1616687848.6202607]
[1616687845.8402147, 1616687848.54383]
[1616687845.8451598, 1616687848.5380628]
[1616687845.7350404, 1616687848.4302049]
[1616687845.8321183, 1616687848.6132002]
[1616687845.8266437, 1616687848.514836]
[1616687845.6467304, 1616687848.2910135]
[1616687845.936459, 1616687848.6664217]
[1616687845.9863575, 1616687848.6925535]
[1616687845.8905885, 1616687848.6359015]
[1616687845.8629453, 1616687848.5453365]
[1616687845.9425986, 1616687848.6617835]
[1616687845.9727976, 1616687848.7476313]
[1616687846.112994, 1616687848.8546162]
[1616687846.0161748, 1616687848.7511885]
[1616687845.9890654, 1616687848.6119134]
[1616687846.0148907, 1616687848.7655246]
[1616687846.1250043, 1616687848.809059]
[1616687846.1371174, 1616687848.8753922]
[1616687846.0783556, 1616687848.733008]
[1616687845.7928805, 1616687848.5036802]
[1616687845.9978433, 1616687848.7160661]
[1616687846.1079938, 1616687848.845979]
[1616687845.9513743, 1616687848.6631973]
[1616687845.999812, 1616687848.797881]
[1616687846.1486955, 1616687848.8979318]
[1616687846.1041355, 1616687848.7842662]
[1616687845.9811885, 1616687848.6931498]
[1616687846.1543155, 1616687848.87467]
[1616687846.1950269, 1616687848.8944085]
[1616687846.1175103, 1616687848.9005833]
[1616687846.1700191, 1616687848.8763518]
[1616687846.1223304, 1616687848.9309232]
[1616687846.0182335, 1616687848.7143967]
[1616687846.033772, 1616687848.725021]
[1616687846.215969, 1616687848.9178796]
[1616687846.2105107, 1616687848.9514563]
[1616687846.2122407, 1616687848.9160004]
[1616687846.1961994, 1616687848.9068928]
[1616687846.0640988, 1616687848.812244]
[1616687846.0150309, 1616687848.7517347]
[1616687846.2077403, 1616687848.9229221]
[1616687846.1892881, 1616687848.9213927]
[1616687846.234545, 1616687848.8939307]
[1616687846.1972647, 1616687848.925699]
[1616687846.1130521, 1616687848.8319044]
[1616687846.278213, 1616687849.0039396]
[1616687846.2739902, 1616687848.9818032]
[1616687846.0579734, 1616687848.7972386]
[1616687846.2774856, 1616687848.9947708]
[1616687846.1508224, 1616687848.8910277]
[1616687846.2449243, 1616687848.97025]
[1616687846.2005813, 1616687848.952288]
[1616687846.2827063, 1616687848.9883006]
[1616687846.251831, 1616687848.89119]
[1616687846.2807958, 1616687848.9856048]
[1616687846.2713401, 1616687848.9687948]
[1616687847.284298, 1616687850.7609026]
[1616687846.3239958, 1616687849.0246994]
[1616687846.22343, 1616687848.973151]
[1616687846.158828, 1616687848.8544106]
[1616687847.2786067, 1616687850.6969607]
[1616687847.237683, 1616687850.4639184]
[1616687846.2967067, 1616687849.003728]
[1616687847.282814, 1616687850.729624]
[1616687847.2607043, 1616687850.6935918]
[1616687847.2848275, 1616687850.7523892]
[1616687846.268556, 1616687849.0000467]
[1616687846.2824373, 1616687849.0194752]
