[1616804241.2597733, 1616804262.3672254]
[1616804241.1456337, 1616804264.7111363]
[1616804241.3323376, 1616804262.5883923]
[1616804241.432273, 1616804262.5031517]
[1616804241.1356492, 1616804265.528468]
[1616804241.2765126, 1616804263.05971]
[1616804241.3076706, 1616804262.3552427]
[1616804241.6549156, 1616804262.793806]
[1616804241.5223043, 1616804262.8697283]
[1616804241.3960404, 1616804262.8257158]
[1616804241.245926, 1616804264.5601246]
[1616804241.5665884, 1616804262.594451]
[1616804241.5795188, 1616804262.6236458]
[1616804241.5623014, 1616804262.6632009]
[1616804241.4073994, 1616804262.796679]
[1616804241.5261233, 1616804262.659841]
[1616804241.4749155, 1616804262.79538]
[1616804241.3174508, 1616804262.3696258]
[1616804241.3441522, 1616804262.4846199]
[1616804241.490301, 1616804262.6420593]
[1616804241.9122703, 1616804263.052357]
[1616804241.8455465, 1616804262.7580805]
[1616804241.8560333, 1616804265.329405]
[1616804242.415246, 1616804263.4281688]
[1616804242.2657099, 1616804263.255709]
[1616804242.2689438, 1616804263.655758]
[1616804242.2544513, 1616804263.280192]
[1616804242.6530554, 1616804263.7938101]
[1616804242.2244134, 1616804263.1534238]
[1616804242.2637484, 1616804263.4210863]
[1616804242.9199297, 1616804263.7818017]
[1616804242.8878264, 1616804263.7300835]
[1616804242.5548167, 1616804263.6633444]
[1616804242.7154498, 1616804263.8481827]
[1616804242.6153085, 1616804263.9060044]
[1616804242.8582258, 1616804263.6637945]
[1616804243.0885048, 1616804264.3530216]
[1616804243.0348375, 1616804264.2316542]
[1616804243.3223662, 1616804264.577396]
[1616804242.9037688, 1616804264.0279691]
[1616804243.224767, 1616804265.6213417]
[1616804243.408357, 1616804264.4255447]
[1616804243.436633, 1616804264.5068924]
[1616804243.3803234, 1616804264.5072799]
[1616804243.2908785, 1616804264.4451308]
[1616804243.6576757, 1616804264.808509]
[1616804243.7226458, 1616804264.841179]
[1616804243.4722428, 1616804264.4565406]
[1616804243.849734, 1616804265.0685878]
[1616804243.915114, 1616804264.9459095]
[1616804243.8704817, 1616804264.8960788]
[1616804244.016564, 1616804265.2564075]
[1616804243.8989124, 1616804265.0603206]
[1616804244.0932946, 1616804265.1435034]
[1616804244.3040092, 1616804265.3284936]
[1616804244.1621938, 1616804265.08163]
[1616804244.4106874, 1616804265.6374927]
[1616804244.325379, 1616804265.5245726]
[1616804244.3906662, 1616804265.5852795]
[1616804244.4068458, 1616804265.4080281]
[1616804244.445709, 1616804265.5924613]
[1616804244.4827242, 1616804265.6278071]
[1616804244.503662, 1616804265.5695777]
[1616804244.6716478, 1616804265.8349705]
[1616804244.6316867, 1616804265.6402526]
[1616804244.6427624, 1616804265.6627152]
[1616804244.6167796, 1616804265.9154465]
[1616804244.5455818, 1616804265.8298244]
[1616804244.754957, 1616804266.0298784]
[1616804244.8328788, 1616804265.925427]
[1616804244.818623, 1616804265.8311594]
[1616804244.787973, 1616804265.82091]
[1616804244.8407555, 1616804266.1383498]
[1616804244.87984, 1616804265.743487]
[1616804244.8354697, 1616804265.8426852]
[1616804244.8230505, 1616804265.7623777]
[1616804244.9614525, 1616804266.2780547]
[1616804244.9220283, 1616804265.9255958]
[1616804244.8695238, 1616804266.0805407]
[1616804245.0059712, 1616804266.2040393]
[1616804244.9681013, 1616804265.9414454]
[1616804245.0362725, 1616804266.5224283]
[1616804245.0418067, 1616804266.1676416]
[1616804244.9563234, 1616804266.1945167]
[1616804244.9934888, 1616804266.0912197]
[1616804245.1855705, 1616804266.2780354]
[1616804245.186142, 1616804266.239943]
[1616804245.2538598, 1616804266.4384165]
[1616804245.1606214, 1616804266.348971]
[1616804245.168094, 1616804266.2319698]
[1616804245.2433324, 1616804266.2968502]
[1616804245.1875772, 1616804266.3742898]
[1616804245.1208684, 1616804266.0427518]
[1616804245.3213184, 1616804266.6722825]
[1616804245.2942455, 1616804266.8072004]
[1616804245.4540615, 1616804266.5600536]
[1616804245.2340658, 1616804266.2880783]
[1616804245.4147336, 1616804266.5041652]
[1616804245.3007896, 1616804266.4951746]
[1616804245.3110688, 1616804266.256104]
[1616804245.4348714, 1616804266.9563487]
[1616804245.5959592, 1616804266.5603287]
[1616804245.4687874, 1616804266.5279608]
[1616804245.47521, 1616804266.4826167]
[1616804245.4741743, 1616804266.4301145]
[1616804245.6465688, 1616804266.711599]
[1616804245.4340017, 1616804266.3841941]
[1616804245.5081995, 1616804266.5358775]
[1616804245.469237, 1616804266.6003506]
[1616804245.7200766, 1616804266.7278051]
[1616804245.69964, 1616804266.8336828]
[1616804245.511043, 1616804266.5127683]
[1616804245.6358767, 1616804266.6813395]
[1616804245.5418694, 1616804266.5175796]
[1616804245.6726983, 1616804266.7057748]
[1616804245.6459775, 1616804267.1136699]
[1616804245.6433644, 1616804266.6017072]
[1616804245.4283686, 1616804266.3846166]
[1616804245.5428448, 1616804266.5903492]
[1616804245.781466, 1616804267.0336783]
[1616804245.7337108, 1616804266.7188406]
[1616804245.7492795, 1616804266.909042]
[1616804245.7514763, 1616804266.7003367]
[1616804245.7822633, 1616804266.9391923]
[1616804245.7681277, 1616804266.7750793]
[1616804245.6303139, 1616804266.6650653]
[1616804245.790548, 1616804266.7896607]
[1616804245.7224336, 1616804266.7793179]
[1616804245.6520274, 1616804266.7912188]
[1616804245.7930014, 1616804266.925262]
[1616804245.8322215, 1616804266.836764]
[1616804245.8071034, 1616804266.7836955]
[1616804245.7969332, 1616804266.830416]
[1616804245.806185, 1616804267.049769]
[1616804245.846855, 1616804266.813962]
[1616804245.6658428, 1616804267.6293058]
[1616804245.8095095, 1616804266.7756884]
[1616804245.6504352, 1616804267.3815465]
[1616804245.8414087, 1616804266.9309714]
[1616804245.8572695, 1616804268.2744281]
[1616804245.749481, 1616804266.6794944]
[1616804245.773037, 1616804267.10457]
[1616804245.8706427, 1616804267.0308094]
[1616804245.8839304, 1616804266.8521457]
[1616804245.8441896, 1616804266.8487034]
[1616804245.8614888, 1616804266.9005198]
[1616804245.8605165, 1616804267.0636117]
[1616804245.882117, 1616804267.0514357]
[1616804245.837035, 1616804266.8769355]
[1616804245.8443952, 1616804266.9891436]
[1616804245.8899155, 1616804267.0225801]
[1616804245.861039, 1616804267.0609343]
[1616804245.798893, 1616804266.8251815]
[1616804245.8017163, 1616804266.875756]
[1616804245.8194332, 1616804266.8769267]
