[1616695069.9084883, 1616695072.6478627]
[1616695069.5812392, 1616695072.302958]
[1616695069.3988516, 1616695072.1062744]
[1616695069.691862, 1616695072.4013946]
[1616695069.4308317, 1616695072.128333]
[1616695069.431666, 1616695072.1784143]
[1616695069.634005, 1616695072.357501]
[1616695069.8909798, 1616695072.6233313]
[1616695069.6307333, 1616695072.3420212]
[1616695069.1024127, 1616695071.8641832]
[1616695069.5260098, 1616695072.2595248]
[1616695069.5385683, 1616695072.2621133]
[1616695069.6682441, 1616695072.4024305]
[1616695069.5950124, 1616695072.305037]
[1616695069.7108057, 1616695072.4346673]
[1616695069.632289, 1616695072.3430438]
[1616695069.757585, 1616695072.5067403]
[1616695069.6508167, 1616695072.331684]
[1616695069.5383966, 1616695072.2674153]
[1616695069.8895762, 1616695072.6338046]
[1616695069.6185596, 1616695072.390514]
[1616695070.0574954, 1616695072.7411103]
[1616695070.1552062, 1616695072.8496938]
[1616695070.4348, 1616695073.1655746]
[1616695070.4436262, 1616695073.178126]
[1616695070.4758906, 1616695073.1956868]
[1616695070.3589468, 1616695073.1147556]
[1616695070.9491093, 1616695073.6189263]
[1616695070.788195, 1616695073.5456316]
[1616695070.5938075, 1616695073.2620451]
[1616695070.9488797, 1616695073.6688294]
[1616695070.9748101, 1616695073.6618476]
[1616695070.834617, 1616695073.5789142]
[1616695071.2515528, 1616695073.9627771]
[1616695071.0375683, 1616695073.763127]
[1616695070.9582524, 1616695073.684921]
[1616695071.181161, 1616695073.8663597]
[1616695071.3082554, 1616695074.0728025]
[1616695071.3818927, 1616695074.1166875]
[1616695071.6185017, 1616695074.3334327]
[1616695071.1839828, 1616695073.8925238]
[1616695070.8940318, 1616695073.6380842]
[1616695071.7026815, 1616695074.4552753]
[1616695072.0843937, 1616695074.820796]
[1616695072.2358794, 1616695074.9431758]
[1616695071.8260512, 1616695074.5638905]
[1616695072.034767, 1616695074.7684972]
[1616695071.9162965, 1616695074.7045822]
[1616695072.1434946, 1616695074.8646946]
[1616695071.967755, 1616695074.6927884]
[1616695072.3174095, 1616695075.016767]
[1616695072.3551636, 1616695075.057067]
[1616695072.5495024, 1616695075.2894013]
[1616695072.7106152, 1616695075.455476]
[1616695072.5677066, 1616695075.3195734]
[1616695072.5144355, 1616695075.2460659]
[1616695072.888027, 1616695075.5841944]
[1616695073.0665588, 1616695075.7942507]
[1616695072.922032, 1616695075.60324]
[1616695073.0630064, 1616695075.8105679]
[1616695073.131638, 1616695075.8752034]
[1616695073.1877348, 1616695075.8794866]
[1616695073.4365299, 1616695076.1812778]
[1616695073.3778045, 1616695076.0450892]
[1616695073.5750785, 1616695076.3408844]
[1616695073.5913932, 1616695076.3410382]
[1616695073.764981, 1616695076.506033]
[1616695073.7906475, 1616695076.4889624]
[1616695073.9622917, 1616695076.643955]
[1616695074.2330792, 1616695076.9404936]
[1616695074.151435, 1616695076.9336698]
[1616695074.133921, 1616695076.868308]
[1616695073.953495, 1616695076.6424222]
[1616695074.2714298, 1616695077.0043235]
[1616695074.400969, 1616695077.1200447]
[1616695074.2667892, 1616695076.977628]
[1616695074.4141424, 1616695077.073345]
[1616695074.2617493, 1616695076.9867935]
[1616695074.8876474, 1616695077.6494515]
[1616695074.4834762, 1616695077.230437]
[1616695074.8744383, 1616695077.5772884]
[1616695074.7612667, 1616695077.4830832]
[1616695074.715209, 1616695077.5122015]
[1616695074.891222, 1616695077.6307104]
[1616695074.8073459, 1616695077.6210165]
[1616695074.728321, 1616695077.4438837]
[1616695075.0626662, 1616695077.8452208]
[1616695075.2682402, 1616695078.0316474]
[1616695075.2124684, 1616695077.912526]
[1616695075.1587224, 1616695077.8715425]
[1616695075.3347502, 1616695078.0812492]
[1616695075.0539885, 1616695077.757433]
[1616695075.3844793, 1616695078.1550105]
[1616695075.3380666, 1616695078.0859814]
[1616695075.4976, 1616695078.2735455]
[1616695075.445777, 1616695078.1803043]
[1616695075.6026745, 1616695078.3153887]
[1616695075.792754, 1616695078.4693093]
[1616695075.6016574, 1616695078.301968]
[1616695075.6180558, 1616695078.301749]
[1616695075.9008741, 1616695078.6591518]
[1616695075.8903584, 1616695078.5741668]
[1616695076.0317624, 1616695078.764965]
[1616695076.0795426, 1616695078.7543738]
[1616695075.9135566, 1616695078.665293]
[1616695076.1891727, 1616695078.9014926]
[1616695076.2744904, 1616695078.979318]
[1616695076.4004838, 1616695079.1291993]
[1616695076.366832, 1616695079.1495113]
[1616695076.6479318, 1616695079.3445256]
[1616695076.5233843, 1616695079.2275083]
[1616695076.6258407, 1616695079.3516934]
[1616695076.5190628, 1616695079.2567601]
[1616695076.9468002, 1616695079.7116997]
[1616695076.5648098, 1616695079.2934997]
[1616695076.8812182, 1616695079.6212738]
[1616695076.956843, 1616695079.6720026]
[1616695077.0387406, 1616695079.7630785]
[1616695077.332755, 1616695080.0478222]
[1616695077.295723, 1616695080.0205834]
[1616695077.0938494, 1616695079.7565658]
[1616695077.294409, 1616695080.0105073]
[1616695077.4558687, 1616695080.1704485]
[1616695077.4836662, 1616695080.1827607]
[1616695077.4836628, 1616695080.20228]
[1616695077.2634542, 1616695080.023041]
[1616695077.5525622, 1616695080.296503]
[1616695077.5292938, 1616695080.2611132]
[1616695077.7610588, 1616695080.493549]
[1616695077.6591187, 1616695080.3852067]
[1616695078.0361047, 1616695080.814354]
[1616695078.0215168, 1616695080.7555003]
[1616695077.9359436, 1616695080.6355925]
[1616695078.041667, 1616695080.7777355]
[1616695078.378989, 1616695081.1274645]
[1616695078.2791715, 1616695081.062014]
[1616695078.1068654, 1616695080.8497462]
[1616695078.4456704, 1616695081.1449037]
[1616695078.2346034, 1616695080.9667306]
[1616695078.6745067, 1616695081.4179125]
[1616695078.640936, 1616695081.3251379]
[1616695078.579608, 1616695081.2579877]
[1616695078.6730094, 1616695081.4293778]
[1616695078.6233547, 1616695081.303427]
[1616695078.7680652, 1616695081.4380834]
[1616695078.726334, 1616695081.4856262]
[1616695078.8870218, 1616695081.6258404]
[1616695078.9421873, 1616695081.7115734]
[1616695078.8270037, 1616695081.5585036]
[1616695079.135198, 1616695081.85977]
[1616695079.1268861, 1616695081.8462648]
[1616695079.1373281, 1616695081.8338408]
[1616695079.4846132, 1616695082.181632]
[1616695079.193773, 1616695081.913428]
[1616695079.1903336, 1616695081.933185]
[1616695079.1919188, 1616695081.944248]
[1616695079.5721953, 1616695082.3070638]
[1616695079.1533263, 1616695081.9066277]
[1616695079.3369842, 1616695082.0946789]
[1616695079.4685183, 1616695082.2399578]
[1616695079.583533, 1616695082.2804878]
[1616695079.6686692, 1616695082.4114354]
[1616695079.7172134, 1616695082.4882433]
[1616695079.875837, 1616695082.61144]
[1616695080.0455818, 1616695082.7926314]
[1616695079.8332884, 1616695082.5053926]
[1616695079.8244178, 1616695082.5840743]
[1616695079.983744, 1616695082.7214522]
[1616695080.3321254, 1616695083.100379]
[1616695079.9905787, 1616695082.6989813]
[1616695079.9657104, 1616695082.7103891]
[1616695080.1457171, 1616695082.8845155]
[1616695080.335406, 1616695083.0832071]
[1616695080.520062, 1616695083.2500236]
[1616695080.3693397, 1616695083.0955908]
[1616695080.5059993, 1616695083.2680955]
[1616695080.4185123, 1616695083.1542716]
[1616695080.2070413, 1616695082.9316432]
[1616695080.6374366, 1616695083.358125]
[1616695080.6135035, 1616695083.3413413]
[1616695080.6200497, 1616695083.3447335]
[1616695080.7492626, 1616695083.4758859]
[1616695080.6664512, 1616695083.3716946]
[1616695080.4914181, 1616695083.2039106]
[1616695080.9177153, 1616695083.6355665]
[1616695081.066441, 1616695083.7454545]
[1616695081.0971482, 1616695083.904865]
[1616695080.9168782, 1616695083.647693]
[1616695080.9897532, 1616695083.728073]
[1616695080.949026, 1616695083.7092574]
[1616695081.0125494, 1616695083.7295623]
[1616695081.2669613, 1616695083.9478853]
[1616695081.3373246, 1616695084.0217502]
[1616695081.4115758, 1616695084.1142867]
[1616695081.158596, 1616695083.8825617]
[1616695081.3349957, 1616695084.0350564]
[1616695081.5022268, 1616695084.2453568]
[1616695081.5044138, 1616695084.2904592]
[1616695081.778008, 1616695084.5366502]
[1616695081.4893289, 1616695084.2248337]
[1616695081.6941264, 1616695084.5309317]
[1616695081.4447942, 1616695084.1202915]
[1616695081.7728863, 1616695084.5712895]
[1616695081.6647124, 1616695084.4212437]
[1616695081.809169, 1616695084.5327106]
[1616695081.741967, 1616695084.4922953]
[1616695081.8190012, 1616695084.5863843]
[1616695081.9663017, 1616695084.6631112]
[1616695082.022746, 1616695084.7354925]
[1616695082.136141, 1616695084.8721578]
[1616695081.9961526, 1616695084.72906]
[1616695082.1143196, 1616695084.8497167]
[1616695082.1874142, 1616695084.8847883]
[1616695082.0815425, 1616695084.857575]
[1616695082.3637447, 1616695085.065907]
[1616695082.3939078, 1616695085.1266744]
[1616695082.449543, 1616695085.1905956]
[1616695082.3191998, 1616695085.0489]
[1616695082.5574665, 1616695085.31335]
[1616695082.7192743, 1616695085.471992]
[1616695082.554948, 1616695085.2226756]
[1616695082.778588, 1616695085.5129426]
[1616695082.8473449, 1616695085.5921915]
[1616695082.668561, 1616695085.4199119]
[1616695082.6521354, 1616695085.3614898]
[1616695082.9021788, 1616695085.6119835]
[1616695082.9552276, 1616695085.6781545]
[1616695083.0420184, 1616695085.7943392]
[1616695082.9439094, 1616695085.6414287]
[1616695082.8627892, 1616695085.5776935]
[1616695083.022059, 1616695085.7833316]
[1616695082.980651, 1616695085.6788075]
[1616695083.0923338, 1616695085.891166]
[1616695083.1968195, 1616695085.9647725]
[1616695083.2505002, 1616695085.9857135]
[1616695083.328216, 1616695086.047272]
[1616695083.3157666, 1616695086.064111]
[1616695083.4333465, 1616695086.1367347]
[1616695083.6637678, 1616695086.4156082]
[1616695083.4616706, 1616695086.1788528]
[1616695083.474954, 1616695086.1973372]
[1616695083.6574347, 1616695086.380674]
[1616695083.7906528, 1616695086.5185335]
[1616695083.7398045, 1616695086.4794867]
[1616695083.797941, 1616695086.527711]
[1616695083.8372576, 1616695086.6064775]
[1616695083.8043437, 1616695086.5308256]
[1616695083.8212671, 1616695086.537891]
[1616695083.7734444, 1616695086.464124]
[1616695083.8326144, 1616695086.5743635]
[1616695083.9028442, 1616695086.6260257]
[1616695084.0703697, 1616695086.7759993]
[1616695084.027569, 1616695086.7024722]
[1616695084.2487807, 1616695087.029911]
[1616695084.111018, 1616695086.7946749]
[1616695084.319704, 1616695087.0943031]
[1616695084.1277921, 1616695086.8036468]
[1616695084.2170599, 1616695087.0115108]
[1616695084.1988769, 1616695086.9122689]
[1616695084.535473, 1616695087.2728374]
[1616695084.42212, 1616695087.1937416]
[1616695084.4294705, 1616695087.1666846]
[1616695084.433024, 1616695087.2881722]
[1616695084.5752313, 1616695087.2883568]
[1616695084.6878808, 1616695087.4043317]
[1616695084.544994, 1616695087.2649474]
[1616695084.7333965, 1616695087.4750712]
[1616695084.7517574, 1616695087.4782486]
[1616695084.769936, 1616695087.552734]
[1616695084.7551038, 1616695087.5019531]
[1616695084.7954538, 1616695087.5812566]
[1616695084.874703, 1616695087.6037169]
[1616695084.8251305, 1616695087.5709221]
[1616695084.995003, 1616695087.7542334]
[1616695085.026334, 1616695087.692892]
[1616695084.9897695, 1616695087.7250667]
[1616695085.1810212, 1616695087.917798]
[1616695085.4119434, 1616695088.1250954]
[1616695084.980605, 1616695087.707919]
[1616695085.0574083, 1616695087.7950609]
[1616695085.2806137, 1616695087.9442627]
[1616695085.2061598, 1616695087.964429]
[1616695085.4805834, 1616695088.2834036]
[1616695085.6515172, 1616695088.3428128]
[1616695085.5354424, 1616695088.2564692]
[1616695085.5019913, 1616695088.2845716]
[1616695085.7428348, 1616695088.4675996]
[1616695085.5135362, 1616695088.2777944]
[1616695085.7893775, 1616695088.5562801]
[1616695085.7168455, 1616695088.4194775]
[1616695085.810853, 1616695088.5838087]
[1616695085.8419678, 1616695088.5645082]
[1616695085.9340937, 1616695088.6743984]
[1616695085.9791036, 1616695088.7230515]
[1616695086.0603633, 1616695088.8108609]
[1616695086.1630456, 1616695088.873656]
[1616695086.0466645, 1616695088.774804]
[1616695086.0539794, 1616695088.8005521]
[1616695086.0846953, 1616695088.8539455]
[1616695086.3494482, 1616695089.0509622]
[1616695086.2408063, 1616695088.9741528]
[1616695086.359559, 1616695089.0535913]
[1616695086.3775945, 1616695089.0800335]
[1616695086.4601052, 1616695089.1713195]
[1616695086.4169648, 1616695089.179288]
[1616695086.646369, 1616695089.34901]
[1616695086.4940047, 1616695089.2065654]
[1616695086.605838, 1616695089.338556]
[1616695086.5240176, 1616695089.277006]
[1616695086.529947, 1616695089.213716]
[1616695086.6858828, 1616695089.4175806]
[1616695086.803306, 1616695089.4914436]
[1616695087.001737, 1616695089.6809661]
[1616695086.8974175, 1616695089.5737045]
[1616695086.9968975, 1616695089.676271]
[1616695087.1705284, 1616695089.9210787]
[1616695087.1281526, 1616695089.8555079]
[1616695086.9598975, 1616695089.6680322]
[1616695087.056489, 1616695089.8573468]
[1616695087.0958405, 1616695089.8245022]
[1616695087.1227467, 1616695089.8782005]
[1616695087.0668309, 1616695089.8210135]
[1616695087.285523, 1616695090.0149512]
[1616695087.5350308, 1616695090.2723522]
[1616695087.4633443, 1616695090.174623]
[1616695087.4310207, 1616695090.1570296]
[1616695087.5802243, 1616695090.342175]
[1616695087.5709035, 1616695090.3479254]
[1616695087.6353803, 1616695090.3699696]
[1616695087.6065574, 1616695090.352661]
[1616695087.766081, 1616695090.499644]
[1616695087.848349, 1616695090.5864387]
[1616695087.5461364, 1616695090.290941]
[1616695087.9063258, 1616695090.5817254]
[1616695087.741885, 1616695090.4636035]
[1616695087.914214, 1616695090.651013]
[1616695088.086478, 1616695090.8219385]
[1616695088.1134155, 1616695090.7721574]
[1616695088.174769, 1616695090.922534]
[1616695088.2533445, 1616695091.0577083]
[1616695087.902481, 1616695090.5891669]
[1616695088.1578221, 1616695090.8595204]
[1616695088.3172476, 1616695091.0459642]
[1616695088.2742848, 1616695090.9985204]
[1616695088.297215, 1616695091.055545]
[1616695088.3517857, 1616695091.0370128]
[1616695088.3793967, 1616695091.1439621]
[1616695088.4115086, 1616695091.1584237]
[1616695088.391691, 1616695091.1197982]
[1616695088.4319673, 1616695091.1497848]
[1616695088.4596548, 1616695091.1753426]
[1616695088.5895376, 1616695091.374794]
[1616695088.5877142, 1616695091.3012888]
[1616695088.5739286, 1616695091.2805562]
[1616695088.7711382, 1616695091.5574188]
[1616695088.7673469, 1616695091.5122087]
[1616695088.8357291, 1616695091.58455]
[1616695088.8196137, 1616695091.5734892]
[1616695088.925339, 1616695091.625276]
[1616695088.877977, 1616695091.6211643]
[1616695088.958257, 1616695091.711119]
[1616695088.956833, 1616695091.7041981]
[1616695088.9471476, 1616695091.648669]
[1616695089.0328975, 1616695091.741476]
[1616695089.2007077, 1616695091.918279]
[1616695089.1837256, 1616695091.8915703]
[1616695089.4433088, 1616695092.1776135]
[1616695089.397315, 1616695092.114202]
[1616695089.4321063, 1616695092.1687336]
[1616695089.2777445, 1616695091.9783926]
[1616695089.4306288, 1616695092.1501396]
[1616695089.4973803, 1616695092.2409306]
[1616695089.583341, 1616695092.2656262]
[1616695089.6060586, 1616695092.3017435]
[1616695089.728971, 1616695092.4165535]
[1616695089.702574, 1616695092.382476]
[1616695089.8354945, 1616695092.5565321]
[1616695089.8945336, 1616695092.6334794]
[1616695089.9174635, 1616695092.641559]
[1616695089.9312103, 1616695092.6649983]
[1616695089.8758817, 1616695092.6752722]
[1616695090.0876663, 1616695092.8007388]
[1616695090.2121906, 1616695092.925123]
[1616695090.142089, 1616695092.8804908]
[1616695090.1971567, 1616695092.9061532]
[1616695090.3188577, 1616695093.035026]
[1616695090.3661308, 1616695093.1092026]
[1616695090.2179139, 1616695092.9357924]
[1616695090.4419796, 1616695093.180473]
[1616695090.4394243, 1616695093.1955097]
[1616695090.4219046, 1616695093.1727002]
[1616695090.4771845, 1616695093.2204263]
[1616695090.6107135, 1616695093.2991068]
[1616695090.5611675, 1616695093.2552564]
[1616695090.5404046, 1616695093.2756267]
[1616695090.7001717, 1616695093.4089024]
[1616695090.4815316, 1616695093.223147]
[1616695090.851418, 1616695093.5952454]
[1616695090.864205, 1616695093.5967112]
[1616695090.961499, 1616695093.6810226]
[1616695090.826279, 1616695093.4909818]
[1616695091.038014, 1616695093.7583034]
[1616695090.964386, 1616695093.6597989]
[1616695091.2673001, 1616695094.036751]
[1616695091.3305185, 1616695094.0387254]
[1616695090.9530704, 1616695093.6835399]
[1616695091.1254892, 1616695093.9713526]
[1616695091.221209, 1616695093.9523697]
[1616695091.326344, 1616695094.036559]
[1616695091.2580905, 1616695093.961794]
[1616695091.234699, 1616695093.9703345]
[1616695091.8547497, 1616695094.5574126]
[1616695091.5881674, 1616695094.345498]
[1616695091.400898, 1616695094.1687994]
[1616695091.4558043, 1616695094.1819894]
[1616695091.403164, 1616695094.1265087]
[1616695091.682722, 1616695094.4028516]
[1616695091.5779886, 1616695094.3433487]
[1616695091.482521, 1616695094.2071106]
[1616695091.832875, 1616695094.5935543]
[1616695091.830141, 1616695094.5812285]
[1616695091.9258914, 1616695094.6449146]
[1616695091.89829, 1616695094.6086788]
[1616695092.008281, 1616695094.6973603]
[1616695091.8183827, 1616695094.527456]
[1616695092.135167, 1616695094.8422644]
[1616695092.3386807, 1616695095.0156069]
[1616695092.1086915, 1616695094.8543699]
[1616695092.2733238, 1616695094.9476326]
[1616695092.26589, 1616695095.0062478]
[1616695092.2624252, 1616695094.9691808]
[1616695092.3972638, 1616695095.0762064]
[1616695092.5192306, 1616695095.2517598]
[1616695092.5938334, 1616695095.316661]
[1616695092.440529, 1616695095.1253898]
[1616695092.7187324, 1616695095.4487617]
[1616695092.798538, 1616695095.5634234]
[1616695092.54514, 1616695095.288559]
[1616695092.7336166, 1616695095.4636736]
[1616695092.7468455, 1616695095.4883091]
[1616695092.6991076, 1616695095.4982893]
[1616695092.780708, 1616695095.4996214]
[1616695092.8094282, 1616695095.5436134]
[1616695092.80712, 1616695095.4962356]
[1616695092.8949025, 1616695095.688316]
[1616695092.9456692, 1616695095.6598148]
[1616695093.3207755, 1616695096.0412865]
[1616695093.08942, 1616695095.8923862]
[1616695093.335987, 1616695096.086468]
[1616695093.2590551, 1616695096.0169795]
[1616695093.2054408, 1616695095.96263]
[1616695093.2764945, 1616695095.9877515]
[1616695093.2864523, 1616695096.016692]
[1616695093.428597, 1616695096.1623733]
[1616695093.669593, 1616695096.3498728]
[1616695093.4263933, 1616695096.1924942]
[1616695093.459198, 1616695096.186245]
[1616695093.4221072, 1616695096.1311579]
[1616695093.7079139, 1616695096.4323537]
[1616695093.6868029, 1616695096.4290516]
[1616695094.1023946, 1616695096.8187046]
[1616695093.8969982, 1616695096.5923016]
[1616695093.6542902, 1616695096.3887131]
[1616695093.841861, 1616695096.554389]
[1616695093.7683537, 1616695096.4832857]
[1616695093.5704114, 1616695096.2276905]
[1616695093.9978127, 1616695096.794649]
[1616695094.449553, 1616695097.1495736]
[1616695094.0623102, 1616695096.7756922]
[1616695094.0672116, 1616695096.9077058]
[1616695094.2332597, 1616695096.979815]
[1616695094.128278, 1616695096.9013138]
[1616695094.1631715, 1616695096.8856316]
[1616695094.3406875, 1616695097.16608]
[1616695094.3146462, 1616695097.0530188]
[1616695094.3488858, 1616695097.107089]
[1616695094.5828857, 1616695097.283211]
[1616695094.5956793, 1616695097.3660336]
[1616695094.7822802, 1616695097.4867797]
[1616695094.6546676, 1616695097.3901813]
[1616695094.6677246, 1616695097.4254272]
[1616695094.6678426, 1616695097.4171946]
[1616695094.8405576, 1616695097.5783043]
[1616695095.0064483, 1616695097.7147632]
[1616695094.9543717, 1616695097.6399093]
[1616695094.7970312, 1616695097.5043359]
[1616695095.0117066, 1616695097.7442064]
[1616695094.912601, 1616695097.669778]
[1616695095.1203945, 1616695097.7986019]
[1616695095.5154393, 1616695098.2495406]
[1616695095.1336868, 1616695097.826099]
[1616695095.3337278, 1616695098.0777144]
[1616695095.2749865, 1616695097.9991605]
[1616695095.426944, 1616695098.124588]
[1616695095.4786394, 1616695098.213275]
[1616695095.3221, 1616695098.034369]
[1616695095.5324788, 1616695098.3041275]
[1616695095.6955993, 1616695098.4409702]
[1616695095.673138, 1616695098.3887382]
[1616695095.2787573, 1616695097.9650192]
[1616695095.6159632, 1616695098.396953]
[1616695095.8106372, 1616695098.5157135]
[1616695095.677561, 1616695098.4368129]
[1616695095.6511724, 1616695098.3847787]
[1616695095.7623081, 1616695098.479156]
[1616695095.7590988, 1616695098.4673393]
[1616695095.652595, 1616695098.3629086]
[1616695095.7551818, 1616695098.503465]
[1616695095.9611247, 1616695098.6767848]
[1616695096.09457, 1616695098.8306603]
[1616695096.1585777, 1616695098.8917427]
[1616695096.0485158, 1616695098.727391]
[1616695096.166485, 1616695098.8664935]
[1616695096.069196, 1616695098.8349087]
[1616695096.3571682, 1616695099.0352337]
[1616695096.309095, 1616695098.9893918]
[1616695096.1561089, 1616695098.8675992]
[1616695096.3254778, 1616695099.0788062]
[1616695096.425307, 1616695099.187737]
[1616695096.4392965, 1616695099.1895957]
[1616695096.5288668, 1616695099.2574878]
[1616695096.4327598, 1616695099.1717553]
[1616695096.5822575, 1616695099.2886968]
[1616695096.7341924, 1616695099.4294586]
[1616695096.61937, 1616695099.3292546]
[1616695096.6599514, 1616695099.4082072]
[1616695096.7264264, 1616695099.4992492]
[1616695096.7425969, 1616695099.443093]
[1616695096.8506458, 1616695099.5587263]
[1616695096.9734335, 1616695099.7040117]
[1616695096.6999624, 1616695099.4523923]
[1616695097.051576, 1616695099.793731]
[1616695097.1081104, 1616695099.839145]
[1616695096.919568, 1616695099.7006776]
[1616695097.281667, 1616695100.0296464]
[1616695097.329227, 1616695100.0532832]
[1616695097.2944086, 1616695100.0032132]
[1616695097.3966243, 1616695100.166354]
[1616695097.271998, 1616695100.0592344]
[1616695097.1621542, 1616695099.9117813]
[1616695097.461167, 1616695100.2085083]
[1616695097.428704, 1616695100.140624]
[1616695097.7706852, 1616695100.5193982]
[1616695097.5049646, 1616695100.1921816]
[1616695097.7336612, 1616695100.4707038]
[1616695097.5931816, 1616695100.3827734]
[1616695097.8857415, 1616695100.5741806]
[1616695097.8622963, 1616695100.5464249]
[1616695097.9039118, 1616695100.6760547]
[1616695098.2380836, 1616695100.9668646]
[1616695097.9068344, 1616695100.5862281]
[1616695098.2099316, 1616695100.925203]
[1616695098.04111, 1616695100.759642]
[1616695098.3261862, 1616695101.1107602]
[1616695097.981891, 1616695100.6725304]
[1616695098.1667578, 1616695100.8652985]
[1616695098.2376633, 1616695100.9639199]
[1616695098.2668593, 1616695100.9928482]
[1616695098.4005098, 1616695101.137176]
[1616695098.4507394, 1616695101.1885881]
[1616695098.2821844, 1616695100.993754]
[1616695098.3983567, 1616695101.0938396]
[1616695098.4321349, 1616695101.172297]
[1616695098.531683, 1616695101.2602494]
[1616695098.9599621, 1616695101.6892395]
[1616695098.51823, 1616695101.2575989]
[1616695098.785342, 1616695101.5020869]
[1616695098.8996897, 1616695101.6315894]
[1616695098.9929118, 1616695101.7184355]
[1616695099.0015008, 1616695101.664462]
[1616695099.2465844, 1616695101.9740922]
[1616695098.829452, 1616695101.656532]
[1616695099.090195, 1616695101.8354065]
[1616695099.0677316, 1616695101.7388132]
[1616695099.1835775, 1616695101.931741]
[1616695099.2429523, 1616695101.9841042]
[1616695099.3558488, 1616695102.1624594]
[1616695099.135762, 1616695101.8608098]
[1616695099.2723215, 1616695101.997368]
[1616695099.4817116, 1616695102.256441]
[1616695099.497092, 1616695102.2015948]
[1616695099.2722316, 1616695102.0057096]
[1616695099.2228456, 1616695101.964132]
[1616695099.3939993, 1616695102.121671]
[1616695099.7986097, 1616695102.5565438]
[1616695099.6979969, 1616695102.4097586]
[1616695099.7526352, 1616695102.5230544]
[1616695099.7227013, 1616695102.4815624]
[1616695099.871835, 1616695102.6022453]
[1616695099.7280638, 1616695102.5316632]
[1616695099.953582, 1616695102.6471677]
[1616695099.899286, 1616695102.5736525]
[1616695099.9038343, 1616695102.6621318]
[1616695100.0344124, 1616695102.7863982]
[1616695100.0208848, 1616695102.72005]
[1616695100.3636339, 1616695103.0642025]
[1616695100.056089, 1616695102.7624788]
[1616695100.1173685, 1616695102.9172397]
[1616695100.3048766, 1616695103.0596368]
[1616695100.4544008, 1616695103.2628543]
[1616695100.5083199, 1616695103.2291832]
[1616695100.454301, 1616695103.1628518]
[1616695100.3702958, 1616695103.0980334]
[1616695100.617795, 1616695103.2964716]
[1616695100.5665164, 1616695103.2480764]
[1616695100.617712, 1616695103.3160517]
[1616695100.7220354, 1616695103.4467766]
[1616695100.7715473, 1616695103.4933388]
[1616695100.6755838, 1616695103.402625]
[1616695100.7224505, 1616695103.4143317]
[1616695100.7014537, 1616695103.4439769]
[1616695100.9653542, 1616695103.712914]
[1616695101.1026485, 1616695103.8013067]
[1616695101.1073365, 1616695103.8372588]
[1616695101.216861, 1616695103.960981]
[1616695101.2778502, 1616695104.0072422]
[1616695101.0600064, 1616695103.7856526]
[1616695101.1029212, 1616695103.8197668]
[1616695101.186231, 1616695103.9297557]
[1616695101.3511424, 1616695104.079593]
[1616695101.3885062, 1616695104.1284225]
[1616695101.3867555, 1616695104.155435]
[1616695101.272567, 1616695103.9914155]
[1616695101.3945131, 1616695104.1237018]
[1616695101.5295584, 1616695104.2077558]
[1616695101.7261622, 1616695104.451508]
[1616695101.5993054, 1616695104.2909176]
[1616695101.5029888, 1616695104.346559]
[1616695101.6794636, 1616695104.3498654]
[1616695101.6603863, 1616695104.3945854]
[1616695101.8105881, 1616695104.524206]
[1616695101.8301704, 1616695104.6517742]
[1616695101.8705673, 1616695104.6528733]
[1616695101.7955167, 1616695104.4651103]
[1616695101.8431532, 1616695104.5946615]
[1616695101.9914827, 1616695104.7698047]
[1616695101.8253717, 1616695104.5395699]
[1616695101.9768496, 1616695104.691283]
[1616695101.8859015, 1616695104.7950997]
[1616695102.2473426, 1616695104.9981616]
[1616695102.3167465, 1616695105.067604]
[1616695102.6466413, 1616695105.3858604]
[1616695102.6961632, 1616695105.423769]
[1616695102.2111797, 1616695104.9117327]
[1616695102.4534502, 1616695105.1925955]
[1616695102.346801, 1616695105.0805917]
[1616695102.524582, 1616695105.2615912]
[1616695102.597777, 1616695105.2773478]
[1616695102.6730957, 1616695105.4095197]
[1616695102.7282987, 1616695105.4112504]
[1616695102.7963324, 1616695105.5510194]
[1616695102.73651, 1616695105.5033062]
[1616695102.552041, 1616695105.3147914]
[1616695102.7633097, 1616695105.4708028]
[1616695102.6995516, 1616695105.4627492]
[1616695102.874758, 1616695105.5949166]
[1616695103.0742352, 1616695105.7576358]
[1616695102.8471289, 1616695105.5543911]
[1616695103.1990988, 1616695105.8999207]
[1616695103.1602643, 1616695105.922812]
[1616695103.3373861, 1616695106.0141861]
[1616695103.2580206, 1616695105.9425488]
[1616695103.4429562, 1616695106.1710315]
[1616695103.459734, 1616695106.1841056]
[1616695103.5027008, 1616695106.2263541]
[1616695103.386903, 1616695106.0610056]
[1616695103.6837976, 1616695106.4747968]
[1616695103.5596511, 1616695106.2917216]
[1616695103.4857378, 1616695106.245701]
[1616695103.688595, 1616695106.404118]
[1616695103.8139236, 1616695106.516364]
[1616695103.7242606, 1616695106.4377208]
[1616695103.7820494, 1616695106.5530694]
[1616695103.999492, 1616695106.7075732]
[1616695103.9778068, 1616695106.7177355]
[1616695104.070135, 1616695106.781159]
[1616695104.0488791, 1616695106.7863548]
[1616695104.1497798, 1616695106.8664682]
[1616695104.255003, 1616695107.0298986]
[1616695104.1429272, 1616695106.8796685]
[1616695104.2428107, 1616695106.9186742]
[1616695104.0597413, 1616695106.7915144]
[1616695104.0495338, 1616695106.7858896]
[1616695104.27475, 1616695106.9928732]
[1616695104.4090688, 1616695107.1439936]
[1616695104.336986, 1616695107.047873]
[1616695104.389368, 1616695107.0529735]
[1616695104.6289308, 1616695107.3180099]
[1616695104.7104154, 1616695107.4203973]
[1616695104.5675964, 1616695107.4188323]
[1616695104.7938178, 1616695107.5408173]
[1616695104.726719, 1616695107.5242593]
[1616695104.6031911, 1616695107.3774178]
[1616695104.8185794, 1616695107.5762067]
[1616695104.8661835, 1616695107.624377]
[1616695104.9472601, 1616695107.653209]
[1616695104.968057, 1616695107.650722]
[1616695105.1590426, 1616695107.9545672]
[1616695105.0505784, 1616695107.773359]
[1616695105.157444, 1616695107.905932]
[1616695105.1432161, 1616695107.8615324]
[1616695105.22311, 1616695108.0881593]
[1616695105.035471, 1616695107.7406678]
[1616695105.248617, 1616695107.961775]
[1616695105.458185, 1616695108.1496053]
[1616695105.39148, 1616695108.1273568]
[1616695105.3988616, 1616695108.1616552]
[1616695105.4579225, 1616695108.1579185]
[1616695105.5126884, 1616695108.2792351]
[1616695105.4945436, 1616695108.2254896]
[1616695105.7339332, 1616695108.4619458]
[1616695105.7672958, 1616695108.4584205]
[1616695105.794333, 1616695108.5502741]
[1616695105.7346084, 1616695108.4437547]
[1616695105.8336647, 1616695108.570122]
[1616695105.897461, 1616695108.6412866]
[1616695105.8358858, 1616695108.5758934]
[1616695105.9151547, 1616695108.9043639]
[1616695105.8599102, 1616695108.554637]
[1616695105.9098966, 1616695108.6491315]
[1616695106.2020092, 1616695108.8922136]
[1616695106.275761, 1616695109.0270317]
[1616695106.3642943, 1616695109.0937476]
[1616695106.1920192, 1616695108.9202693]
[1616695106.2206206, 1616695108.9071307]
[1616695106.1383588, 1616695108.8085577]
[1616695106.357342, 1616695109.0861256]
[1616695106.5801864, 1616695109.3334515]
[1616695106.4424484, 1616695109.1578567]
[1616695106.6046715, 1616695109.408715]
[1616695106.6357996, 1616695109.3461401]
[1616695106.5959496, 1616695109.293108]
[1616695106.6098638, 1616695109.3616977]
[1616695106.7912812, 1616695109.5184422]
[1616695106.6679313, 1616695109.4016008]
[1616695106.7622375, 1616695109.51308]
[1616695106.8947515, 1616695109.6230721]
[1616695106.8566527, 1616695109.623315]
[1616695106.7947254, 1616695109.5298178]
[1616695107.0294905, 1616695109.7560654]
[1616695107.321212, 1616695110.0921495]
[1616695107.15816, 1616695109.8955617]
[1616695107.28227, 1616695109.946492]
[1616695107.2939234, 1616695109.9781067]
[1616695107.3255703, 1616695110.0374398]
[1616695107.4012625, 1616695110.165192]
[1616695107.474611, 1616695110.2157335]
[1616695107.5197632, 1616695110.2213643]
[1616695107.4188707, 1616695110.0906591]
[1616695107.7758985, 1616695110.5362296]
[1616695107.689394, 1616695110.4003427]
[1616695107.6031973, 1616695110.3656466]
[1616695107.7541583, 1616695110.4511852]
[1616695107.8908923, 1616695110.6166923]
[1616695107.7232115, 1616695110.3950045]
[1616695107.9265957, 1616695110.6828516]
[1616695107.842411, 1616695110.5704062]
[1616695107.9583426, 1616695110.8256762]
[1616695107.940029, 1616695110.687673]
[1616695108.010618, 1616695110.7548523]
[1616695108.2232027, 1616695110.9357674]
[1616695107.990141, 1616695110.6934597]
[1616695108.184822, 1616695110.9581099]
[1616695108.083024, 1616695110.8294578]
[1616695108.2736738, 1616695110.9994292]
[1616695108.2492049, 1616695110.9553702]
[1616695108.351364, 1616695111.1147432]
[1616695108.4048479, 1616695111.1291327]
[1616695108.271667, 1616695111.0139232]
[1616695108.1093476, 1616695110.8308003]
[1616695108.1957872, 1616695110.8807511]
[1616695108.723917, 1616695111.4703403]
[1616695108.5781, 1616695111.3110561]
[1616695108.718108, 1616695111.4812715]
[1616695108.6367564, 1616695111.373078]
[1616695108.5721903, 1616695111.2511811]
[1616695109.034428, 1616695111.7810688]
[1616695108.7909288, 1616695111.5402296]
[1616695109.018337, 1616695111.6919782]
[1616695108.7088344, 1616695111.4422839]
[1616695108.899368, 1616695111.5847106]
[1616695109.0938756, 1616695111.8296072]
[1616695108.8130074, 1616695111.478359]
[1616695109.0227144, 1616695111.8146029]
[1616695108.972702, 1616695111.7128904]
[1616695109.1677482, 1616695111.8593705]
[1616695109.1513288, 1616695111.8263643]
[1616695109.1303637, 1616695111.8463025]
[1616695109.3627813, 1616695112.0448685]
[1616695109.392962, 1616695112.1160629]
[1616695109.3433788, 1616695112.1389875]
[1616695109.518479, 1616695112.2664528]
[1616695109.6426797, 1616695112.3747747]
[1616695109.6769037, 1616695112.4230652]
[1616695109.6924365, 1616695112.5122995]
[1616695109.6014283, 1616695112.3438272]
[1616695109.8242075, 1616695112.5719824]
[1616695109.9129515, 1616695112.6510067]
[1616695109.6358495, 1616695112.3677738]
[1616695110.0184405, 1616695112.678925]
[1616695109.9174082, 1616695112.6153374]
[1616695110.0029218, 1616695112.6868412]
[1616695109.8238637, 1616695112.5437455]
[1616695110.1014204, 1616695112.904659]
[1616695110.120578, 1616695112.827017]
[1616695110.1191852, 1616695112.8049269]
[1616695110.0468152, 1616695112.7442513]
[1616695110.2486653, 1616695112.9763165]
[1616695110.2081726, 1616695112.9578524]
[1616695110.4061992, 1616695113.107181]
[1616695110.3871913, 1616695113.133011]
[1616695110.245567, 1616695112.9656732]
[1616695110.3690782, 1616695113.0942366]
[1616695110.652601, 1616695113.3841648]
[1616695110.591616, 1616695113.321949]
[1616695110.5610106, 1616695113.2604058]
[1616695110.552258, 1616695113.3018222]
[1616695110.6772296, 1616695113.3567803]
[1616695110.7998137, 1616695113.560391]
[1616695110.8387408, 1616695113.5484827]
[1616695110.946272, 1616695113.642438]
[1616695110.8993351, 1616695113.6265025]
[1616695111.0862691, 1616695113.8134286]
[1616695111.1444497, 1616695113.896223]
[1616695110.947327, 1616695113.6514037]
[1616695110.9758704, 1616695113.743532]
[1616695111.2522414, 1616695114.0019777]
[1616695111.1946185, 1616695113.9265773]
[1616695111.192517, 1616695113.9087284]
[1616695111.1376524, 1616695113.855154]
[1616695111.3112745, 1616695114.053342]
[1616695111.2698836, 1616695113.9415226]
[1616695111.386751, 1616695114.1320407]
[1616695111.3912406, 1616695114.1237109]
[1616695111.453218, 1616695114.2201364]
[1616695111.4396868, 1616695114.1983795]
[1616695111.269666, 1616695113.983548]
[1616695111.7736988, 1616695114.4988344]
[1616695111.4455955, 1616695114.1701808]
[1616695111.8812573, 1616695114.5887153]
[1616695111.6506457, 1616695114.345059]
[1616695111.7469275, 1616695114.477385]
[1616695111.7134812, 1616695114.3881848]
[1616695111.797459, 1616695114.54714]
[1616695111.9690652, 1616695114.6373506]
[1616695112.338175, 1616695115.023268]
[1616695111.9422805, 1616695114.680332]
[1616695111.9285057, 1616695114.6391675]
[1616695112.0342512, 1616695114.8543375]
[1616695112.0468483, 1616695114.784027]
[1616695112.1793034, 1616695114.9366293]
[1616695112.518646, 1616695115.2683196]
[1616695112.188457, 1616695114.9318264]
[1616695112.2500358, 1616695114.9542027]
[1616695112.3781486, 1616695115.1188574]
[1616695112.307502, 1616695115.0451267]
[1616695112.4798348, 1616695115.207988]
[1616695112.483442, 1616695115.2132215]
[1616695112.5100417, 1616695115.2594962]
[1616695112.655501, 1616695115.3565784]
[1616695112.5278869, 1616695115.3028202]
[1616695112.8425682, 1616695115.5441763]
[1616695112.560878, 1616695115.2905393]
[1616695112.8917031, 1616695115.6278977]
[1616695112.7892358, 1616695115.4913175]
[1616695112.8142543, 1616695115.5262384]
[1616695112.8686929, 1616695115.5306406]
[1616695113.057937, 1616695115.7942603]
[1616695113.0093656, 1616695115.715717]
[1616695113.159471, 1616695116.003791]
[1616695112.835054, 1616695115.542166]
[1616695113.2439098, 1616695115.997256]
[1616695112.996914, 1616695115.7465518]
[1616695113.3270578, 1616695116.0751712]
[1616695113.2007241, 1616695115.9011762]
[1616695113.4646707, 1616695116.168576]
[1616695113.438744, 1616695116.1505923]
[1616695113.6386888, 1616695116.3702774]
[1616695113.6018999, 1616695116.4716897]
[1616695113.3377948, 1616695116.095556]
[1616695113.6677682, 1616695116.3869028]
[1616695113.4445186, 1616695116.1131375]
[1616695113.5335853, 1616695116.254467]
[1616695113.4755402, 1616695116.2368734]
[1616695113.8483307, 1616695116.617107]
[1616695113.8370032, 1616695116.577851]
[1616695113.7324166, 1616695116.441447]
[1616695113.8707254, 1616695116.585954]
[1616695114.0257368, 1616695116.792488]
[1616695113.943023, 1616695116.650399]
[1616695113.9741292, 1616695116.6544724]
[1616695114.0546014, 1616695116.7743847]
[1616695114.3040252, 1616695117.0521798]
[1616695113.666808, 1616695116.4040763]
[1616695114.0242515, 1616695116.7404287]
[1616695114.4385731, 1616695117.1695023]
[1616695114.2745707, 1616695117.0348895]
[1616695114.263705, 1616695117.017522]
[1616695114.3615777, 1616695117.0820396]
[1616695114.415975, 1616695117.0882366]
[1616695114.3074188, 1616695117.0292299]
[1616695114.2890255, 1616695116.9973993]
[1616695114.6748042, 1616695117.384667]
[1616695114.5115533, 1616695117.2443604]
[1616695114.5764184, 1616695117.3398733]
[1616695114.6998234, 1616695117.4203038]
[1616695114.7198536, 1616695117.4289439]
[1616695114.9540157, 1616695117.7142332]
[1616695114.6841006, 1616695117.3577394]
[1616695114.4642835, 1616695117.2160327]
[1616695115.075428, 1616695117.8203266]
[1616695115.1964433, 1616695117.929035]
[1616695115.0419164, 1616695117.707836]
[1616695114.9066744, 1616695117.7114694]
[1616695115.1158628, 1616695117.83381]
[1616695115.246395, 1616695117.976935]
[1616695115.0004337, 1616695117.6739013]
[1616695115.279545, 1616695118.0359123]
[1616695115.320665, 1616695118.1348696]
[1616695115.3532217, 1616695118.1285934]
[1616695115.4371536, 1616695118.1296105]
[1616695115.3268473, 1616695118.089037]
[1616695115.1732016, 1616695117.9009175]
[1616695115.5396478, 1616695118.2210572]
[1616695115.628102, 1616695118.3382363]
[1616695115.5392535, 1616695118.1960423]
[1616695115.5134413, 1616695118.2455552]
[1616695115.5643308, 1616695118.2609851]
[1616695115.88048, 1616695118.5874915]
[1616695115.87634, 1616695118.6164706]
[1616695115.9867249, 1616695118.716544]
[1616695115.954091, 1616695118.6552846]
[1616695116.0286555, 1616695118.7856336]
[1616695116.0061917, 1616695118.724382]
[1616695116.019862, 1616695118.8799982]
[1616695115.9656906, 1616695118.679799]
[1616695116.1837611, 1616695118.8976314]
[1616695116.0440984, 1616695118.7864473]
[1616695116.2183616, 1616695118.9355567]
[1616695116.334331, 1616695119.0624797]
[1616695116.70995, 1616695119.4430232]
[1616695116.57359, 1616695119.3360696]
[1616695116.417263, 1616695119.1186664]
[1616695116.4906132, 1616695119.2638927]
[1616695116.545833, 1616695119.2468739]
[1616695116.779263, 1616695119.5442357]
[1616695116.4548633, 1616695119.1634438]
[1616695116.6443536, 1616695119.3743503]
[1616695116.634077, 1616695119.4135218]
[1616695116.6415021, 1616695119.3582473]
[1616695116.6855893, 1616695119.3721461]
[1616695116.9767876, 1616695119.6838312]
[1616695116.749852, 1616695119.4640996]
[1616695117.0126529, 1616695119.7249048]
[1616695116.9661589, 1616695119.7295346]
[1616695117.0269861, 1616695119.8087673]
[1616695117.051897, 1616695119.7981315]
[1616695117.328938, 1616695120.0015159]
[1616695117.2098274, 1616695119.9173198]
[1616695117.2430806, 1616695120.027249]
[1616695117.3423, 1616695120.029683]
[1616695117.401894, 1616695120.1142375]
[1616695117.4058836, 1616695120.0986967]
[1616695117.2805905, 1616695120.0133953]
[1616695117.6005173, 1616695120.3504832]
[1616695117.5009384, 1616695120.2342076]
[1616695117.475027, 1616695120.1932118]
[1616695117.9464753, 1616695120.6786015]
[1616695117.5935664, 1616695120.356902]
[1616695117.7831306, 1616695120.5496638]
[1616695117.558337, 1616695120.3060455]
[1616695117.6957192, 1616695120.3884056]
[1616695117.8909113, 1616695120.6224608]
[1616695117.8663907, 1616695120.5811296]
[1616695117.9486656, 1616695120.7402072]
[1616695118.0147176, 1616695120.6749783]
[1616695118.154148, 1616695120.970602]
[1616695117.9193656, 1616695120.655661]
[1616695117.9640026, 1616695120.63295]
[1616695117.9870965, 1616695120.7228231]
[1616695118.050022, 1616695120.8344417]
[1616695118.1662154, 1616695120.8678362]
[1616695118.4768043, 1616695121.2118177]
[1616695118.3853645, 1616695121.0792143]
[1616695118.5041115, 1616695121.1667624]
[1616695118.6713066, 1616695121.4348862]
[1616695118.5988612, 1616695121.323548]
[1616695118.4904447, 1616695121.1729517]
[1616695118.35216, 1616695121.0576036]
[1616695118.6623063, 1616695121.358724]
[1616695118.5709484, 1616695121.324507]
[1616695118.6376367, 1616695121.4072096]
[1616695118.7472699, 1616695121.4697742]
[1616695118.7696087, 1616695121.4996161]
[1616695118.9428449, 1616695121.6668715]
[1616695118.9717228, 1616695121.7006311]
[1616695119.20035, 1616695121.940515]
[1616695119.2906177, 1616695121.9941778]
[1616695119.1203806, 1616695121.8342116]
[1616695119.0839858, 1616695121.8160908]
[1616695119.0488458, 1616695121.8652198]
[1616695119.137696, 1616695121.857031]
[1616695119.148521, 1616695121.8873155]
[1616695119.2075922, 1616695121.9191597]
[1616695119.2746215, 1616695122.0320842]
[1616695119.408691, 1616695122.103025]
[1616695119.3343024, 1616695122.0974498]
[1616695119.3830276, 1616695122.1401038]
[1616695119.542351, 1616695122.3292828]
[1616695119.785556, 1616695122.5330393]
[1616695119.6362772, 1616695122.4268703]
[1616695119.5198462, 1616695122.2308874]
[1616695119.533653, 1616695122.2392397]
[1616695119.6722555, 1616695122.3998606]
[1616695119.714575, 1616695122.4252179]
[1616695120.0478966, 1616695122.7439125]
[1616695120.0288672, 1616695122.705942]
[1616695119.902113, 1616695122.6530054]
[1616695120.1111245, 1616695122.7899947]
[1616695120.2927008, 1616695123.0167305]
[1616695120.0184164, 1616695122.7551534]
[1616695120.2454407, 1616695122.9748216]
[1616695120.3968494, 1616695123.0779696]
[1616695120.330927, 1616695123.0425763]
[1616695120.4563053, 1616695123.1879513]
[1616695120.3536687, 1616695123.070627]
[1616695120.4453893, 1616695123.1889918]
[1616695120.5009923, 1616695123.259514]
[1616695120.6242611, 1616695123.3831906]
[1616695120.6322966, 1616695123.3633013]
[1616695120.6076074, 1616695123.30833]
[1616695120.6533594, 1616695123.3533733]
[1616695120.694494, 1616695123.4683917]
[1616695120.6673276, 1616695123.4055862]
[1616695120.9724512, 1616695123.7621586]
[1616695120.9664183, 1616695123.7197769]
[1616695121.0974064, 1616695123.7786536]
[1616695120.9625537, 1616695123.6534362]
[1616695121.2364006, 1616695123.9699478]
[1616695121.1429567, 1616695123.8468754]
[1616695121.271451, 1616695123.9336863]
[1616695121.181565, 1616695123.8722663]
[1616695121.3608537, 1616695124.1037848]
[1616695121.3358111, 1616695124.0965717]
[1616695121.306522, 1616695124.0736392]
[1616695121.3415089, 1616695124.0679245]
[1616695121.5796058, 1616695124.3099174]
[1616695121.5097976, 1616695124.2710228]
[1616695121.6686187, 1616695124.338476]
[1616695121.7916284, 1616695124.504554]
[1616695121.623347, 1616695124.3469944]
[1616695121.7786157, 1616695124.5154743]
[1616695121.666409, 1616695124.3459833]
[1616695121.729805, 1616695124.446713]
[1616695121.6545525, 1616695124.4138806]
[1616695121.7491124, 1616695124.4647038]
[1616695121.765758, 1616695124.4968514]
[1616695122.0191936, 1616695124.7187774]
[1616695122.3479722, 1616695125.0936494]
[1616695122.093685, 1616695124.8768768]
[1616695122.1542504, 1616695124.8914428]
[1616695122.168449, 1616695124.8568704]
[1616695122.214701, 1616695124.944903]
[1616695122.345584, 1616695125.1214368]
[1616695122.3813543, 1616695125.0943954]
[1616695122.5207436, 1616695125.2393699]
[1616695122.436227, 1616695125.2171412]
[1616695122.517249, 1616695125.2357404]
[1616695122.6048563, 1616695125.3718455]
[1616695122.5091367, 1616695125.2515955]
[1616695122.9046633, 1616695125.6357968]
[1616695122.6972547, 1616695125.4672039]
[1616695122.6095703, 1616695125.313957]
[1616695122.9143121, 1616695125.596018]
[1616695122.9436078, 1616695125.6902516]
[1616695122.8059735, 1616695125.491543]
[1616695123.041284, 1616695125.7763963]
[1616695123.0538352, 1616695125.7913663]
[1616695122.9242942, 1616695125.6133096]
[1616695123.011716, 1616695125.746346]
[1616695123.1533847, 1616695125.852918]
[1616695123.2782857, 1616695126.0603602]
[1616695123.2571735, 1616695126.0036557]
[1616695123.433849, 1616695126.1621501]
[1616695123.3189034, 1616695126.0369725]
[1616695123.3040981, 1616695126.0341444]
[1616695123.3168814, 1616695126.0491948]
[1616695123.3493497, 1616695126.0830014]
[1616695123.3934457, 1616695126.2047553]
[1616695123.5532703, 1616695126.2813628]
[1616695123.5914633, 1616695126.343789]
[1616695123.7517786, 1616695126.51123]
[1616695123.7646368, 1616695126.4633505]
[1616695123.9603572, 1616695126.7933304]
[1616695123.660111, 1616695126.3661945]
[1616695124.0539472, 1616695126.771959]
[1616695123.8944917, 1616695126.5760553]
[1616695124.0408926, 1616695126.7440066]
[1616695123.9245882, 1616695126.640365]
[1616695124.0382025, 1616695126.739251]
[1616695123.8539314, 1616695126.558073]
[1616695123.9538867, 1616695126.6191545]
[1616695124.117183, 1616695126.8512845]
[1616695124.231222, 1616695127.106254]
[1616695124.4809813, 1616695127.1924198]
[1616695124.6218414, 1616695127.3400037]
[1616695124.1710951, 1616695126.9267077]
[1616695124.431772, 1616695127.18802]
[1616695124.4058902, 1616695127.1267931]
[1616695124.683777, 1616695127.4110985]
[1616695124.303995, 1616695127.039869]
[1616695124.3439174, 1616695127.0124881]
[1616695124.6709936, 1616695127.3825016]
[1616695124.7162802, 1616695127.4249146]
[1616695124.6783674, 1616695127.3981264]
[1616695124.8099337, 1616695127.5264983]
[1616695124.9101834, 1616695127.6373932]
[1616695124.7943594, 1616695127.5003474]
[1616695124.9358246, 1616695127.6721652]
[1616695124.9215727, 1616695127.6753252]
[1616695125.0695946, 1616695127.8128731]
[1616695124.8668594, 1616695127.5546935]
[1616695124.990659, 1616695127.7195766]
[1616695125.1585295, 1616695127.9201796]
[1616695125.0500216, 1616695127.7983031]
[1616695125.42273, 1616695128.1749926]
[1616695125.2723556, 1616695127.991946]
[1616695125.2854416, 1616695128.0073235]
[1616695125.2379742, 1616695128.0303047]
[1616695125.2688804, 1616695127.9905965]
[1616695125.4444075, 1616695128.158502]
[1616695125.5187125, 1616695128.2161856]
[1616695125.585114, 1616695128.2921305]
[1616695125.582959, 1616695128.321068]
[1616695125.8581567, 1616695128.578856]
[1616695125.6326642, 1616695128.2909925]
[1616695125.7901192, 1616695128.4906573]
[1616695125.8579302, 1616695128.5905297]
[1616695125.8765857, 1616695128.563258]
[1616695125.9534233, 1616695128.6822143]
[1616695125.9604414, 1616695128.6470735]
[1616695125.8999314, 1616695128.6415226]
[1616695126.039986, 1616695128.7817757]
[1616695126.0394192, 1616695128.8007255]
[1616695126.0734918, 1616695128.8330314]
[1616695126.049625, 1616695128.7547157]
[1616695126.057593, 1616695128.7610588]
[1616695126.2844644, 1616695129.0149899]
[1616695126.2752898, 1616695129.0801504]
[1616695126.304817, 1616695129.032273]
[1616695126.4120977, 1616695129.1083455]
[1616695126.411575, 1616695129.1506276]
[1616695126.3698666, 1616695129.1173694]
[1616695126.634908, 1616695129.2981324]
[1616695126.4600482, 1616695129.16968]
[1616695126.4880419, 1616695129.2079926]
[1616695126.5380516, 1616695129.2976487]
[1616695127.0203032, 1616695129.6843617]
[1616695126.9673362, 1616695129.6956]
[1616695126.7060685, 1616695129.3907738]
[1616695126.8637524, 1616695129.5882237]
[1616695126.968593, 1616695129.6716924]
[1616695126.9743223, 1616695129.6686633]
[1616695127.0809162, 1616695129.810582]
[1616695126.9139006, 1616695129.688737]
[1616695127.1087995, 1616695129.8565755]
[1616695126.9670062, 1616695129.686145]
[1616695126.9555836, 1616695129.706724]
[1616695127.0999272, 1616695129.8000076]
[1616695127.3422256, 1616695130.100851]
[1616695127.124169, 1616695129.9169312]
[1616695127.304633, 1616695130.0142205]
[1616695127.4120517, 1616695130.1411283]
[1616695127.4356694, 1616695130.123869]
[1616695127.4968264, 1616695130.1969507]
[1616695127.582239, 1616695130.2764947]
[1616695127.511108, 1616695130.2059276]
[1616695127.6517231, 1616695130.392107]
[1616695128.0745757, 1616695130.7837079]
[1616695127.7665076, 1616695130.5239809]
[1616695127.6738029, 1616695130.3989282]
[1616695127.8909, 1616695130.6240594]
[1616695127.7497215, 1616695130.5213177]
[1616695127.999207, 1616695130.707985]
[1616695128.0505095, 1616695130.826789]
[1616695128.178243, 1616695130.8857608]
[1616695128.1019135, 1616695130.822545]
[1616695128.1321516, 1616695130.8617227]
[1616695127.9773157, 1616695130.7433279]
[1616695128.2926521, 1616695130.9723392]
[1616695128.4518979, 1616695131.1452663]
[1616695128.3828442, 1616695131.0858011]
[1616695128.3718288, 1616695131.1140413]
[1616695128.5155013, 1616695131.2181168]
[1616695128.2151995, 1616695130.961167]
[1616695128.4786825, 1616695131.1944654]
[1616695128.5687914, 1616695131.2554836]
[1616695128.6439848, 1616695131.379541]
[1616695128.7530508, 1616695131.4408772]
[1616695128.6251771, 1616695131.3667908]
[1616695128.7043748, 1616695131.4526737]
[1616695128.8846169, 1616695131.627461]
[1616695128.8956454, 1616695131.637171]
[1616695128.9642413, 1616695131.6784694]
[1616695128.8767126, 1616695131.6361563]
[1616695129.0548596, 1616695131.8037188]
[1616695129.0908618, 1616695131.8573337]
[1616695129.141306, 1616695131.9016757]
[1616695129.1801383, 1616695131.9146934]
[1616695129.159716, 1616695131.910873]
[1616695129.413619, 1616695132.187787]
[1616695129.2272112, 1616695131.9402657]
[1616695129.3988652, 1616695132.0916884]
[1616695129.4928315, 1616695132.203299]
[1616695129.360401, 1616695132.0199697]
[1616695129.4653502, 1616695132.204712]
[1616695129.613011, 1616695132.3357518]
[1616695129.6775916, 1616695132.3897095]
[1616695129.5914578, 1616695132.3476367]
[1616695129.4329944, 1616695132.141815]
[1616695129.713297, 1616695132.477087]
[1616695129.809106, 1616695132.509709]
[1616695129.8149996, 1616695132.5260158]
[1616695129.8496227, 1616695132.572056]
[1616695130.1301403, 1616695132.877893]
[1616695129.9916372, 1616695132.7328815]
[1616695129.9444277, 1616695132.765285]
[1616695130.2298348, 1616695132.93284]
[1616695130.161438, 1616695132.8704376]
[1616695130.3051429, 1616695132.9894187]
[1616695130.2541087, 1616695132.979446]
[1616695130.2372532, 1616695132.9417317]
[1616695130.3892884, 1616695133.0805724]
[1616695130.3362918, 1616695133.1026146]
[1616695130.3389845, 1616695133.0749128]
[1616695130.482376, 1616695133.1712923]
[1616695130.3448887, 1616695133.020357]
[1616695130.4169157, 1616695133.163323]
[1616695130.3344636, 1616695133.0566618]
[1616695130.6109183, 1616695133.386667]
[1616695130.5493655, 1616695133.3374195]
[1616695130.725686, 1616695133.4617515]
[1616695130.9167266, 1616695133.6459103]
[1616695130.6987784, 1616695133.4254048]
[1616695130.4540796, 1616695133.1917386]
[1616695130.6273057, 1616695133.3679626]
[1616695130.6839242, 1616695133.4404414]
[1616695131.0528455, 1616695133.731366]
[1616695130.9382746, 1616695133.6708515]
[1616695131.1782835, 1616695133.8457434]
[1616695131.0320373, 1616695133.76255]
[1616695130.9462526, 1616695133.7158167]
[1616695131.1470952, 1616695133.8565438]
[1616695131.082027, 1616695133.805638]
[1616695131.253778, 1616695133.9907053]
[1616695131.1285954, 1616695133.8805532]
[1616695131.2525592, 1616695133.957193]
[1616695131.356527, 1616695134.0439572]
[1616695131.4185126, 1616695134.141179]
[1616695131.3981915, 1616695134.1216536]
[1616695131.5504518, 1616695134.3626833]
[1616695131.5232546, 1616695134.238751]
[1616695131.5144382, 1616695134.1931336]
[1616695131.500704, 1616695134.227694]
[1616695131.735799, 1616695134.5285268]
[1616695131.7175674, 1616695134.448113]
[1616695131.6906831, 1616695134.3866022]
[1616695131.9090204, 1616695134.637281]
[1616695131.9206805, 1616695134.6563818]
[1616695132.1487136, 1616695134.8496435]
[1616695132.025341, 1616695134.7913315]
[1616695131.9797363, 1616695134.6807394]
[1616695132.0637007, 1616695134.732639]
[1616695132.1052556, 1616695134.7852862]
[1616695132.2980843, 1616695135.008451]
[1616695132.1067622, 1616695134.8810804]
[1616695132.2541487, 1616695134.9696684]
[1616695132.2550712, 1616695135.0047877]
[1616695132.2912292, 1616695135.0403545]
[1616695132.1376047, 1616695134.8650815]
[1616695132.2432654, 1616695135.0074604]
[1616695132.5262744, 1616695135.2304144]
[1616695132.481909, 1616695135.2225478]
[1616695132.5382578, 1616695135.2654154]
[1616695132.726599, 1616695135.4494722]
[1616695132.723607, 1616695135.461046]
[1616695132.448164, 1616695135.1858168]
[1616695132.6336415, 1616695135.3596802]
[1616695132.829392, 1616695135.571451]
[1616695132.833353, 1616695135.5251184]
[1616695132.8280358, 1616695135.5884476]
[1616695132.9204502, 1616695135.6847627]
[1616695132.895278, 1616695135.6412835]
[1616695132.9844124, 1616695135.7006721]
[1616695132.8503594, 1616695135.5673826]
[1616695132.917115, 1616695135.6200993]
[1616695133.133471, 1616695135.9054756]
[1616695133.0157287, 1616695135.6706257]
[1616695133.1394417, 1616695135.8407135]
[1616695133.2640624, 1616695135.9859548]
[1616695133.4389458, 1616695136.1615574]
[1616695133.3180628, 1616695136.0033872]
[1616695133.4009328, 1616695136.147209]
[1616695133.336359, 1616695136.0682518]
[1616695133.5377123, 1616695136.2907383]
[1616695133.4308472, 1616695136.15468]
[1616695133.387907, 1616695136.1153433]
[1616695133.45994, 1616695136.1810603]
[1616695133.4481604, 1616695136.1528783]
[1616695133.42076, 1616695136.1786394]
[1616695133.6298242, 1616695136.3032308]
[1616695133.7032592, 1616695136.4045138]
[1616695133.6505089, 1616695136.3752687]
[1616695133.6952493, 1616695136.4165533]
[1616695133.8334086, 1616695136.561899]
[1616695133.7761, 1616695136.504559]
[1616695133.8851428, 1616695136.592524]
[1616695133.6772146, 1616695136.4104638]
[1616695133.889408, 1616695136.6300428]
[1616695133.797687, 1616695136.4713454]
[1616695134.0079, 1616695136.7183502]
[1616695133.9183679, 1616695136.5986729]
[1616695133.9772217, 1616695136.6960042]
[1616695134.091029, 1616695136.7735696]
[1616695134.1888342, 1616695136.9681702]
[1616695134.1471612, 1616695136.91551]
[1616695134.339092, 1616695137.0726085]
[1616695134.1688027, 1616695136.8926044]
[1616695134.1364543, 1616695136.8915935]
[1616695134.384759, 1616695137.0819685]
[1616695134.3686118, 1616695137.2008421]
[1616695134.3477464, 1616695137.0777988]
[1616695134.5602965, 1616695137.3279426]
[1616695134.4043968, 1616695137.12658]
[1616695134.4505348, 1616695137.094414]
[1616695134.6576679, 1616695137.3859541]
[1616695134.5962882, 1616695137.3437316]
[1616695134.6364474, 1616695137.3656716]
[1616695134.687406, 1616695137.3886948]
[1616695134.7051392, 1616695137.4475105]
[1616695134.7226458, 1616695137.4305398]
[1616695134.783991, 1616695137.4487941]
[1616695134.6598563, 1616695137.3653376]
[1616695134.8258827, 1616695137.5300837]
[1616695134.856694, 1616695137.575374]
[1616695134.8430912, 1616695137.550323]
[1616695134.9005687, 1616695137.7040455]
[1616695134.884802, 1616695137.6187582]
[1616695134.807749, 1616695137.5967772]
[1616695134.9490175, 1616695137.6419713]
[1616695134.9100168, 1616695137.6111844]
[1616695135.1406302, 1616695137.8772159]
[1616695135.065426, 1616695137.8061426]
[1616695135.0178986, 1616695137.7262897]
[1616695135.1630373, 1616695137.8660786]
[1616695135.1817183, 1616695137.9060497]
[1616695135.173443, 1616695137.911706]
[1616695135.162044, 1616695137.908731]
[1616695135.2272668, 1616695137.9761524]
[1616695135.272312, 1616695137.9954457]
[1616695135.27158, 1616695137.9813855]
[1616695135.2374406, 1616695137.937785]
[1616695135.4944315, 1616695138.2474003]
[1616695135.3602488, 1616695138.0858774]
[1616695135.547115, 1616695138.2203345]
[1616695135.4100907, 1616695138.1615205]
[1616695135.439794, 1616695138.1527328]
[1616695135.5324478, 1616695138.2417257]
[1616695135.585369, 1616695138.3335447]
[1616695135.4499147, 1616695138.1495347]
[1616695135.5627334, 1616695138.2997978]
[1616695135.498101, 1616695138.2217646]
[1616695135.677653, 1616695138.345609]
[1616695135.5436823, 1616695138.2713206]
[1616695135.557083, 1616695138.306201]
[1616695135.6080258, 1616695138.3727088]
[1616695135.6940532, 1616695138.4811575]
[1616695135.7554724, 1616695138.4844663]
[1616695135.638718, 1616695138.3325057]
[1616695135.78145, 1616695138.4825737]
[1616695135.7695749, 1616695138.5186777]
[1616695135.7902567, 1616695138.4625947]
[1616695135.8564734, 1616695138.5535066]
[1616695135.9699297, 1616695138.6863165]
[1616695135.784927, 1616695138.4884596]
[1616695135.9239235, 1616695138.633657]
[1616695135.9538703, 1616695138.6739757]
[1616695135.9149127, 1616695138.7434452]
[1616695135.921566, 1616695138.6391447]
[1616695136.0582151, 1616695138.7842]
[1616695136.0440688, 1616695138.7894325]
[1616695135.925123, 1616695138.6357949]
[1616695136.0331252, 1616695138.7611485]
[1616695135.8339412, 1616695138.5409567]
[1616695136.0307846, 1616695138.7200623]
[1616695136.1313121, 1616695138.8706965]
[1616695136.0758889, 1616695138.8284924]
[1616695136.1456254, 1616695138.8737829]
[1616695136.3604753, 1616695139.0981548]
[1616695136.0940735, 1616695138.8407137]
[1616695136.2189205, 1616695138.965995]
[1616695136.1804187, 1616695138.8995268]
[1616695136.2521713, 1616695139.0118313]
[1616695136.3332286, 1616695139.0543652]
[1616695136.3323574, 1616695139.0147069]
[1616695136.3912966, 1616695139.1095273]
[1616695136.39183, 1616695139.1242912]
[1616695136.393597, 1616695139.0786982]
[1616695136.3897984, 1616695139.0916228]
[1616695136.4041042, 1616695139.1293647]
[1616695136.358935, 1616695139.0837512]
[1616695136.5164433, 1616695139.2557545]
[1616695136.4256327, 1616695139.153324]
[1616695136.4079459, 1616695139.1036122]
[1616695136.425774, 1616695139.1334567]
[1616695136.3603973, 1616695139.0658898]
[1616695136.3627155, 1616695139.0879333]
[1616695136.3859243, 1616695139.0930274]
[1616695136.474238, 1616695139.1979198]
[1616695136.4870641, 1616695139.2045758]
[1616695136.5516813, 1616695139.2596653]
[1616695136.4830058, 1616695139.1595087]
[1616695136.5953758, 1616695139.3416255]
[1616695136.6981623, 1616695139.4295907]
[1616695136.5547273, 1616695139.2868268]
[1616695136.4442244, 1616695139.1512043]
[1616695136.5376596, 1616695139.3042617]
[1616695136.656852, 1616695139.3370812]
[1616695136.877617, 1616695139.5883026]
[1616695136.8340485, 1616695139.5557995]
[1616695136.66437, 1616695139.3790855]
[1616695136.6424794, 1616695139.3782308]
[1616695136.7138767, 1616695139.432037]
[1616695136.762579, 1616695139.4659965]
[1616695136.8453898, 1616695139.559195]
[1616695136.8407164, 1616695139.5810678]
[1616695136.897468, 1616695139.6224313]
[1616695136.960978, 1616695139.6943326]
[1616695136.9395635, 1616695139.7177362]
[1616695136.9052098, 1616695139.6189022]
[1616695136.9198508, 1616695139.6472042]
[1616695136.8184323, 1616695139.500475]
[1616695136.9715753, 1616695139.6926544]
[1616695136.9481497, 1616695139.6867921]
[1616695137.0538137, 1616695139.785839]
[1616695137.1428876, 1616695139.850488]
[1616695136.674858, 1616695139.3909638]
[1616695137.0964022, 1616695139.7868178]
[1616695136.7414336, 1616695139.4711459]
[1616695137.0160482, 1616695139.7386832]
[1616695137.1059182, 1616695139.8342357]
[1616695137.012141, 1616695139.8070343]
[1616695137.1237762, 1616695139.8198588]
[1616695137.1062987, 1616695139.834627]
[1616695137.0361848, 1616695139.7863154]
[1616695136.8267882, 1616695139.5524554]
[1616695137.1242917, 1616695139.8466573]
[1616695137.166827, 1616695139.8971825]
[1616695137.0223374, 1616695139.7542171]
[1616695137.0296912, 1616695139.7363222]
[1616695137.0226452, 1616695139.735304]
[1616695137.1190763, 1616695139.869961]
[1616695137.1180766, 1616695139.8734057]
[1616695136.8497846, 1616695139.5768955]
[1616695137.0218327, 1616695139.7454703]
[1616695137.1920266, 1616695139.9147508]
[1616695137.13762, 1616695139.8488014]
[1616695137.1579518, 1616695139.863065]
[1616695137.2091167, 1616695139.996899]
[1616695136.9497223, 1616695139.7208688]
[1616695137.2090473, 1616695139.9758983]
[1616695137.1630704, 1616695139.9110465]
[1616695137.2068806, 1616695139.9308598]
[1616695137.1603549, 1616695139.890513]
[1616695137.0464268, 1616695139.7551694]
[1616695137.2350733, 1616695139.9629424]
[1616695137.123832, 1616695139.8943985]
[1616695137.2411253, 1616695139.9615412]
[1616695136.7784424, 1616695139.4936533]
[1616695137.2518988, 1616695139.9741383]
[1616695137.241714, 1616695139.991068]
[1616695137.1781924, 1616695139.9065292]
[1616695137.2602365, 1616695140.0110786]
[1616695137.2489731, 1616695140.0045977]
[1616695137.2356553, 1616695139.957245]
[1616695137.2465184, 1616695139.9401536]
[1616695137.0599253, 1616695139.7742856]
[1616695137.1817765, 1616695139.9154441]
[1616695137.2811418, 1616695140.0079162]
[1616695136.7771962, 1616695139.4757981]
[1616695137.2895536, 1616695140.0301306]
[1616695137.266053, 1616695139.9730394]
[1616695137.2445536, 1616695139.986391]
[1616695137.102423, 1616695139.7903879]
[1616695137.281556, 1616695140.0457315]
[1616695137.29218, 1616695139.986442]
[1616695137.0691028, 1616695139.8126905]
[1616695137.2026203, 1616695139.931871]
[1616695137.1936665, 1616695139.9249554]
[1616695137.209419, 1616695139.9404132]
