[1616694956.79666, 1616694959.5266657]
[1616694957.3416803, 1616694960.0412045]
[1616694956.8120778, 1616694959.5591567]
[1616694957.3301673, 1616694960.0408337]
[1616694957.0297108, 1616694959.7785301]
[1616694957.3632927, 1616694960.064711]
[1616694957.305476, 1616694960.012352]
[1616694956.778329, 1616694959.527433]
[1616694956.678804, 1616694959.4756172]
[1616694957.366803, 1616694960.1018846]
[1616694956.8873518, 1616694959.6073906]
[1616694957.3045416, 1616694960.0330763]
[1616694957.3673291, 1616694960.0838041]
[1616694957.1971898, 1616694959.9005847]
[1616694957.3627257, 1616694960.1130774]
[1616694956.7756865, 1616694959.5598328]
[1616694957.2864149, 1616694960.0138884]
[1616694957.1316814, 1616694959.8448548]
[1616694957.2343469, 1616694959.9707427]
[1616694957.3294942, 1616694960.0763977]
[1616694957.310886, 1616694960.0553184]
[1616694957.4629798, 1616694960.1393557]
[1616694957.7107275, 1616694960.432589]
[1616694957.6054087, 1616694960.3329484]
[1616694957.44921, 1616694960.176168]
[1616694958.1051161, 1616694960.7950509]
[1616694957.9988537, 1616694960.7446222]
[1616694958.2885392, 1616694961.0205874]
[1616694958.24993, 1616694961.0383677]
[1616694958.2488387, 1616694960.969165]
[1616694958.097463, 1616694960.7934172]
[1616694957.8328476, 1616694960.5925496]
[1616694958.389227, 1616694961.09738]
[1616694958.3974032, 1616694961.1469646]
[1616694958.5078597, 1616694961.1994615]
[1616694958.4589367, 1616694961.1881716]
[1616694958.2333422, 1616694960.9398553]
[1616694958.5844703, 1616694961.2940755]
[1616694958.6605809, 1616694961.387734]
[1616694958.9294822, 1616694961.6261346]
[1616694958.9340858, 1616694961.5969965]
[1616694959.0415874, 1616694961.7293067]
[1616694959.1363983, 1616694961.863662]
[1616694959.3042703, 1616694962.026678]
[1616694959.506219, 1616694962.2420595]
[1616694959.156473, 1616694961.8733897]
[1616694959.8895302, 1616694962.617785]
[1616694959.9084105, 1616694962.6071696]
[1616694959.6430116, 1616694962.363869]
[1616694959.7765954, 1616694962.5236404]
[1616694959.7788978, 1616694962.5309477]
[1616694960.089004, 1616694962.8091109]
[1616694960.1532204, 1616694962.8522282]
[1616694960.325754, 1616694963.1011643]
[1616694960.088759, 1616694962.8556247]
[1616694960.282238, 1616694963.0382218]
[1616694960.4730563, 1616694963.1838198]
[1616694960.2418928, 1616694962.9895926]
[1616694960.363922, 1616694963.0940933]
[1616694960.5922287, 1616694963.2859087]
[1616694960.882632, 1616694963.5743406]
[1616694960.6906512, 1616694963.3832521]
[1616694960.6916373, 1616694963.4321015]
[1616694960.760621, 1616694963.4950163]
[1616694960.6226056, 1616694963.3749394]
[1616694960.9689126, 1616694963.6870043]
[1616694961.139289, 1616694963.8530622]
[1616694961.066598, 1616694963.8106627]
[1616694961.2633243, 1616694964.0220618]
[1616694961.4251847, 1616694964.147242]
[1616694961.228135, 1616694963.967245]
[1616694961.513656, 1616694964.2319632]
[1616694961.5032034, 1616694964.238852]
[1616694961.3727171, 1616694964.0949004]
[1616694961.262748, 1616694963.9965289]
[1616694961.7439394, 1616694964.443246]
[1616694961.6492062, 1616694964.3298671]
[1616694961.5754519, 1616694964.2804186]
[1616694961.8330266, 1616694964.5627146]
[1616694961.7615843, 1616694964.4245417]
[1616694962.0140328, 1616694964.726076]
[1616694962.0306907, 1616694964.7642984]
[1616694962.0856729, 1616694964.7974253]
[1616694962.2150903, 1616694964.9401598]
[1616694962.2862668, 1616694965.0198586]
[1616694962.3059795, 1616694965.0313892]
[1616694962.4329593, 1616694965.1471004]
[1616694962.4759972, 1616694965.1792758]
[1616694962.517986, 1616694965.2438943]
[1616694962.5414145, 1616694965.2852986]
[1616694962.767971, 1616694965.4812474]
[1616694962.8320947, 1616694965.545224]
[1616694962.690737, 1616694965.397397]
[1616694962.7702954, 1616694965.5242977]
[1616694962.9015992, 1616694965.6387372]
[1616694963.0341003, 1616694965.7691967]
[1616694963.1890512, 1616694965.9325414]
[1616694963.2619123, 1616694965.9950137]
[1616694963.312053, 1616694965.9844897]
[1616694963.319149, 1616694966.025759]
[1616694963.7105088, 1616694966.4038856]
[1616694963.634695, 1616694966.363783]
[1616694963.584628, 1616694966.2692451]
[1616694963.2207108, 1616694965.9320996]
[1616694963.683035, 1616694966.407856]
[1616694963.3794088, 1616694966.0416145]
[1616694963.9961963, 1616694966.7075484]
[1616694963.6946278, 1616694966.399855]
[1616694964.1957257, 1616694966.956533]
[1616694964.1717908, 1616694966.894779]
[1616694964.1299367, 1616694966.846575]
[1616694964.3660119, 1616694967.0687995]
[1616694964.2418969, 1616694966.965183]
[1616694964.3389962, 1616694967.0139234]
[1616694964.5174692, 1616694967.1800518]
[1616694964.6399424, 1616694967.350887]
[1616694964.4793735, 1616694967.2110105]
[1616694964.5413291, 1616694967.287841]
[1616694964.6208827, 1616694967.3669467]
[1616694964.8425238, 1616694967.5775962]
[1616694964.6092496, 1616694967.3399284]
[1616694964.764682, 1616694967.4893942]
[1616694964.8801854, 1616694967.6094518]
[1616694964.7140584, 1616694967.4528422]
[1616694965.0854332, 1616694967.8001306]
[1616694965.1148999, 1616694967.8418415]
[1616694965.2909465, 1616694968.0525434]
[1616694965.0273802, 1616694967.9660654]
[1616694965.2448678, 1616694968.010592]
[1616694965.1925428, 1616694967.8992634]
[1616694965.1676528, 1616694967.9031997]
[1616694965.4814901, 1616694968.229367]
[1616694965.243796, 1616694967.9996176]
[1616694965.430767, 1616694968.139773]
[1616694965.3945155, 1616694968.1467056]
[1616694965.4396164, 1616694968.1612017]
[1616694965.8289132, 1616694968.5307388]
[1616694965.5329666, 1616694968.3185759]
[1616694965.5931349, 1616694968.3094847]
[1616694965.8078592, 1616694968.559004]
[1616694966.0492327, 1616694968.7119534]
[1616694966.0518801, 1616694968.7518048]
[1616694965.8072178, 1616694968.5352428]
[1616694966.2351053, 1616694968.9632015]
[1616694965.9481945, 1616694968.6557863]
[1616694966.181924, 1616694968.909422]
[1616694966.2890632, 1616694968.9907293]
[1616694966.2333598, 1616694968.9312804]
[1616694966.2552984, 1616694968.973513]
[1616694966.4010003, 1616694969.0528326]
[1616694966.3832796, 1616694969.125762]
[1616694966.547502, 1616694969.2460535]
[1616694966.472394, 1616694969.236741]
[1616694966.6043527, 1616694969.3150194]
[1616694966.7841127, 1616694969.4979265]
[1616694966.6373181, 1616694969.3153183]
[1616694966.8297832, 1616694969.5013304]
[1616694966.8958645, 1616694969.6259918]
[1616694967.0274699, 1616694969.700426]
[1616694967.0551796, 1616694969.8052514]
[1616694966.9802368, 1616694969.6993403]
[1616694967.1143003, 1616694969.819595]
[1616694967.2658527, 1616694969.9772139]
[1616694967.3305938, 1616694970.0735729]
[1616694967.2921693, 1616694969.9619658]
[1616694967.2948563, 1616694970.041062]
[1616694967.3517172, 1616694970.0635095]
[1616694967.7273803, 1616694970.4418948]
[1616694967.3441544, 1616694970.0465658]
[1616694967.6041763, 1616694970.337652]
[1616694967.6358006, 1616694970.378583]
[1616694967.577059, 1616694970.290316]
[1616694967.4369621, 1616694970.1634195]
[1616694967.589377, 1616694970.3050742]
[1616694967.735783, 1616694970.4652638]
[1616694967.872362, 1616694970.5949037]
[1616694967.8397946, 1616694970.5690377]
[1616694967.9897656, 1616694970.740079]
[1616694967.9202473, 1616694970.6369643]
[1616694968.138357, 1616694970.9274108]
[1616694968.0725474, 1616694970.8488708]
[1616694968.0822709, 1616694970.8328354]
[1616694967.943834, 1616694970.6577456]
[1616694968.21378, 1616694970.9456608]
[1616694968.0374165, 1616694970.7970257]
[1616694968.1782272, 1616694970.91763]
[1616694968.2333033, 1616694970.9678543]
[1616694968.4524906, 1616694971.161189]
[1616694968.4152908, 1616694971.175378]
[1616694968.5011482, 1616694971.267636]
[1616694968.5271337, 1616694971.2125576]
[1616694968.5925167, 1616694971.328564]
[1616694968.5574412, 1616694971.3057897]
[1616694968.7922997, 1616694971.5075302]
[1616694968.6276007, 1616694971.321644]
[1616694968.710708, 1616694971.416008]
[1616694968.8406491, 1616694971.5519416]
[1616694968.7332861, 1616694971.401868]
[1616694969.2001138, 1616694971.9374392]
[1616694968.9734447, 1616694971.69862]
[1616694969.1144145, 1616694971.8099442]
[1616694969.1421616, 1616694971.8707597]
[1616694969.1923351, 1616694971.8768468]
[1616694969.2465754, 1616694972.0098166]
[1616694969.1798496, 1616694971.8981738]
[1616694969.112961, 1616694971.7794645]
[1616694969.2372398, 1616694971.9730108]
[1616694969.2856839, 1616694971.977964]
[1616694969.3510368, 1616694972.05763]
[1616694969.3683567, 1616694972.1011515]
[1616694969.5171869, 1616694972.204579]
[1616694969.5278218, 1616694972.2472072]
[1616694969.4515948, 1616694972.202016]
[1616694969.575846, 1616694972.315535]
[1616694969.681875, 1616694972.3861449]
[1616694969.6958299, 1616694972.4035246]
[1616694969.5860355, 1616694972.3294082]
[1616694969.6438444, 1616694972.3577495]
[1616694969.7882473, 1616694972.5039022]
[1616694969.7618787, 1616694972.4820526]
[1616694969.883472, 1616694972.600809]
[1616694969.8911247, 1616694972.579889]
[1616694969.8580468, 1616694972.5965405]
[1616694969.9119847, 1616694972.625906]
[1616694969.852141, 1616694972.5622115]
[1616694970.2325406, 1616694972.956454]
[1616694970.1907933, 1616694972.940498]
[1616694970.1802835, 1616694972.9112935]
[1616694970.1209903, 1616694972.859343]
[1616694970.5391216, 1616694973.2565782]
[1616694970.457922, 1616694973.1742382]
[1616694970.5338724, 1616694973.2961822]
[1616694970.5068474, 1616694973.2415047]
[1616694970.7092047, 1616694973.4326627]
[1616694970.5770855, 1616694973.3110487]
[1616694970.5281513, 1616694973.2820399]
[1616694970.6581392, 1616694973.3700674]
[1616694970.6733801, 1616694973.3808482]
[1616694971.007205, 1616694973.7191663]
[1616694971.0145783, 1616694973.7644699]
[1616694971.048402, 1616694973.8018312]
[1616694971.016852, 1616694973.7694874]
[1616694971.0286386, 1616694973.741625]
[1616694971.091616, 1616694973.837087]
[1616694971.2538452, 1616694974.0039675]
[1616694971.0977051, 1616694973.8423495]
[1616694971.2202601, 1616694973.8961437]
[1616694971.2747052, 1616694974.0446572]
[1616694971.4478333, 1616694974.160951]
[1616694971.3809392, 1616694974.1058476]
[1616694971.398075, 1616694974.120136]
[1616694971.5776477, 1616694974.269171]
[1616694971.5027218, 1616694974.1712537]
[1616694971.5122476, 1616694974.260576]
[1616694971.653983, 1616694974.362683]
[1616694971.5464187, 1616694974.2524424]
[1616694971.6349976, 1616694974.3420458]
[1616694971.6473808, 1616694974.4044385]
[1616694971.723179, 1616694974.476746]
[1616694971.864238, 1616694974.5542808]
[1616694971.7693667, 1616694974.5097785]
[1616694971.8179274, 1616694974.5095508]
[1616694972.0937748, 1616694974.7697031]
[1616694972.100279, 1616694974.846389]
[1616694972.189138, 1616694974.8980923]
[1616694971.9451096, 1616694974.6671956]
[1616694972.2399828, 1616694974.916215]
[1616694972.380903, 1616694975.1174846]
[1616694972.3228736, 1616694975.0554647]
[1616694972.366193, 1616694975.0835915]
[1616694972.4995167, 1616694975.1873438]
[1616694972.5914583, 1616694975.2888267]
[1616694972.447632, 1616694975.159736]
[1616694972.6650891, 1616694975.375743]
[1616694972.55998, 1616694975.2757542]
[1616694972.7510824, 1616694975.4526503]
[1616694972.7245862, 1616694975.4695675]
[1616694972.6295745, 1616694975.3473086]
[1616694972.7923446, 1616694975.5028367]
[1616694972.8573365, 1616694975.5588763]
[1616694972.9364586, 1616694975.6690996]
[1616694972.9542363, 1616694975.68032]
[1616694972.8713748, 1616694975.5958838]
[1616694973.0353608, 1616694975.7029452]
[1616694973.0173597, 1616694975.809016]
[1616694973.1557565, 1616694975.8689656]
[1616694973.0856018, 1616694975.8112118]
[1616694973.0030386, 1616694975.6974711]
[1616694973.4731863, 1616694976.2046247]
[1616694973.3739145, 1616694976.135402]
[1616694973.465618, 1616694976.1821594]
[1616694973.4044518, 1616694976.126622]
[1616694973.4036756, 1616694976.1166108]
[1616694973.570097, 1616694976.2994037]
[1616694973.3505044, 1616694976.1078193]
[1616694973.5146618, 1616694976.2150156]
[1616694973.5742745, 1616694976.2854116]
[1616694973.688769, 1616694976.3960497]
[1616694973.6600602, 1616694976.3754723]
[1616694973.7874644, 1616694976.5374265]
[1616694973.690156, 1616694976.388072]
[1616694973.856468, 1616694976.5967395]
[1616694973.7488668, 1616694976.4638026]
[1616694973.9772184, 1616694976.641385]
[1616694973.791364, 1616694976.53642]
[1616694973.8092935, 1616694976.530858]
[1616694974.0161915, 1616694976.7679925]
[1616694973.9968677, 1616694976.73689]
[1616694974.1215684, 1616694977.1699984]
[1616694974.0953155, 1616694976.768131]
[1616694974.0549138, 1616694976.8481698]
[1616694974.0577314, 1616694976.8013773]
[1616694974.148321, 1616694976.8413367]
[1616694974.3998406, 1616694977.0772939]
[1616694974.1924276, 1616694976.8645725]
[1616694974.437571, 1616694977.178845]
[1616694974.3966112, 1616694977.1039865]
[1616694974.4018092, 1616694977.109774]
[1616694974.5459173, 1616694977.236508]
[1616694974.4453623, 1616694977.1695647]
[1616694974.5450535, 1616694977.3201993]
[1616694974.5834024, 1616694977.2475216]
[1616694974.628599, 1616694977.3690042]
[1616694974.7002761, 1616694977.4132338]
[1616694974.661199, 1616694977.3579793]
[1616694974.6824892, 1616694977.4086723]
[1616694974.7164674, 1616694977.455682]
[1616694974.7960594, 1616694977.5344317]
[1616694974.7920334, 1616694977.6931894]
[1616694974.8470225, 1616694977.602345]
[1616694974.8942068, 1616694977.6472793]
[1616694975.0011718, 1616694977.6711867]
[1616694974.7901628, 1616694977.4977462]
[1616694974.8482635, 1616694977.5897412]
[1616694975.1082225, 1616694977.8269606]
[1616694975.0191185, 1616694977.731923]
[1616694975.2047243, 1616694977.873526]
[1616694975.0555437, 1616694977.7944183]
[1616694975.1653595, 1616694977.861445]
[1616694975.27762, 1616694978.022791]
[1616694975.267481, 1616694978.0239403]
[1616694975.1861281, 1616694977.9183552]
[1616694975.39447, 1616694978.102396]
[1616694975.2764177, 1616694977.9615583]
[1616694975.3263817, 1616694978.0173717]
[1616694975.280759, 1616694977.9989872]
[1616694975.4006252, 1616694978.1147745]
[1616694975.4354258, 1616694978.2059731]
[1616694975.3713462, 1616694978.079745]
[1616694975.4957798, 1616694978.2491786]
[1616694975.619083, 1616694978.3364441]
[1616694975.5212088, 1616694978.2385108]
[1616694975.5880833, 1616694978.294541]
[1616694975.7342026, 1616694978.434246]
[1616694975.525101, 1616694978.21975]
[1616694975.6739326, 1616694978.4102523]
[1616694975.6600015, 1616694978.3879545]
[1616694975.6844506, 1616694978.4314559]
[1616694975.683021, 1616694978.4171302]
[1616694975.8385475, 1616694978.5941114]
[1616694975.8629065, 1616694978.555253]
[1616694975.8450406, 1616694978.591835]
[1616694975.936223, 1616694978.6758502]
[1616694976.003906, 1616694978.7316158]
[1616694975.9159088, 1616694978.6297278]
[1616694976.0346394, 1616694978.7787051]
[1616694976.0910535, 1616694978.861995]
[1616694975.8642197, 1616694978.5902395]
[1616694976.113247, 1616694978.8204665]
[1616694976.0419445, 1616694978.8048594]
[1616694976.1450548, 1616694978.8699827]
[1616694976.2174683, 1616694978.9708807]
[1616694976.0890808, 1616694978.7783206]
[1616694976.1645591, 1616694978.8768222]
[1616694976.224568, 1616694978.9310894]
[1616694976.175276, 1616694978.8875241]
[1616694976.2771013, 1616694979.027331]
[1616694976.345402, 1616694979.10046]
[1616694976.2442443, 1616694978.967037]
[1616694976.2924407, 1616694978.9785569]
[1616694976.3263552, 1616694979.062843]
[1616694976.4651115, 1616694979.1414826]
[1616694976.4297867, 1616694979.1851778]
[1616694976.447126, 1616694979.2122195]
[1616694976.5417805, 1616694979.2833228]
[1616694976.5839832, 1616694979.3171816]
[1616694976.6184936, 1616694979.3401496]
[1616694976.5579746, 1616694979.3169186]
[1616694976.6430647, 1616694979.38728]
[1616694976.6172693, 1616694979.3631036]
[1616694976.7757485, 1616694979.5184135]
[1616694976.7563832, 1616694979.5416505]
[1616694976.7601333, 1616694979.4524524]
[1616694976.7107828, 1616694979.3736362]
[1616694976.715558, 1616694979.4582849]
[1616694976.7543213, 1616694979.5041392]
[1616694976.806242, 1616694979.576052]
[1616694976.8815832, 1616694979.586939]
[1616694976.8367083, 1616694979.5486207]
[1616694976.8744373, 1616694979.5594916]
[1616694976.7654474, 1616694979.4684675]
[1616694976.9317799, 1616694979.696544]
[1616694976.8047068, 1616694979.4809961]
[1616694976.8325846, 1616694979.6018014]
[1616694976.9761677, 1616694979.6865783]
[1616694976.8564808, 1616694979.6107852]
[1616694976.9475598, 1616694979.6721756]
[1616694976.8982384, 1616694979.5958238]
[1616694977.0333633, 1616694979.7316864]
[1616694977.033691, 1616694979.7754393]
[1616694977.143785, 1616694979.9776745]
[1616694977.1291912, 1616694979.8428385]
[1616694977.097255, 1616694979.8190477]
[1616694976.9701355, 1616694979.6973171]
[1616694977.13316, 1616694979.8491015]
[1616694977.058447, 1616694979.7712376]
[1616694977.0117712, 1616694979.734094]
[1616694977.0886889, 1616694979.769137]
[1616694977.1706588, 1616694979.8821182]
[1616694977.0766861, 1616694979.7957826]
[1616694977.2863514, 1616694979.9707]
[1616694977.3341715, 1616694980.0995762]
[1616694977.2627065, 1616694979.9317043]
[1616694977.2126257, 1616694980.0629299]
[1616694977.3628724, 1616694980.1275396]
[1616694977.3550222, 1616694980.0870848]
[1616694977.199547, 1616694980.115704]
[1616694977.324903, 1616694980.036529]
[1616694977.3395827, 1616694980.0461483]
[1616694977.3218656, 1616694980.0592742]
[1616694977.3433275, 1616694980.0995865]
[1616694977.5523064, 1616694980.2866838]
[1616694977.4850485, 1616694980.1994433]
[1616694977.3372426, 1616694980.1084325]
[1616694977.4410357, 1616694980.1662035]
[1616694977.4884164, 1616694980.21648]
[1616694977.3743138, 1616694980.0982945]
[1616694977.5936375, 1616694980.315042]
[1616694977.3803425, 1616694980.091131]
[1616694977.5916717, 1616694980.3457386]
[1616694977.6323316, 1616694980.334324]
[1616694977.593295, 1616694980.3452125]
[1616694977.5583634, 1616694980.28423]
[1616694977.6253037, 1616694980.3534236]
[1616694977.4934807, 1616694980.21711]
[1616694977.696765, 1616694980.4334023]
[1616694977.7334597, 1616694980.4813104]
[1616694977.4500375, 1616694980.1875925]
[1616694977.6167817, 1616694980.355741]
[1616694977.6154034, 1616694980.3592846]
[1616694977.671881, 1616694980.3985293]
[1616694977.449662, 1616694980.196031]
[1616694977.5029852, 1616694980.2509801]
[1616694977.4750094, 1616694980.2250423]
[1616694977.7370026, 1616694980.4576569]
[1616694977.694776, 1616694980.3612218]
[1616694977.8043106, 1616694980.5407052]
[1616694977.4403079, 1616694980.1469243]
[1616694977.7731826, 1616694980.4997625]
[1616694977.5795777, 1616694980.28174]
[1616694977.6282642, 1616694980.3595283]
[1616694977.5275393, 1616694980.2415233]
[1616694977.5735452, 1616694980.2795901]
[1616694977.6230145, 1616694980.3525133]
[1616694977.5791457, 1616694980.2940278]
[1616694977.752529, 1616694980.4573298]
[1616694977.8405712, 1616694980.5476377]
[1616694977.8318923, 1616694980.5576227]
[1616694977.6686294, 1616694980.388399]
[1616694977.7252529, 1616694980.4686446]
[1616694977.7566032, 1616694980.4748688]
[1616694977.8481824, 1616694980.6031787]
[1616694977.847429, 1616694980.5490317]
[1616694977.6199474, 1616694980.3433287]
[1616694977.8644607, 1616694980.5536065]
[1616694977.7943933, 1616694980.4985826]
[1616694977.8700979, 1616694980.5922642]
[1616694977.8148673, 1616694980.5561604]
[1616694977.822091, 1616694980.5380993]
[1616694977.8281236, 1616694980.5554652]
[1616694977.7745695, 1616694980.4922624]
[1616694977.9113762, 1616694980.658197]
[1616694977.8828707, 1616694980.5994775]
[1616694977.7737842, 1616694980.531285]
[1616694977.8363295, 1616694980.5452204]
[1616694977.7976596, 1616694980.5248456]
[1616694977.6966796, 1616694980.417149]
[1616694977.8745844, 1616694980.6364918]
[1616694977.8789358, 1616694980.5831788]
[1616694977.878924, 1616694980.572005]
[1616694977.8695838, 1616694980.5986803]
[1616694977.9116485, 1616694980.6118684]
[1616694977.9035635, 1616694980.6289375]
[1616694977.8658628, 1616694980.6175408]
[1616694977.879069, 1616694980.618735]
[1616694977.8772829, 1616694980.6675107]
[1616694977.8966298, 1616694980.6274896]
[1616694977.8948185, 1616694980.6436663]
[1616694977.6549644, 1616694980.416053]
[1616694977.9258447, 1616694980.659536]
