[1616953078.3334906, 1616953097.3731942]
[1616953077.8253026, 1616953098.770218]
[1616953077.6170793, 1616953098.6651]
[1616953078.352037, 1616953099.7982647]
[1616953078.0548894, 1616953098.2441542]
[1616953077.7361336, 1616953091.170053]
[1616953077.9208927, 1616953099.048279]
[1616953078.4391806, 1616953097.8553147]
[1616953078.0862827, 1616953092.2476268]
[1616953077.7683463, 1616953099.571709]
[1616953078.2233737, 1616953088.0847805]
[1616953077.874805, 1616953092.6172931]
[1616953078.431632, 1616953101.9195957]
[1616953078.2989137, 1616953095.6776156]
[1616953078.117617, 1616953089.816002]
[1616953078.3993688, 1616953098.2530587]
[1616953078.3687115, 1616953098.1646461]
[1616953077.9026647, 1616953100.7798696]
[1616953078.3887513, 1616953099.3803859]
[1616953078.388103, 1616953097.3121345]
[1616953078.5299182, 1616953095.806505]
[1616953078.717512, 1616953096.7430866]
[1616953077.9715269, 1616953096.8253815]
[1616953078.870572, 1616953093.6495652]
[1616953079.0689607, 1616953095.4626875]
[1616953079.0196903, 1616953100.3158484]
[1616953079.0159106, 1616953098.0282416]
[1616953079.3541903, 1616953090.4893837]
[1616953079.5035226, 1616953095.393217]
[1616953079.4887526, 1616953095.8514974]
[1616953079.5248568, 1616953096.3932154]
[1616953079.3856573, 1616953097.8316033]
[1616953079.6419916, 1616953098.6085255]
[1616953079.8267746, 1616953101.9733014]
[1616953079.7191892, 1616953096.568523]
[1616953079.5390034, 1616953102.624714]
[1616953079.6169543, 1616953098.3357213]
[1616953079.7373374, 1616953096.2231839]
[1616953079.8535817, 1616953099.1848118]
[1616953080.2706056, 1616953098.6097324]
[1616953079.9942882, 1616953101.0991628]
[1616953080.0882187, 1616953091.7753785]
[1616953080.0071332, 1616953090.7036586]
[1616953080.071725, 1616953092.7820604]
[1616953080.4910343, 1616953103.2498982]
[1616953080.5951033, 1616953102.7293775]
[1616953080.904723, 1616953100.8879106]
[1616953080.531148, 1616953091.2167742]
[1616953080.375682, 1616953094.1841624]
[1616953080.9857724, 1616953102.005212]
[1616953080.9358916, 1616953100.885138]
[1616953081.0190308, 1616953099.822729]
[1616953081.0026925, 1616953101.879121]
[1616953081.0926466, 1616953099.4167802]
[1616953081.0086422, 1616953099.668483]
[1616953081.2815568, 1616953102.7462177]
[1616953081.356985, 1616953098.9848871]
[1616953081.521139, 1616953102.936091]
[1616953081.7397532, 1616953094.0914216]
[1616953081.4830718, 1616953097.9672008]
[1616953081.9818728, 1616953098.9038548]
[1616953081.7505038, 1616953097.9815726]
[1616953081.9737248, 1616953100.790433]
[1616953081.9392462, 1616953098.8227615]
[1616953081.9609141, 1616953100.2510092]
[1616953081.8753505, 1616953102.5029106]
[1616953081.9951463, 1616953103.6301582]
[1616953082.2468405, 1616953104.9220273]
[1616953082.2790906, 1616953102.5338225]
[1616953082.18411, 1616953102.8419826]
[1616953082.3420165, 1616953094.6888227]
[1616953082.4259906, 1616953095.3526635]
[1616953082.2464478, 1616953102.5131137]
[1616953082.3456473, 1616953102.9973254]
[1616953082.6895506, 1616953094.8308883]
[1616953082.5481129, 1616953103.0221803]
[1616953082.3917193, 1616953100.2913282]
[1616953082.8214185, 1616953103.979564]
[1616953082.4256558, 1616953103.086465]
[1616953082.741109, 1616953102.7358658]
[1616953082.6992521, 1616953102.7263458]
[1616953082.6786077, 1616953102.8190975]
[1616953083.130783, 1616953104.5858908]
[1616953082.880994, 1616953100.2521503]
[1616953083.2518566, 1616953103.5142453]
[1616953083.201494, 1616953104.4780989]
[1616953083.2655103, 1616953101.7613175]
[1616953083.3774648, 1616953101.8173175]
[1616953083.379393, 1616953102.82086]
[1616953083.4150085, 1616953101.9537342]
[1616953083.2477593, 1616953101.812354]
[1616953083.4236655, 1616953099.1295245]
[1616953083.5246234, 1616953100.6941807]
[1616953083.768298, 1616953105.1729603]
[1616953083.7090263, 1616953103.60898]
[1616953083.8840253, 1616953102.3238533]
[1616953083.9085417, 1616953096.869344]
[1616953084.1039305, 1616953105.4905863]
[1616953084.2847836, 1616953105.1622522]
[1616953084.0392597, 1616953106.7000675]
[1616953084.1563969, 1616953104.1711764]
[1616953084.325133, 1616953106.6136255]
[1616953084.4672816, 1616953105.2734628]
[1616953084.5226543, 1616953106.1951976]
[1616953084.5705, 1616953105.188861]
[1616953084.3281863, 1616953104.7665474]
[1616953084.376323, 1616953104.5277512]
[1616953084.5328336, 1616953104.218284]
[1616953084.406407, 1616953102.0061634]
[1616953084.7914047, 1616953104.8528657]
[1616953084.5266254, 1616953104.9680398]
[1616953084.804358, 1616953105.1036065]
[1616953084.8829687, 1616953104.798533]
[1616953085.018669, 1616953106.7138326]
[1616953084.638406, 1616953106.0875602]
[1616953084.9503698, 1616953105.727776]
[1616953085.0131574, 1616953104.1440601]
[1616953085.2216911, 1616953103.8313735]
[1616953085.1384695, 1616953096.7505772]
[1616953085.3507774, 1616953103.083647]
[1616953085.4884775, 1616953106.0494988]
[1616953085.696329, 1616953107.711123]
[1616953085.280118, 1616953101.9706638]
[1616953085.4796124, 1616953099.7962124]
[1616953085.6827028, 1616953110.104982]
[1616953085.6784103, 1616953106.3731647]
[1616953085.6560085, 1616953106.5442345]
[1616953085.7742093, 1616953100.577135]
[1616953086.008041, 1616953105.4870012]
[1616953085.939792, 1616953097.5264895]
[1616953085.7919562, 1616953105.8090057]
[1616953086.0877614, 1616953099.3217485]
[1616953086.1909115, 1616953104.9120467]
[1616953086.1810877, 1616953108.5120833]
[1616953085.970333, 1616953106.8299325]
[1616953086.3480852, 1616953106.2272706]
[1616953086.4546547, 1616953105.84056]
[1616953086.491633, 1616953107.615392]
[1616953086.35569, 1616953102.4970646]
[1616953086.5338743, 1616953106.3952405]
[1616953086.5257013, 1616953101.9516313]
[1616953086.6529686, 1616953106.8046308]
[1616953086.7613423, 1616953102.5892086]
[1616953086.5066717, 1616953105.202683]
[1616953086.6791372, 1616953106.613475]
[1616953086.6537347, 1616953108.3821723]
[1616953086.7790692, 1616953106.3662477]
[1616953086.7573438, 1616953106.816495]
[1616953088.4778595, 1616953109.6406095]
[1616953086.7803254, 1616953106.6120663]
[1616953086.812908, 1616953106.0515125]
[1616953086.8371923, 1616953107.4479396]
[1616953087.9199228, 1616953104.8536892]
[1616953087.9885094, 1616953103.4867687]
[1616953086.9830697, 1616953106.4354804]
[1616953088.060015, 1616953098.396295]
[1616953088.0274744, 1616953100.375363]
[1616953088.1357672, 1616953106.6069043]
[1616953088.139735, 1616953100.07697]
[1616953088.758567, 1616953107.749954]
[1616953088.4325154, 1616953106.5821962]
[1616953088.1963265, 1616953094.1615362]
[1616953088.3116012, 1616953092.708451]
[1616953088.2720423, 1616953094.6868749]
[1616953088.4102454, 1616953098.8434722]
[1616953088.4018106, 1616953096.6584115]
[1616953088.397267, 1616953099.0891812]
[1616953088.5853806, 1616953103.19312]
[1616953088.8214223, 1616953109.2745943]
[1616953088.3979573, 1616953101.8378012]
[1616953088.5453317, 1616953103.626973]
[1616953088.5815425, 1616953094.4946225]
[1616953088.4876938, 1616953104.845845]
[1616953088.5777395, 1616953106.5922072]
[1616953088.6045363, 1616953103.3057966]
[1616953088.6340435, 1616953103.9153855]
[1616953088.6063724, 1616953107.8598502]
[1616953088.6648035, 1616953104.231027]
[1616953088.7119586, 1616953102.859547]
[1616953088.8079665, 1616953105.475842]
[1616953088.8254952, 1616953102.9494069]
[1616953088.81115, 1616953103.2756941]
[1616953088.8296165, 1616953106.6692066]
[1616953088.809262, 1616953100.1242244]
[1616953089.0330415, 1616953101.573334]
[1616953088.1050177, 1616953107.0948958]
[1616953088.9896502, 1616953098.336945]
[1616953089.0705724, 1616953104.3686993]
[1616953089.0200891, 1616953095.1899865]
[1616953089.3162432, 1616953104.330427]
[1616953089.1624863, 1616953099.176758]
[1616953089.73335, 1616953108.3514152]
[1616953089.1099062, 1616953103.1461735]
[1616953089.017632, 1616953104.996975]
[1616953089.2464168, 1616953101.9096706]
[1616953089.2397432, 1616953104.9493823]
[1616953089.2303245, 1616953097.1461775]
[1616953089.2550087, 1616953097.3719234]
[1616953089.2959492, 1616953105.3888202]
[1616953089.3605812, 1616953098.8761418]
[1616953089.3422966, 1616953097.7443829]
[1616953089.3521526, 1616953102.340035]
[1616953089.3987415, 1616953094.4149601]
[1616953089.5373425, 1616953108.9134302]
[1616953089.5407107, 1616953104.7684283]
[1616953089.2207177, 1616953106.39037]
[1616953089.5267515, 1616953101.8043656]
[1616953089.5898604, 1616953098.5061235]
[1616953089.890867, 1616953108.9107177]
[1616953089.5721362, 1616953108.5392358]
[1616953089.623638, 1616953101.5902123]
[1616953089.7203672, 1616953101.6373038]
[1616953089.6576211, 1616953105.9818418]
[1616953089.6507473, 1616953105.2601182]
[1616953089.6992455, 1616953099.4027495]
[1616953089.6918828, 1616953104.706965]
[1616953089.88974, 1616953107.4573011]
[1616953089.8329492, 1616953102.3676043]
[1616953090.0238955, 1616953102.3286178]
[1616953089.708208, 1616953107.3547533]
[1616953089.819439, 1616953107.207186]
[1616953089.8061357, 1616953104.5796828]
[1616953089.8218055, 1616953105.8863537]
[1616953089.8539965, 1616953106.8896422]
[1616953089.9753032, 1616953101.3086472]
[1616953089.909437, 1616953106.9682658]
[1616953089.8270648, 1616953107.3593724]
[1616953089.9754956, 1616953093.5631502]
[1616953090.018077, 1616953108.1542082]
[1616953090.068945, 1616953105.6471186]
[1616953090.0998595, 1616953107.4290864]
[1616953089.982008, 1616953102.1974604]
[1616953090.147007, 1616953100.02288]
[1616953090.2331, 1616953104.0031345]
[1616953090.1079788, 1616953105.156372]
[1616953090.0522578, 1616953105.0649936]
[1616953090.0905974, 1616953103.5154543]
[1616953090.240423, 1616953102.760716]
[1616953090.277282, 1616953101.5935807]
[1616953090.3021755, 1616953101.6295784]
[1616953090.2369635, 1616953106.5007741]
[1616953090.3638184, 1616953107.6445367]
[1616953090.4393458, 1616953100.2828627]
[1616953090.2273014, 1616953101.4719975]
[1616953090.3038988, 1616953106.9551277]
[1616953090.4517372, 1616953108.909173]
[1616953090.349544, 1616953108.1365747]
[1616953090.40304, 1616953108.0942585]
[1616953090.3615263, 1616953110.349664]
[1616953090.323141, 1616953108.5936332]
[1616953090.4312356, 1616953097.1803308]
[1616953090.3339124, 1616953098.080998]
[1616953090.3945954, 1616953105.2929542]
[1616953090.3318498, 1616953099.78074]
[1616953090.5939648, 1616953100.1827538]
[1616953090.5752347, 1616953104.9247081]
[1616953090.5076168, 1616953109.796305]
[1616953090.5792623, 1616953099.7341993]
[1616953090.549324, 1616953107.0601556]
[1616953090.9087384, 1616953107.6293075]
[1616953090.602711, 1616953109.5729907]
[1616953089.8220184, 1616953107.9690442]
[1616953090.6188724, 1616953099.6448941]
[1616953090.5524669, 1616953104.537234]
[1616953090.6417012, 1616953105.196933]
[1616953090.6252465, 1616953104.0256853]
[1616953090.7871745, 1616953105.403114]
[1616953090.6810784, 1616953106.644819]
[1616953090.6662564, 1616953109.0391245]
[1616953090.7548473, 1616953106.7769315]
[1616953090.5702462, 1616953101.9079442]
[1616953090.8576329, 1616953108.0484045]
[1616953090.7769513, 1616953110.577932]
[1616953090.7577107, 1616953102.2027903]
[1616953090.7751756, 1616953109.3540106]
[1616953090.8246117, 1616953099.842549]
[1616953090.8241794, 1616953106.230851]
[1616953090.7529747, 1616953099.5779326]
[1616953090.7287774, 1616953107.871482]
[1616953090.8008137, 1616953100.0788913]
[1616953090.8028347, 1616953098.4240248]
[1616953091.0764227, 1616953103.8363879]
[1616953090.8096564, 1616953105.8105772]
[1616953090.7705855, 1616953106.471017]
[1616953091.1110072, 1616953106.5132928]
[1616953091.1057613, 1616953108.364287]
[1616953090.8572447, 1616953099.7302706]
[1616953090.888997, 1616953104.5395184]
[1616953090.7829804, 1616953107.3597558]
[1616953090.910337, 1616953107.7164738]
[1616953090.8178418, 1616953107.8503025]
[1616953090.804437, 1616953099.79637]
[1616953090.8032722, 1616953107.1772594]
[1616953091.0439992, 1616953103.1183505]
[1616953090.942138, 1616953108.9594717]
[1616953091.035573, 1616953102.8921497]
[1616953091.0643895, 1616953106.5082412]
[1616953090.8821263, 1616953099.468047]
[1616953090.9890833, 1616953105.0996678]
[1616953090.9385505, 1616953107.7204146]
[1616953090.965874, 1616953105.8263333]
[1616953090.949462, 1616953104.6965456]
[1616953090.9299903, 1616953108.1313407]
[1616953090.9757683, 1616953107.3582358]
[1616953091.0267355, 1616953105.6184669]
[1616953090.958262, 1616953107.3917933]
[1616953090.937522, 1616953107.45819]
[1616953091.0200372, 1616953102.6626165]
[1616953091.1276379, 1616953100.2333097]
[1616953091.017814, 1616953105.8718512]
[1616953091.0357523, 1616953107.930644]
[1616953091.057033, 1616953101.7612956]
[1616953092.0038023, 1616953108.735639]
[1616953091.0589137, 1616953102.1674886]
[1616953091.000189, 1616953102.229996]
[1616953090.9734993, 1616953106.6389332]
[1616953091.100725, 1616953104.219432]
[1616953091.2217782, 1616953102.707318]
[1616953091.089081, 1616953099.6939418]
[1616953091.5401208, 1616953107.0325172]
[1616953091.1357565, 1616953104.5240796]
[1616953091.0157406, 1616953102.2065587]
[1616953091.071717, 1616953104.5183284]
[1616953091.0588324, 1616953097.5871496]
[1616953091.0600915, 1616953099.982483]
[1616953091.0581849, 1616953105.4330919]
[1616953090.9805503, 1616953105.5710428]
[1616953091.063277, 1616953101.0447834]
[1616953091.122095, 1616953104.4345129]
[1616953092.172976, 1616953109.3471396]
[1616953091.1793923, 1616953105.738199]
[1616953090.9770138, 1616953106.081132]
[1616953091.0977156, 1616953106.8448617]
