[1616954448.6488163, 1616954449.7454054]
[1616954448.671379, 1616954449.3633413]
[1616954448.6808207, 1616954450.3814564]
[1616954448.460526, 1616954449.1890552]
[1616954448.1720102, 1616954448.872133]
[1616954448.807935, 1616954449.5299218]
[1616954448.8079984, 1616954449.6303394]
[1616954448.5815737, 1616954449.3038552]
[1616954448.7470744, 1616954449.4488413]
[1616954448.8006947, 1616954449.772028]
[1616954448.7543945, 1616954449.5731466]
[1616954448.8111713, 1616954451.505534]
[1616954448.8365264, 1616954449.5747523]
[1616954448.31906, 1616954448.960276]
[1616954448.7106335, 1616954449.4138522]
[1616954449.002896, 1616954449.664661]
[1616954448.9438787, 1616954449.6728747]
[1616954448.4433796, 1616954449.199455]
[1616954448.6774933, 1616954449.996672]
[1616954449.1094666, 1616954449.8064735]
[1616954448.8194082, 1616954449.4859931]
[1616954449.1071556, 1616954450.8784673]
[1616954449.3633053, 1616954450.0644517]
[1616954449.2354732, 1616954449.9314437]
[1616954449.514136, 1616954450.2470882]
[1616954449.2232974, 1616954449.9731483]
[1616954450.0234864, 1616954450.6922064]
[1616954449.4801996, 1616954450.1763313]
[1616954449.6081555, 1616954450.3113434]
[1616954449.8863993, 1616954450.61988]
[1616954449.9536505, 1616954450.680729]
[1616954449.965669, 1616954450.617581]
[1616954450.4307792, 1616954452.2667968]
[1616954450.0855107, 1616954450.915618]
[1616954450.264476, 1616954450.9162912]
[1616954450.4852238, 1616954451.9837925]
[1616954450.4505231, 1616954451.146445]
[1616954450.6555793, 1616954451.3494773]
[1616954451.0941625, 1616954451.8370771]
[1616954450.8052132, 1616954451.4376116]
[1616954450.8003628, 1616954451.4441135]
[1616954451.0409884, 1616954451.736327]
[1616954450.8047311, 1616954451.5232303]
[1616954451.0835998, 1616954451.7460866]
[1616954451.522891, 1616954452.2995162]
[1616954451.5181065, 1616954452.1667228]
[1616954451.5459843, 1616954452.3004649]
[1616954451.5552225, 1616954452.228928]
[1616954451.7549877, 1616954452.407461]
[1616954451.3696835, 1616954452.0148466]
[1616954451.9186883, 1616954452.6857326]
[1616954451.9107714, 1616954452.5599155]
[1616954451.669662, 1616954452.3738415]
[1616954451.8880558, 1616954452.6869552]
[1616954452.286023, 1616954452.9834545]
[1616954452.241081, 1616954452.8766189]
[1616954452.2828157, 1616954453.055348]
[1616954452.3218849, 1616954453.076078]
[1616954452.1960006, 1616954452.8443248]
[1616954452.480603, 1616954453.1658947]
[1616954452.438788, 1616954453.0872283]
[1616954452.626876, 1616954453.3951397]
[1616954452.8027902, 1616954453.5456767]
[1616954453.1313264, 1616954453.8223438]
[1616954453.0939782, 1616954453.7299404]
[1616954453.0421686, 1616954453.6997666]
[1616954453.1800969, 1616954453.848273]
[1616954453.1693738, 1616954453.8367307]
[1616954453.1236553, 1616954454.3360999]
[1616954453.2668967, 1616954453.9427042]
[1616954453.4979994, 1616954454.2508142]
[1616954453.1778648, 1616954454.3363261]
[1616954453.7323744, 1616954454.3851957]
[1616954453.4254608, 1616954454.0745218]
[1616954453.4131432, 1616954454.6098177]
[1616954453.56172, 1616954454.2481425]
[1616954453.8379896, 1616954454.550353]
[1616954453.9472702, 1616954454.6382458]
[1616954453.7660196, 1616954454.4158962]
[1616954453.820013, 1616954454.51689]
[1616954454.1090457, 1616954454.7592943]
[1616954453.957677, 1616954454.618899]
[1616954454.3270712, 1616954457.009171]
[1616954454.2355154, 1616954454.8862433]
[1616954454.1401687, 1616954454.8051698]
[1616954454.227691, 1616954454.925629]
[1616954454.406539, 1616954455.0632079]
[1616954454.5918338, 1616954455.2508662]
[1616954454.567479, 1616954455.2401454]
[1616954454.608909, 1616954455.329078]
[1616954454.4512327, 1616954455.10912]
[1616954454.60399, 1616954456.0645375]
[1616954454.8869197, 1616954455.564867]
[1616954455.0938377, 1616954455.7463038]
[1616954455.00534, 1616954456.8678238]
[1616954455.0323708, 1616954455.701431]
[1616954455.3924158, 1616954456.1337605]
[1616954454.8929167, 1616954455.560761]
[1616954455.0519392, 1616954456.8336852]
[1616954455.0445788, 1616954458.137501]
[1616954455.321576, 1616954455.986968]
[1616954455.105398, 1616954455.83581]
[1616954455.676998, 1616954456.3437192]
[1616954455.5539696, 1616954456.2550883]
[1616954455.4193065, 1616954456.188881]
[1616954455.6610353, 1616954456.305655]
[1616954455.8021672, 1616954456.509459]
[1616954455.591211, 1616954456.5063572]
[1616954455.644452, 1616954456.3065612]
[1616954455.6630366, 1616954456.320349]
[1616954455.6712248, 1616954461.3792312]
[1616954455.8244402, 1616954456.4779382]
[1616954456.1132183, 1616954456.7643216]
[1616954456.2565765, 1616954456.9670558]
[1616954455.8727467, 1616954456.5774703]
[1616954455.9532008, 1616954456.6296937]
[1616954455.937428, 1616954456.6586835]
[1616954456.282182, 1616954456.9619992]
[1616954456.0081515, 1616954456.7176244]
[1616954456.3797426, 1616954457.0733314]
[1616954456.241932, 1616954457.0747433]
[1616954456.4399376, 1616954457.096849]
[1616954456.5898693, 1616954457.2956784]
[1616954456.8014095, 1616954457.463287]
[1616954456.570171, 1616954457.2324224]
[1616954456.8389702, 1616954457.538024]
[1616954456.7862842, 1616954457.562429]
[1616954457.0209668, 1616954457.74619]
[1616954457.0001976, 1616954457.6554341]
[1616954456.9913518, 1616954457.7736108]
[1616954457.0821579, 1616954458.8090134]
[1616954456.8876164, 1616954458.8309531]
[1616954457.0982738, 1616954457.7720156]
[1616954457.2375677, 1616954457.8757236]
[1616954457.2301435, 1616954457.888314]
[1616954457.4105816, 1616954458.1145585]
[1616954457.2789404, 1616954457.9971082]
[1616954457.4351153, 1616954458.138244]
[1616954457.600123, 1616954458.2562244]
[1616954457.7897239, 1616954458.527074]
[1616954457.73396, 1616954458.4950984]
[1616954457.7073145, 1616954458.4591327]
[1616954457.6777923, 1616954458.3592393]
[1616954457.7670548, 1616954459.1264522]
[1616954457.9078982, 1616954458.552866]
[1616954457.851868, 1616954458.5261524]
[1616954458.0802462, 1616954458.7645516]
[1616954458.2363815, 1616954458.890118]
[1616954458.0120232, 1616954458.722423]
[1616954458.248924, 1616954458.9282923]
[1616954458.2164729, 1616954458.8915572]
[1616954458.246956, 1616954458.9951894]
[1616954458.4409661, 1616954459.0868337]
[1616954458.4656634, 1616954459.2588148]
[1616954458.438928, 1616954459.1208024]
[1616954458.372745, 1616954459.0263507]
[1616954458.7219818, 1616954459.3592682]
[1616954458.6625593, 1616954460.4073179]
[1616954458.7135112, 1616954459.449934]
[1616954458.6071978, 1616954459.2562296]
[1616954458.7087464, 1616954459.449123]
[1616954458.7426794, 1616954459.7831097]
[1616954459.05728, 1616954459.877174]
[1616954458.8478453, 1616954459.4865477]
[1616954458.8928347, 1616954459.7345858]
[1616954458.9501, 1616954459.5919628]
[1616954459.2361078, 1616954459.9861026]
[1616954459.132298, 1616954459.8483405]
[1616954459.344908, 1616954460.0183516]
[1616954459.3301826, 1616954460.0230763]
[1616954459.5195665, 1616954460.1591473]
[1616954459.4460459, 1616954460.1259744]
[1616954459.2158089, 1616954459.9020324]
[1616954459.6247754, 1616954462.8757133]
[1616954459.4670825, 1616954460.2089183]
[1616954459.5403805, 1616954460.2449472]
[1616954459.6143966, 1616954460.918189]
[1616954459.7437117, 1616954460.5320253]
[1616954459.646051, 1616954460.3015492]
[1616954459.7020729, 1616954460.4268205]
[1616954459.622395, 1616954460.2904692]
[1616954459.8919935, 1616954460.629579]
[1616954459.9239492, 1616954460.6299868]
[1616954460.119326, 1616954460.8035152]
[1616954460.0439122, 1616954460.7362063]
[1616954460.1760526, 1616954460.9259522]
[1616954460.0295036, 1616954460.668067]
[1616954460.1517873, 1616954462.2003381]
[1616954460.1717808, 1616954460.8398185]
[1616954460.4924932, 1616954461.159128]
[1616954460.351342, 1616954461.0068605]
[1616954460.230182, 1616954461.0090594]
[1616954460.5220752, 1616954461.1799107]
[1616954460.6718493, 1616954462.1160748]
[1616954460.3096738, 1616954461.004868]
[1616954460.4909704, 1616954461.2227268]
[1616954460.6113605, 1616954461.9050596]
[1616954460.598928, 1616954461.3419049]
[1616954460.6891236, 1616954461.3675003]
[1616954460.695911, 1616954461.641357]
[1616954460.636713, 1616954461.3302438]
[1616954460.904664, 1616954461.5933197]
[1616954461.028297, 1616954461.7079225]
[1616954460.9481912, 1616954461.6842165]
[1616954461.1520865, 1616954461.793962]
[1616954460.9913414, 1616954462.7003117]
[1616954461.0567214, 1616954461.7165563]
[1616954460.8154244, 1616954461.4518263]
[1616954461.2718155, 1616954462.0004969]
[1616954461.3189387, 1616954464.050481]
[1616954461.26748, 1616954462.9759486]
[1616954461.318554, 1616954462.0324056]
[1616954461.2627242, 1616954463.359798]
[1616954461.430139, 1616954462.1475356]
[1616954461.3318472, 1616954462.1331563]
[1616954461.637104, 1616954462.3290982]
[1616954461.6518798, 1616954462.4514735]
[1616954461.671569, 1616954462.3455229]
[1616954461.9000356, 1616954463.937313]
[1616954461.8237445, 1616954463.626157]
[1616954461.805176, 1616954462.479903]
[1616954461.8937366, 1616954462.5726662]
[1616954462.1820931, 1616954463.7918494]
[1616954462.0747192, 1616954462.7746837]
[1616954461.968109, 1616954462.6525605]
[1616954461.9679005, 1616954462.8363824]
[1616954462.2456765, 1616954463.1817307]
[1616954462.0992255, 1616954462.7757864]
[1616954462.1490266, 1616954463.1324995]
[1616954462.2207317, 1616954463.0567467]
[1616954462.2350147, 1616954462.8949637]
[1616954462.133241, 1616954464.0237975]
[1616954462.127794, 1616954463.7685895]
[1616954462.605854, 1616954464.4819381]
[1616954462.564246, 1616954463.2264483]
[1616954462.5422552, 1616954463.2220926]
[1616954462.4988546, 1616954464.7095573]
[1616954462.5820334, 1616954464.1076164]
[1616954462.6030684, 1616954463.242973]
[1616954462.760784, 1616954463.3935597]
[1616954462.7560077, 1616954463.460711]
[1616954462.9442322, 1616954463.566521]
[1616954462.8828943, 1616954463.5248127]
[1616954462.8098288, 1616954463.5017884]
[1616954462.9550498, 1616954463.6413333]
[1616954463.179496, 1616954464.0941832]
[1616954462.876546, 1616954469.2311625]
[1616954462.9573815, 1616954463.6094782]
[1616954462.890588, 1616954463.5432937]
[1616954463.1765246, 1616954463.9189804]
[1616954463.104803, 1616954463.864985]
[1616954463.1768026, 1616954464.9746735]
[1616954463.4054496, 1616954464.0516107]
[1616954463.3852098, 1616954464.1423612]
[1616954463.3925178, 1616954464.0798953]
[1616954463.601298, 1616954464.2602763]
[1616954463.5168362, 1616954464.212058]
[1616954463.4977398, 1616954464.2188187]
[1616954463.5857944, 1616954464.2388983]
[1616954463.6022785, 1616954464.7376676]
[1616954463.6887743, 1616954464.4421594]
[1616954463.8439772, 1616954464.6746688]
[1616954463.8643367, 1616954464.60569]
[1616954463.981323, 1616954464.7020013]
[1616954463.9772155, 1616954465.655621]
[1616954463.8758168, 1616954464.5256264]
[1616954464.0824282, 1616954477.1273143]
[1616954463.8202033, 1616954464.5122037]
[1616954464.180863, 1616954464.9019377]
[1616954464.2038279, 1616954464.854326]
[1616954464.042608, 1616954465.9341748]
[1616954464.1392775, 1616954464.7867148]
[1616954464.1682007, 1616954465.0061543]
[1616954464.1661034, 1616954464.8238084]
[1616954464.1570294, 1616954464.8579304]
[1616954464.4549072, 1616954465.1786816]
[1616954464.5358686, 1616954465.2347329]
[1616954464.3504624, 1616954465.0362718]
[1616954464.4668534, 1616954465.1227481]
[1616954464.6690562, 1616954465.3896222]
[1616954464.6473916, 1616954466.2190223]
[1616954464.8196704, 1616954465.5675566]
[1616954464.5088005, 1616954465.3082447]
[1616954464.8090718, 1616954465.4611175]
[1616954464.8515432, 1616954465.5635831]
[1616954464.7492344, 1616954465.4120932]
[1616954464.9174776, 1616954465.6602519]
[1616954464.9718847, 1616954465.6588783]
[1616954465.0587513, 1616954465.7202845]
[1616954465.0322568, 1616954472.2424393]
[1616954465.1189466, 1616954465.7764523]
[1616954464.989964, 1616954466.652637]
[1616954465.25534, 1616954465.9703665]
[1616954465.31658, 1616954467.0429313]
[1616954465.2869778, 1616954466.021334]
[1616954465.491977, 1616954467.0859735]
[1616954465.4507658, 1616954466.0969296]
[1616954465.3758163, 1616954466.014951]
[1616954465.5332756, 1616954468.7169042]
[1616954465.4833589, 1616954466.144094]
[1616954465.605881, 1616954466.3415644]
[1616954465.7058365, 1616954467.3335555]
[1616954465.6323805, 1616954466.2917504]
[1616954465.8345897, 1616954466.47335]
[1616954465.6392248, 1616954466.406344]
[1616954465.7207012, 1616954466.4215603]
[1616954465.6561046, 1616954466.3383732]
[1616954466.078143, 1616954466.76305]
[1616954466.0258222, 1616954466.6784768]
[1616954465.964148, 1616954471.748165]
[1616954466.1355429, 1616954466.770974]
[1616954466.0894382, 1616954466.872283]
[1616954466.0600033, 1616954466.74642]
[1616954466.0287278, 1616954466.7261324]
[1616954466.2205586, 1616954467.9169095]
[1616954466.1465485, 1616954471.7530887]
[1616954466.2735944, 1616954466.9892833]
[1616954466.2775838, 1616954467.9936762]
[1616954466.456686, 1616954467.1728818]
[1616954466.4642158, 1616954467.1063797]
[1616954466.44993, 1616954467.1458075]
[1616954466.457673, 1616954467.3982208]
[1616954466.4034288, 1616954467.2365656]
[1616954466.609194, 1616954467.3907943]
[1616954466.5909061, 1616954467.290327]
[1616954466.8402033, 1616954468.175508]
[1616954466.7658787, 1616954468.581694]
[1616954466.748621, 1616954468.0099604]
[1616954466.8004138, 1616954467.4431608]
[1616954466.8545825, 1616954467.5708637]
[1616954466.849966, 1616954467.5143175]
[1616954466.98957, 1616954467.662464]
[1616954466.8555152, 1616954467.5842297]
[1616954467.0522876, 1616954467.7185595]
[1616954467.0817194, 1616954469.2548864]
[1616954467.108605, 1616954467.8910425]
[1616954467.347603, 1616954468.0439863]
[1616954467.2431803, 1616954467.923062]
[1616954467.4294415, 1616954469.208892]
[1616954467.5146005, 1616954468.4256682]
[1616954467.1540706, 1616954467.9050035]
[1616954467.171294, 1616954467.846598]
[1616954467.4813707, 1616954468.1297052]
[1616954467.46737, 1616954468.7085485]
[1616954467.7917256, 1616954470.149232]
[1616954467.5399878, 1616954468.2004519]
[1616954467.7765324, 1616954468.515501]
[1616954467.6850533, 1616954468.3410974]
[1616954467.5518448, 1616954468.253215]
[1616954467.7421124, 1616954468.4968238]
[1616954467.890074, 1616954468.5255418]
[1616954467.8850088, 1616954468.5507555]
[1616954468.0173259, 1616954469.536455]
[1616954468.0755801, 1616954469.9096816]
[1616954467.9833794, 1616954468.988699]
[1616954467.8402112, 1616954468.4838512]
[1616954468.052232, 1616954470.230677]
[1616954468.026983, 1616954468.7592838]
[1616954468.2117996, 1616954468.854957]
[1616954468.1293035, 1616954468.84784]
[1616954468.276778, 1616954469.4600215]
[1616954468.15634, 1616954468.787946]
[1616954468.5020876, 1616954469.1913135]
[1616954468.4847224, 1616954469.200944]
[1616954468.3702967, 1616954469.048047]
[1616954468.421285, 1616954469.1446843]
[1616954468.5972857, 1616954475.1021802]
[1616954468.4187129, 1616954469.1880436]
[1616954468.8187764, 1616954469.5106397]
[1616954468.640789, 1616954469.3173056]
[1616954468.595825, 1616954469.265875]
[1616954468.6538682, 1616954469.3520455]
[1616954468.7823675, 1616954470.1881695]
[1616954468.8699036, 1616954470.5282853]
[1616954468.913222, 1616954469.805497]
[1616954468.9974558, 1616954469.6871307]
[1616954468.89339, 1616954469.5946627]
[1616954468.8605788, 1616954469.5490541]
[1616954468.9425654, 1616954469.6446853]
[1616954469.2195823, 1616954470.84444]
[1616954469.1101587, 1616954469.7447262]
[1616954469.2341108, 1616954469.8736274]
[1616954469.3158948, 1616954470.9027472]
[1616954469.3489275, 1616954469.9869096]
[1616954469.5179906, 1616954470.2608836]
[1616954469.455528, 1616954471.1504173]
[1616954469.386447, 1616954470.0427737]
[1616954469.7266908, 1616954470.5177417]
[1616954469.7204278, 1616954470.4311218]
[1616954469.606675, 1616954470.2688763]
[1616954469.6750515, 1616954470.4062536]
[1616954469.6641908, 1616954470.3453681]
[1616954469.807817, 1616954470.9034326]
[1616954469.783364, 1616954470.531977]
[1616954469.9343781, 1616954470.5836656]
[1616954469.9778423, 1616954471.6465316]
[1616954469.936794, 1616954470.6043234]
[1616954470.0449214, 1616954471.1201372]
[1616954469.9692554, 1616954470.6436856]
[1616954470.1202807, 1616954470.765244]
[1616954470.1311328, 1616954470.8407872]
[1616954470.0143986, 1616954470.6498094]
[1616954470.098673, 1616954470.7937777]
[1616954470.356505, 1616954471.0296075]
[1616954470.5157561, 1616954471.1602519]
[1616954470.6172593, 1616954471.2597806]
[1616954470.4502764, 1616954472.1870365]
[1616954470.4751666, 1616954471.1623728]
[1616954470.7236805, 1616954471.4670887]
[1616954470.657185, 1616954471.2805042]
[1616954470.863717, 1616954471.5751588]
[1616954470.43421, 1616954471.1280644]
[1616954470.6811337, 1616954471.5023544]
[1616954470.8614001, 1616954471.738807]
[1616954470.6940007, 1616954471.4655724]
[1616954470.596836, 1616954471.7731001]
[1616954470.8656714, 1616954471.5341961]
[1616954470.7912972, 1616954471.4778335]
[1616954471.1689336, 1616954471.8226748]
[1616954470.878704, 1616954472.8357146]
[1616954470.8766942, 1616954471.6002126]
[1616954471.1688895, 1616954471.8888187]
[1616954471.079515, 1616954471.769618]
[1616954471.1786726, 1616954471.9490223]
[1616954471.2218354, 1616954471.8906143]
[1616954471.327368, 1616954471.9695027]
[1616954471.3480463, 1616954472.0006454]
[1616954471.3653595, 1616954473.0250523]
[1616954471.6741953, 1616954472.4806614]
[1616954471.4834406, 1616954472.1883106]
[1616954471.5393178, 1616954472.2410936]
[1616954471.5488844, 1616954472.3259194]
[1616954471.587419, 1616954473.0992405]
[1616954471.8662243, 1616954472.522915]
[1616954471.8128686, 1616954472.471748]
[1616954471.7343497, 1616954473.430756]
[1616954471.7591965, 1616954473.1645398]
[1616954471.9834516, 1616954472.615476]
[1616954472.2364495, 1616954472.9814942]
[1616954472.0103998, 1616954472.7207787]
[1616954472.0467622, 1616954472.6989071]
[1616954472.218554, 1616954472.8749797]
[1616954472.1949854, 1616954472.9802008]
[1616954472.2512033, 1616954473.0594795]
[1616954472.3611104, 1616954473.0556939]
[1616954472.4494865, 1616954473.6559215]
[1616954472.2258785, 1616954473.2362628]
[1616954472.5368123, 1616954473.1883688]
[1616954472.6229386, 1616954473.2564893]
[1616954472.6181805, 1616954473.3318615]
[1616954472.8535924, 1616954473.5526423]
[1616954472.5838459, 1616954473.8446398]
[1616954472.5377717, 1616954473.3771622]
[1616954472.8177173, 1616954473.450974]
[1616954473.0234804, 1616954473.7124486]
[1616954472.8901007, 1616954476.0611362]
[1616954472.8869016, 1616954473.5575714]
[1616954472.8845992, 1616954473.578346]
[1616954472.9534192, 1616954473.6033702]
[1616954473.0909154, 1616954473.8112817]
[1616954473.094011, 1616954473.7646787]
[1616954473.0960195, 1616954473.739899]
[1616954472.9164517, 1616954473.600584]
[1616954473.1568124, 1616954474.1814494]
[1616954473.2761836, 1616954473.9327807]
[1616954473.2877302, 1616954473.913048]
[1616954473.3807883, 1616954474.0526721]
[1616954473.4274912, 1616954474.1763256]
[1616954473.5006373, 1616954474.2313147]
[1616954473.6515749, 1616954474.2878501]
[1616954473.3293562, 1616954473.9759521]
[1616954473.485811, 1616954474.2113383]
[1616954473.8115668, 1616954474.5837483]
[1616954473.575337, 1616954474.2809582]
[1616954473.5415962, 1616954475.528841]
[1616954473.8203154, 1616954474.6041734]
[1616954473.9406142, 1616954475.445707]
[1616954474.009992, 1616954474.641366]
[1616954473.7549682, 1616954474.393377]
[1616954474.0120902, 1616954474.6430523]
[1616954474.0795813, 1616954474.7717223]
[1616954474.3448288, 1616954475.4658017]
[1616954473.9860864, 1616954474.6320703]
[1616954474.2535627, 1616954474.9310586]
[1616954474.3837175, 1616954475.0740154]
[1616954474.4113007, 1616954475.02928]
[1616954474.309621, 1616954475.5718224]
[1616954474.366951, 1616954475.1131372]
[1616954474.269805, 1616954474.985082]
[1616954474.6214778, 1616954475.8135405]
[1616954474.64919, 1616954475.2858763]
[1616954474.5575964, 1616954477.1836772]
[1616954474.5127966, 1616954475.1638396]
[1616954474.7201207, 1616954475.3477302]
[1616954474.9149494, 1616954479.099693]
[1616954474.897165, 1616954475.618325]
[1616954474.8748682, 1616954477.1037014]
[1616954474.9336908, 1616954475.6064653]
[1616954474.975677, 1616954475.6427817]
[1616954475.2334304, 1616954475.873525]
[1616954475.158999, 1616954479.827835]
[1616954475.089438, 1616954476.1869788]
[1616954475.1058478, 1616954475.7290988]
[1616954475.3133962, 1616954476.0174758]
[1616954475.2816694, 1616954475.9360175]
[1616954475.375707, 1616954476.0305972]
[1616954475.4690707, 1616954476.1582692]
[1616954475.56265, 1616954476.2959871]
[1616954475.4017904, 1616954476.1249704]
[1616954475.4462585, 1616954476.4283435]
[1616954475.652175, 1616954478.0282185]
[1616954475.6771615, 1616954476.3005645]
[1616954475.973311, 1616954476.60698]
[1616954475.701172, 1616954476.382511]
[1616954475.6046848, 1616954477.3761637]
[1616954475.6171272, 1616954476.8966186]
[1616954475.7839742, 1616954477.62601]
[1616954475.8457804, 1616954476.5053122]
[1616954475.7679656, 1616954477.466183]
[1616954475.9156249, 1616954476.5748265]
[1616954476.0202992, 1616954476.6837084]
[1616954476.0438323, 1616954476.7370565]
[1616954476.0359101, 1616954476.666283]
[1616954476.2981596, 1616954476.959284]
[1616954476.1111376, 1616954486.2850933]
[1616954476.2497427, 1616954476.9271533]
[1616954476.463339, 1616954477.180172]
[1616954476.3218107, 1616954476.9708776]
[1616954476.541014, 1616954478.119379]
[1616954476.4681284, 1616954477.2445598]
[1616954476.7455046, 1616954477.4115338]
[1616954476.5846717, 1616954477.2486017]
[1616954476.694395, 1616954477.334254]
[1616954476.636653, 1616954477.3146255]
[1616954476.6563709, 1616954478.1702404]
[1616954476.5583081, 1616954477.2807543]
[1616954476.7834496, 1616954477.409248]
[1616954477.1924152, 1616954478.2072575]
[1616954476.8305004, 1616954477.6133943]
[1616954477.0737655, 1616954477.803407]
[1616954476.9846635, 1616954477.6664164]
[1616954477.1028888, 1616954477.808192]
[1616954477.0499587, 1616954477.6979692]
[1616954477.2536676, 1616954477.914823]
[1616954477.069216, 1616954477.7350905]
[1616954477.1505315, 1616954477.831594]
[1616954477.2929337, 1616954477.9434228]
[1616954477.6290038, 1616954478.4915092]
[1616954477.7811794, 1616954478.4876869]
[1616954477.7069826, 1616954478.3743777]
[1616954477.6603973, 1616954479.7380426]
[1616954477.5392323, 1616954478.239791]
[1616954477.5214276, 1616954478.1511285]
[1616954477.6875508, 1616954478.3649614]
[1616954477.4380102, 1616954478.1235902]
[1616954477.5891454, 1616954478.291918]
[1616954477.9527771, 1616954478.6253402]
[1616954477.8487492, 1616954478.5846958]
[1616954477.7597356, 1616954478.4985998]
[1616954478.1349838, 1616954479.5476584]
[1616954477.9519358, 1616954478.785082]
[1616954478.0534482, 1616954478.7224536]
[1616954477.938502, 1616954478.6135626]
[1616954477.969251, 1616954479.614478]
[1616954478.2354655, 1616954478.9843125]
[1616954478.1918774, 1616954478.861744]
[1616954478.3342736, 1616954479.0072834]
[1616954478.2351248, 1616954478.879713]
[1616954478.3213632, 1616954482.961486]
[1616954478.4630923, 1616954479.095666]
[1616954478.4659579, 1616954479.148737]
[1616954478.3935723, 1616954479.0730677]
[1616954478.6475344, 1616954479.4338775]
[1616954478.8428113, 1616954479.4919329]
[1616954478.7281237, 1616954479.42178]
[1616954478.8047533, 1616954479.5865586]
[1616954478.723101, 1616954481.5598445]
[1616954478.8772144, 1616954479.5679886]
[1616954478.6567984, 1616954479.3146954]
[1616954478.562645, 1616954479.260811]
[1616954478.5999331, 1616954479.2924604]
[1616954478.901654, 1616954479.597689]
[1616954478.8929565, 1616954479.5232549]
[1616954478.9593513, 1616954479.665278]
[1616954479.133159, 1616954479.840126]
[1616954479.0144212, 1616954479.7176821]
[1616954479.083843, 1616954479.7585452]
[1616954479.2074237, 1616954479.8767111]
[1616954479.2632132, 1616954479.899077]
[1616954479.3084617, 1616954479.9363604]
[1616954479.421854, 1616954480.1550703]
[1616954479.3262737, 1616954480.0368261]
[1616954479.3298423, 1616954480.000094]
[1616954479.3490326, 1616954480.0863583]
[1616954479.4078789, 1616954480.1859314]
[1616954479.6188211, 1616954481.1957204]
[1616954479.7706947, 1616954481.145842]
[1616954479.6490028, 1616954480.300415]
[1616954479.5588605, 1616954480.2528307]
[1616954479.6843884, 1616954480.3466847]
[1616954479.8809574, 1616954480.6811044]
[1616954480.0342634, 1616954480.775161]
[1616954479.8254898, 1616954480.4786084]
[1616954479.8574946, 1616954480.5344498]
[1616954480.1121218, 1616954480.8343334]
[1616954479.9864738, 1616954480.627668]
[1616954480.282404, 1616954480.9909294]
[1616954480.1555977, 1616954480.844158]
[1616954480.281352, 1616954480.9971552]
[1616954480.017536, 1616954480.8013124]
[1616954480.1992486, 1616954481.9173136]
[1616954480.033652, 1616954481.7449296]
[1616954480.2083108, 1616954480.9094422]
[1616954480.2045872, 1616954480.9113245]
[1616954480.2608156, 1616954480.9476461]
[1616954480.4776554, 1616954481.1870081]
[1616954480.3050199, 1616954480.9930458]
[1616954480.4761994, 1616954481.7152126]
[1616954480.3899806, 1616954481.027073]
[1616954480.5785124, 1616954481.27859]
[1616954480.473504, 1616954481.13477]
[1616954480.5907862, 1616954481.2623944]
[1616954480.9576135, 1616954481.6326563]
[1616954480.6334934, 1616954481.4105878]
[1616954481.0061595, 1616954482.8365066]
[1616954480.615875, 1616954481.281979]
[1616954480.914957, 1616954484.0306756]
[1616954480.9737465, 1616954481.6954653]
[1616954480.9392772, 1616954481.624194]
[1616954481.1205573, 1616954481.7653773]
[1616954480.8910453, 1616954481.5885563]
[1616954481.050282, 1616954483.299823]
[1616954481.2709863, 1616954481.9806862]
[1616954481.228019, 1616954481.893129]
[1616954481.3531313, 1616954482.0219011]
[1616954481.2633367, 1616954483.0346837]
[1616954481.1041374, 1616954481.7692592]
[1616954481.481201, 1616954482.1450355]
[1616954481.6053312, 1616954482.31734]
[1616954481.4554994, 1616954483.2221596]
[1616954481.614045, 1616954482.3333886]
[1616954481.645325, 1616954483.5147786]
[1616954481.5560627, 1616954482.2606068]
[1616954481.8634627, 1616954482.5306976]
[1616954481.7225382, 1616954482.3889987]
[1616954481.7655523, 1616954482.4539456]
[1616954481.7351713, 1616954482.4957495]
[1616954481.7378695, 1616954483.1452286]
[1616954482.1069443, 1616954482.880192]
[1616954481.857786, 1616954482.491228]
[1616954482.0740423, 1616954482.760347]
[1616954482.0979013, 1616954482.771001]
[1616954482.2404728, 1616954482.9214828]
[1616954482.2169943, 1616954482.904576]
[1616954482.2194145, 1616954482.9198856]
[1616954482.2516513, 1616954482.9590237]
[1616954482.3378768, 1616954483.005917]
[1616954482.2915032, 1616954482.961387]
[1616954482.5348604, 1616954483.1676528]
[1616954482.4122114, 1616954483.122377]
[1616954482.5087633, 1616954484.0368972]
[1616954482.3509355, 1616954483.0694206]
[1616954482.3026452, 1616954487.9577062]
[1616954482.6006863, 1616954483.244774]
[1616954482.7620997, 1616954484.0808175]
[1616954482.8650143, 1616954483.5417156]
[1616954482.7870495, 1616954483.470646]
[1616954482.9282732, 1616954483.6879427]
[1616954482.8217242, 1616954483.578743]
[1616954482.8955157, 1616954484.5104604]
[1616954482.8162131, 1616954484.5255685]
[1616954482.9702442, 1616954488.7630525]
[1616954483.0050044, 1616954483.7113032]
[1616954482.9792855, 1616954483.6921103]
[1616954483.0308897, 1616954483.718199]
[1616954482.9871562, 1616954485.8483026]
[1616954483.351411, 1616954484.031]
[1616954483.5186067, 1616954484.1945784]
[1616954483.3226662, 1616954483.9659648]
[1616954483.2980437, 1616954484.2555351]
[1616954483.400856, 1616954484.0422363]
[1616954483.5734, 1616954484.2666285]
[1616954483.467931, 1616954484.1462574]
[1616954483.6300514, 1616954484.3132703]
[1616954483.8131924, 1616954484.498327]
[1616954483.7374969, 1616954484.4053712]
[1616954483.6234317, 1616954485.3359652]
[1616954483.846504, 1616954484.586361]
[1616954483.9197915, 1616954484.6076734]
[1616954483.7680387, 1616954486.256454]
[1616954483.689083, 1616954484.3258545]
[1616954483.8016958, 1616954484.4935267]
[1616954484.125917, 1616954484.8426008]
[1616954484.2029936, 1616954487.0390565]
[1616954484.065168, 1616954484.7143924]
[1616954484.206735, 1616954485.6932836]
[1616954484.2052953, 1616954485.0608096]
[1616954484.1906548, 1616954484.8931284]
[1616954484.1192584, 1616954484.7696404]
[1616954484.3425672, 1616954485.006328]
[1616954484.4168222, 1616954485.0926907]
[1616954484.5265784, 1616954485.1720967]
[1616954484.2901638, 1616954485.4319286]
[1616954484.492211, 1616954485.705502]
[1616954484.258986, 1616954484.9022439]
[1616954484.6171467, 1616954485.2540967]
[1616954484.5165496, 1616954485.244176]
[1616954484.6442554, 1616954485.2692308]
[1616954484.4762914, 1616954485.216667]
[1616954484.877637, 1616954485.6198123]
[1616954484.8121777, 1616954485.5090196]
[1616954484.686416, 1616954485.3383703]
[1616954485.1355553, 1616954489.5379226]
[1616954484.8169942, 1616954485.5566933]
[1616954485.1483762, 1616954486.1890454]
[1616954485.1518526, 1616954485.8002021]
[1616954485.233049, 1616954485.8956726]
[1616954485.4232714, 1616954487.1450384]
[1616954485.4358091, 1616954489.7778618]
[1616954485.2723937, 1616954485.9027216]
[1616954485.4426367, 1616954486.1848514]
[1616954485.0188398, 1616954485.6783159]
[1616954485.1999176, 1616954485.828562]
[1616954485.4765642, 1616954486.6166437]
[1616954485.5065823, 1616954486.3222232]
[1616954485.4700303, 1616954486.1242197]
[1616954485.533037, 1616954487.2363172]
[1616954485.7513316, 1616954486.4509752]
[1616954485.654833, 1616954486.3663335]
[1616954485.820505, 1616954486.5476978]
[1616954485.7894819, 1616954486.4860508]
[1616954485.8361845, 1616954486.5131233]
[1616954485.8781116, 1616954486.5979283]
[1616954485.8407493, 1616954486.497527]
[1616954485.9137955, 1616954486.6149042]
[1616954486.2216282, 1616954486.842478]
[1616954486.0421824, 1616954486.7154865]
[1616954486.099745, 1616954486.7826786]
[1616954486.1028845, 1616954486.7381783]
[1616954485.9406855, 1616954486.6014476]
[1616954486.0778706, 1616954486.830264]
[1616954486.2555156, 1616954486.961696]
[1616954486.1328077, 1616954486.7728949]
[1616954486.2768738, 1616954487.8245745]
[1616954486.613269, 1616954488.0440028]
[1616954486.5138352, 1616954487.975244]
[1616954486.6398861, 1616954487.3578742]
[1616954486.603719, 1616954487.3040068]
[1616954486.816729, 1616954487.7732584]
[1616954486.6735325, 1616954487.400649]
[1616954486.601245, 1616954487.2193096]
[1616954486.596031, 1616954487.258213]
[1616954486.8910964, 1616954487.6141765]
[1616954486.8010175, 1616954487.5071216]
[1616954486.8774045, 1616954487.5368261]
[1616954486.882983, 1616954487.5563233]
[1616954486.8090107, 1616954487.448285]
[1616954486.9933186, 1616954487.7045798]
[1616954487.083756, 1616954487.717292]
[1616954487.0679185, 1616954487.714161]
[1616954487.1834648, 1616954487.9231887]
[1616954486.9876096, 1616954487.6858122]
[1616954487.3837523, 1616954488.123665]
[1616954487.4085705, 1616954488.2949293]
[1616954487.2831352, 1616954487.9229043]
[1616954487.4804666, 1616954488.1519554]
[1616954487.4325695, 1616954488.077301]
[1616954487.446118, 1616954488.683905]
[1616954487.357088, 1616954488.414516]
[1616954487.5027492, 1616954488.704339]
[1616954487.831483, 1616954489.4728959]
[1616954487.504919, 1616954488.1690483]
[1616954487.681236, 1616954488.3573637]
[1616954487.9343684, 1616954488.6333392]
[1616954487.9586873, 1616954488.9085703]
[1616954487.937167, 1616954488.6129627]
[1616954487.9030793, 1616954488.5301402]
[1616954488.0260937, 1616954488.7075472]
[1616954488.2777584, 1616954488.9549012]
[1616954488.269358, 1616954489.4104273]
[1616954488.002762, 1616954488.739953]
[1616954488.3220098, 1616954488.9788904]
[1616954488.3197672, 1616954488.9683697]
[1616954488.4342518, 1616954489.2231796]
[1616954488.361746, 1616954489.0152633]
[1616954488.4096148, 1616954489.4555469]
[1616954488.2718334, 1616954488.9608362]
[1616954488.1575627, 1616954488.828196]
[1616954488.403781, 1616954489.1697187]
[1616954488.6717093, 1616954489.9406304]
[1616954488.3793328, 1616954489.1166422]
[1616954488.8845835, 1616954489.578715]
[1616954488.986295, 1616954491.8102663]
[1616954488.6662803, 1616954489.3296158]
[1616954488.6207952, 1616954490.1140196]
[1616954489.0382588, 1616954489.7279701]
[1616954488.9332986, 1616954489.6004958]
[1616954488.6452184, 1616954489.3666584]
[1616954489.0044692, 1616954489.64805]
[1616954488.896184, 1616954489.6706812]
[1616954489.1216388, 1616954489.837351]
[1616954489.168058, 1616954489.8103278]
[1616954489.0484772, 1616954490.1575303]
[1616954489.1932628, 1616954489.874295]
[1616954489.0247188, 1616954489.6879196]
[1616954489.1907902, 1616954489.909093]
[1616954489.6418862, 1616954490.301256]
[1616954489.5870075, 1616954490.32843]
[1616954489.1732552, 1616954490.8856223]
[1616954489.4827776, 1616954490.2211864]
[1616954489.5592217, 1616954490.2643425]
[1616954489.6054032, 1616954490.3862438]
[1616954489.8565073, 1616954490.5544732]
[1616954489.835106, 1616954490.4783309]
[1616954489.84093, 1616954490.607498]
[1616954489.6971598, 1616954490.3664973]
[1616954489.8154917, 1616954498.6706102]
[1616954489.9450624, 1616954490.6582336]
[1616954489.7098405, 1616954490.4584112]
[1616954489.6847835, 1616954490.465106]
[1616954490.0054584, 1616954490.6607656]
[1616954490.0555396, 1616954490.7042115]
[1616954490.3910275, 1616954491.0813525]
[1616954490.001347, 1616954491.8042045]
[1616954490.39484, 1616954491.5641282]
[1616954490.4665937, 1616954491.1373022]
[1616954490.4823582, 1616954491.217407]
[1616954490.1148767, 1616954493.41037]
[1616954490.4486477, 1616954491.1121707]
[1616954490.117962, 1616954490.7498384]
[1616954490.5303245, 1616954491.70567]
[1616954490.4789746, 1616954491.130013]
[1616954490.4116879, 1616954492.225672]
[1616954490.5669758, 1616954491.3021436]
[1616954490.6883402, 1616954491.4054418]
[1616954490.7247498, 1616954491.366044]
[1616954490.896488, 1616954491.5847986]
[1616954490.835242, 1616954491.6198046]
[1616954490.886352, 1616954491.8557558]
[1616954490.7833128, 1616954491.4485333]
[1616954490.9863737, 1616954491.7096593]
[1616954490.972463, 1616954491.6402462]
[1616954491.0430675, 1616954491.7506914]
[1616954491.0043495, 1616954491.6769521]
[1616954491.2241936, 1616954491.957794]
[1616954491.1561818, 1616954491.8595858]
[1616954491.4146724, 1616954492.1307209]
[1616954491.4114227, 1616954492.1089532]
[1616954491.5002017, 1616954492.2382662]
[1616954491.385377, 1616954492.0624087]
[1616954491.7141614, 1616954493.3840864]
[1616954491.6134777, 1616954492.275118]
[1616954491.6430783, 1616954493.2170312]
[1616954491.570604, 1616954492.2436745]
[1616954491.4622617, 1616954492.150973]
[1616954491.8272636, 1616954492.4800754]
[1616954491.824461, 1616954492.7343528]
[1616954491.9357119, 1616954492.6125093]
[1616954491.8829675, 1616954492.5704255]
[1616954491.7144983, 1616954492.3547494]
[1616954491.9880502, 1616954492.7650793]
[1616954492.2385392, 1616954494.0080733]
[1616954491.9534225, 1616954492.6634383]
[1616954492.260023, 1616954502.5988448]
[1616954492.3212125, 1616954492.9894414]
[1616954492.129279, 1616954492.8393946]
[1616954492.1619356, 1616954492.7889507]
[1616954492.2709804, 1616954492.97946]
[1616954492.449315, 1616954493.15759]
[1616954492.2698972, 1616954493.395495]
[1616954492.3888369, 1616954493.0457213]
[1616954492.5793118, 1616954493.30129]
[1616954492.540057, 1616954493.186483]
[1616954492.3897219, 1616954493.0835268]
[1616954492.8229916, 1616954499.6938002]
[1616954492.6161287, 1616954493.3265197]
[1616954492.6568215, 1616954493.3315945]
[1616954492.8057425, 1616954493.4486759]
[1616954492.5928128, 1616954493.3644838]
[1616954492.7714922, 1616954496.703442]
[1616954492.9148042, 1616954494.3611748]
[1616954492.8215058, 1616954493.8030138]
[1616954492.9115796, 1616954493.5544193]
[1616954492.9038305, 1616954493.6171045]
[1616954492.9856331, 1616954493.6720212]
[1616954492.988397, 1616954493.6663938]
[1616954493.1616714, 1616954493.828107]
[1616954493.3697143, 1616954494.0205538]
[1616954493.386054, 1616954494.0545535]
[1616954493.312605, 1616954494.0429444]
[1616954493.4153385, 1616954494.08027]
[1616954493.2577994, 1616954494.085907]
[1616954493.3475745, 1616954494.0212996]
[1616954493.414343, 1616954494.0778086]
[1616954493.5269465, 1616954494.1879444]
[1616954493.5248325, 1616954494.160394]
[1616954493.5265715, 1616954494.2726986]
[1616954493.9288614, 1616954494.6317146]
[1616954493.6499515, 1616954494.8460448]
[1616954493.7376893, 1616954494.3857105]
[1616954493.602389, 1616954494.2395837]
[1616954493.7609503, 1616954494.4183776]
[1616954493.991932, 1616954494.6863909]
[1616954493.8643548, 1616954494.5306678]
[1616954494.0591946, 1616954494.7164607]
[1616954494.1007605, 1616954494.7839758]
[1616954494.202454, 1616954494.862423]
[1616954494.055704, 1616954494.722214]
[1616954494.3135917, 1616954497.8365073]
[1616954494.28159, 1616954494.9086223]
[1616954494.289011, 1616954495.3016877]
[1616954494.299613, 1616954494.9268758]
[1616954494.2524145, 1616954494.8843648]
[1616954494.306827, 1616954494.995478]
[1616954494.463082, 1616954495.1368513]
[1616954494.6234968, 1616954495.2969334]
[1616954494.5508058, 1616954495.2021751]
[1616954494.5389695, 1616954495.942672]
[1616954494.7627473, 1616954495.3977509]
[1616954494.7002382, 1616954495.3332963]
[1616954494.7156553, 1616954496.0145247]
[1616954494.8165476, 1616954495.4970708]
[1616954494.7762628, 1616954495.4325686]
[1616954494.9174411, 1616954495.576869]
[1616954494.9391532, 1616954495.5760462]
[1616954494.9730892, 1616954495.6519196]
[1616954495.1905675, 1616954495.8145225]
[1616954495.0514305, 1616954495.7853587]
[1616954495.2471042, 1616954495.9898052]
[1616954495.3384063, 1616954496.0190215]
[1616954495.3598006, 1616954497.135181]
[1616954495.3359532, 1616954498.8381543]
[1616954495.3552608, 1616954497.1082284]
[1616954495.5176263, 1616954496.163948]
[1616954495.4131825, 1616954496.1256268]
[1616954495.5886173, 1616954496.2676675]
[1616954495.4081314, 1616954496.045867]
[1616954495.390461, 1616954496.1647706]
[1616954495.7024403, 1616954505.1210244]
[1616954495.740767, 1616954496.3874116]
[1616954495.8147504, 1616954496.4754841]
[1616954495.7496047, 1616954496.4775252]
[1616954495.7632203, 1616954496.5186284]
[1616954495.7658935, 1616954496.396755]
[1616954495.8968356, 1616954496.5638387]
[1616954496.1444478, 1616954496.7979226]
[1616954496.136607, 1616954496.77313]
[1616954496.1681159, 1616954496.9125593]
[1616954496.0515392, 1616954497.7107992]
[1616954495.935814, 1616954496.6367204]
[1616954496.1509705, 1616954497.2058656]
[1616954496.207231, 1616954496.9630957]
[1616954496.379741, 1616954497.088767]
[1616954496.1150224, 1616954496.834041]
[1616954496.290638, 1616954497.0232987]
[1616954496.3676164, 1616954497.0627432]
[1616954496.3588426, 1616954497.027247]
[1616954496.5170531, 1616954497.1775713]
[1616954496.5422237, 1616954497.2329786]
[1616954496.6780894, 1616954497.3460023]
[1616954496.4389548, 1616954497.7039237]
[1616954496.690567, 1616954497.393392]
[1616954496.8721337, 1616954497.5982401]
[1616954496.8044286, 1616954497.4644682]
[1616954496.4694455, 1616954497.1227775]
[1616954496.6758134, 1616954497.3642461]
[1616954496.948765, 1616954497.6351583]
[1616954496.8128395, 1616954497.4641209]
[1616954497.0415556, 1616954497.759869]
[1616954497.1333568, 1616954497.8163974]
[1616954497.0515409, 1616954498.158803]
[1616954497.1098197, 1616954497.7764938]
[1616954497.0588908, 1616954498.9232545]
[1616954497.2432272, 1616954497.9183438]
[1616954497.081528, 1616954497.9557853]
[1616954497.1662495, 1616954497.8350992]
[1616954497.3641894, 1616954498.083708]
[1616954497.3289375, 1616954498.0706527]
[1616954497.4004698, 1616954498.11226]
[1616954497.4393938, 1616954498.968974]
[1616954497.416834, 1616954498.3697522]
[1616954497.7520564, 1616954498.5246794]
[1616954497.3545127, 1616954497.9799929]
[1616954497.7847989, 1616954498.458979]
[1616954497.798936, 1616954499.5588503]
[1616954497.7152212, 1616954498.4085405]
[1616954497.6938705, 1616954498.4033022]
[1616954497.7101212, 1616954498.3412771]
[1616954498.0367763, 1616954498.6967301]
[1616954498.1420894, 1616954498.8400176]
[1616954497.8964746, 1616954498.5359087]
[1616954497.9323668, 1616954498.6326458]
[1616954497.8396275, 1616954498.4823537]
[1616954498.082222, 1616954498.8136632]
[1616954498.0539043, 1616954498.7544355]
[1616954498.2086554, 1616954498.8405852]
[1616954498.153811, 1616954498.8496325]
[1616954498.23904, 1616954498.9828403]
[1616954498.3868115, 1616954499.0654063]
[1616954498.5322125, 1616954499.2510886]
[1616954498.5226681, 1616954499.1893353]
[1616954498.499743, 1616954499.131176]
[1616954498.6888087, 1616954500.298248]
[1616954498.5306594, 1616954499.334936]
[1616954498.788828, 1616954501.1714537]
[1616954498.871219, 1616954499.587217]
[1616954498.7517138, 1616954499.3955028]
[1616954498.8195736, 1616954499.4539025]
[1616954498.6606753, 1616954499.374606]
[1616954498.8530505, 1616954499.4732735]
[1616954498.9896336, 1616954499.7654054]
[1616954498.8971567, 1616954499.5925882]
[1616954498.9943285, 1616954499.6478462]
[1616954499.1264377, 1616954499.8355925]
[1616954499.4526637, 1616954500.1402774]
[1616954499.2112243, 1616954500.213196]
[1616954499.2969544, 1616954499.9774947]
[1616954499.469898, 1616954501.1322143]
[1616954499.4168668, 1616954500.0872824]
[1616954499.2786725, 1616954499.9836357]
[1616954499.5242505, 1616954500.199224]
[1616954499.3702316, 1616954500.5748415]
[1616954499.469349, 1616954500.1030607]
[1616954499.420825, 1616954500.0870607]
[1616954499.5586247, 1616954500.2393608]
[1616954499.3001564, 1616954499.9800718]
[1616954499.8136747, 1616954500.7902713]
[1616954499.8331294, 1616954500.4914231]
[1616954499.9386666, 1616954500.6207886]
[1616954499.7706845, 1616954500.4494786]
[1616954499.868585, 1616954501.5783243]
[1616954500.0464563, 1616954500.7226558]
[1616954500.093596, 1616954500.7626703]
[1616954499.9958668, 1616954500.7181022]
[1616954500.078262, 1616954500.9449353]
[1616954499.9097161, 1616954500.576854]
[1616954499.9471414, 1616954500.7203436]
[1616954500.1642923, 1616954500.7905436]
[1616954500.147097, 1616954500.948063]
[1616954500.4210181, 1616954501.1447694]
[1616954500.4206135, 1616954501.43572]
[1616954500.4085374, 1616954501.8125136]
[1616954500.4691732, 1616954501.109413]
[1616954500.2962513, 1616954500.9677289]
[1616954500.4115965, 1616954501.0796115]
[1616954500.6180234, 1616954501.2671838]
[1616954500.6121497, 1616954501.3566837]
[1616954500.5954428, 1616954501.272867]
[1616954500.9669113, 1616954502.530012]
[1616954500.9846225, 1616954502.5013618]
[1616954500.9435236, 1616954501.623485]
[1616954500.621026, 1616954501.3147461]
[1616954500.7360077, 1616954501.4096322]
[1616954500.7647536, 1616954501.4765015]
[1616954500.9867573, 1616954501.6621933]
[1616954501.1619346, 1616954501.8463807]
[1616954501.0199718, 1616954501.7183065]
[1616954501.4496443, 1616954502.506638]
[1616954501.2431738, 1616954501.892827]
[1616954501.245545, 1616954501.905041]
[1616954501.1241214, 1616954501.8351736]
[1616954501.298332, 1616954502.0201478]
[1616954501.1420212, 1616954501.799248]
[1616954501.4148722, 1616954502.0712926]
[1616954501.491226, 1616954502.2480586]
[1616954501.3252552, 1616954501.976419]
[1616954501.4967284, 1616954503.2107298]
[1616954501.9993653, 1616954502.6392407]
[1616954501.490108, 1616954502.1710002]
[1616954501.9578238, 1616954502.7200358]
[1616954501.8999662, 1616954502.560019]
[1616954501.7789934, 1616954502.4308233]
[1616954501.8914626, 1616954502.5375247]
[1616954501.6699429, 1616954502.3657444]
[1616954502.048526, 1616954502.7336574]
[1616954501.9143376, 1616954502.5963767]
[1616954502.1226928, 1616954502.7997518]
[1616954502.1299536, 1616954502.8906617]
[1616954502.0379202, 1616954503.1791685]
[1616954502.2526004, 1616954502.913481]
[1616954502.091391, 1616954502.765139]
[1616954502.4266398, 1616954503.1220508]
[1616954502.1622348, 1616954502.8489547]
[1616954502.6262693, 1616954503.322353]
[1616954502.5341237, 1616954503.2466772]
[1616954502.6817546, 1616954504.549353]
[1616954502.5709314, 1616954505.693249]
[1616954502.719572, 1616954503.375645]
[1616954502.5353553, 1616954503.2259228]
[1616954502.6272075, 1616954503.2643304]
[1616954502.6784425, 1616954503.3589392]
[1616954502.6294172, 1616954503.2788687]
[1616954502.865703, 1616954503.633423]
[1616954503.1220877, 1616954504.2242675]
[1616954502.9032302, 1616954503.6837807]
[1616954502.8764203, 1616954504.4181015]
[1616954503.0774245, 1616954506.16374]
[1616954502.8403597, 1616954503.4767292]
[1616954503.0520053, 1616954503.725431]
[1616954503.465617, 1616954504.109024]
[1616954503.3359342, 1616954503.9976094]
[1616954503.331336, 1616954504.205745]
[1616954503.10554, 1616954503.8327606]
[1616954503.177961, 1616954503.828422]
[1616954503.347768, 1616954505.3101375]
[1616954503.2600198, 1616954503.9680524]
[1616954503.464619, 1616954504.2204068]
[1616954503.3457813, 1616954504.0227387]
[1616954503.6766877, 1616954504.3537745]
[1616954503.815029, 1616954504.5173078]
[1616954503.5757937, 1616954504.3615298]
[1616954503.9753144, 1616954504.7103138]
[1616954503.886545, 1616954505.5752926]
[1616954503.812749, 1616954508.6879268]
[1616954503.8142273, 1616954504.4521317]
[1616954504.253869, 1616954504.948931]
[1616954503.883776, 1616954504.587073]
[1616954504.006095, 1616954504.710304]
[1616954503.7462606, 1616954504.3757706]
[1616954503.8853505, 1616954504.5512097]
[1616954504.0584073, 1616954504.7563345]
[1616954504.0283144, 1616954505.294718]
[1616954504.100294, 1616954504.8107271]
[1616954504.0676177, 1616954504.7240012]
[1616954504.2861595, 1616954504.986899]
[1616954504.3536446, 1616954505.5466335]
[1616954504.3383207, 1616954505.0667546]
[1616954504.5611506, 1616954505.213276]
[1616954504.8192606, 1616954505.540448]
[1616954504.7822037, 1616954505.4794438]
[1616954504.387251, 1616954505.065819]
[1616954504.778664, 1616954505.4408388]
[1616954504.6863647, 1616954505.3942742]
[1616954504.760658, 1616954505.947983]
[1616954504.8895476, 1616954506.236678]
[1616954505.1914933, 1616954505.9340084]
[1616954504.9048963, 1616954505.5760956]
[1616954505.1278088, 1616954506.9153252]
[1616954504.828281, 1616954507.6902292]
[1616954504.8972034, 1616954505.57164]
[1616954504.8735547, 1616954505.5556004]
[1616954504.8774395, 1616954505.541575]
[1616954505.2052174, 1616954505.8446577]
[1616954505.2138543, 1616954505.8715668]
[1616954505.4062424, 1616954506.093511]
[1616954505.2874553, 1616954506.6894772]
[1616954505.5109804, 1616954506.218156]
[1616954505.3171794, 1616954506.9163914]
[1616954505.3785257, 1616954506.0631258]
[1616954505.3451464, 1616954506.047595]
[1616954505.4520674, 1616954506.175752]
[1616954505.417249, 1616954506.097345]
[1616954505.8409038, 1616954508.5742016]
[1616954505.7834516, 1616954506.4126976]
[1616954505.7303064, 1616954506.3723917]
[1616954505.9582229, 1616954506.681626]
[1616954505.7264714, 1616954506.3864126]
[1616954505.9013546, 1616954506.567748]
[1616954505.9224079, 1616954506.5732145]
[1616954506.1529083, 1616954506.8406196]
[1616954506.1673183, 1616954506.810371]
[1616954506.1819417, 1616954506.8712647]
[1616954506.1180842, 1616954507.6222632]
[1616954506.1400685, 1616954506.8227935]
[1616954506.2076068, 1616954507.040842]
[1616954506.2562616, 1616954506.922959]
[1616954506.2750146, 1616954506.9794056]
[1616954506.2198849, 1616954509.6859894]
[1616954506.3335497, 1616954507.042847]
[1616954506.134035, 1616954506.7754023]
[1616954506.4618983, 1616954507.1263156]
[1616954506.5036402, 1616954507.1799808]
[1616954506.9326606, 1616954507.5712073]
[1616954506.6710327, 1616954507.3169413]
[1616954506.5928447, 1616954507.2531312]
[1616954506.7897556, 1616954507.4802043]
[1616954506.747906, 1616954507.4118385]
[1616954506.8874145, 1616954507.5464427]
[1616954506.9400523, 1616954507.6241539]
[1616954507.036777, 1616954507.7765517]
[1616954507.0950432, 1616954509.8775873]
[1616954507.040558, 1616954507.8067336]
[1616954506.9805827, 1616954508.0666528]
[1616954507.2567403, 1616954507.9066517]
[1616954507.58765, 1616954508.2830296]
[1616954507.36628, 1616954508.0130026]
[1616954507.3277178, 1616954507.976847]
[1616954507.586223, 1616954508.334367]
[1616954507.5574853, 1616954508.2049556]
[1616954507.3859596, 1616954508.071252]
[1616954507.484124, 1616954508.1644068]
[1616954507.5103586, 1616954508.19118]
[1616954507.7143023, 1616954508.3721244]
[1616954507.698644, 1616954508.4525213]
[1616954507.6766865, 1616954508.3426895]
[1616954507.5790882, 1616954508.2541533]
[1616954507.724879, 1616954508.396166]
[1616954507.7795336, 1616954508.4533935]
[1616954508.0427067, 1616954509.5829215]
[1616954507.7987509, 1616954508.519577]
[1616954508.095537, 1616954508.82486]
[1616954508.00551, 1616954508.6452599]
[1616954508.0471454, 1616954510.1853926]
[1616954508.0773904, 1616954508.7249787]
[1616954508.1746604, 1616954508.8535454]
[1616954507.962939, 1616954508.5976336]
[1616954508.0542245, 1616954508.750412]
[1616954508.304492, 1616954508.9399858]
[1616954508.316426, 1616954508.9765806]
[1616954508.1474905, 1616954508.7887518]
[1616954508.8032897, 1616954509.4400153]
[1616954508.5985997, 1616954509.2903929]
[1616954508.4680567, 1616954509.1474662]
[1616954508.669724, 1616954509.2935061]
[1616954508.7118623, 1616954509.4324753]
[1616954508.7534783, 1616954509.3711877]
[1616954508.7680023, 1616954510.043673]
[1616954508.9255264, 1616954509.6200535]
[1616954508.951848, 1616954510.794296]
[1616954508.6918135, 1616954509.352058]
[1616954508.9224625, 1616954510.4696884]
[1616954508.83515, 1616954509.4737697]
[1616954509.0440366, 1616954510.6127493]
[1616954509.02242, 1616954509.6908326]
[1616954509.1644344, 1616954509.8376007]
[1616954509.2297668, 1616954509.9874399]
[1616954508.944871, 1616954509.6557975]
[1616954509.0354123, 1616954509.7155972]
[1616954509.3630624, 1616954510.051836]
[1616954509.3495617, 1616954510.8280425]
[1616954509.2809398, 1616954509.9608433]
[1616954509.600515, 1616954510.3405175]
[1616954509.4465988, 1616954510.112324]
[1616954509.2454724, 1616954509.871188]
[1616954509.4819975, 1616954510.1501615]
[1616954509.535907, 1616954510.4252138]
[1616954509.5916486, 1616954511.520738]
[1616954509.7159207, 1616954510.4679458]
[1616954509.8806615, 1616954510.5721104]
[1616954509.9759328, 1616954510.6219747]
[1616954509.954632, 1616954511.099465]
[1616954510.0174336, 1616954510.7065885]
[1616954509.5697877, 1616954510.292145]
[1616954509.6974432, 1616954510.4023976]
[1616954509.989662, 1616954510.6554537]
[1616954510.1318505, 1616954510.8214064]
[1616954510.2195888, 1616954510.8615856]
[1616954509.8901002, 1616954512.4356658]
[1616954510.1108446, 1616954515.9757688]
[1616954510.215745, 1616954510.9412587]
[1616954510.415929, 1616954513.6426508]
[1616954510.3057597, 1616954510.942414]
[1616954510.310321, 1616954511.0806398]
[1616954510.4889576, 1616954511.179796]
[1616954510.474295, 1616954511.2405899]
[1616954510.2749841, 1616954510.9759989]
[1616954510.586543, 1616954511.2393725]
[1616954510.7877538, 1616954511.5141222]
[1616954510.8774557, 1616954511.5319421]
[1616954510.624916, 1616954511.3134627]
[1616954510.7665918, 1616954511.4612925]
[1616954510.6829126, 1616954511.3801033]
[1616954510.98335, 1616954512.1201842]
[1616954510.8283002, 1616954511.5302002]
[1616954511.09295, 1616954512.7804046]
[1616954510.8614173, 1616954511.6043882]
[1616954511.078878, 1616954511.6928542]
[1616954511.2701347, 1616954517.1032307]
[1616954511.1386855, 1616954511.883232]
[1616954511.2081723, 1616954511.8876076]
[1616954511.1358283, 1616954511.8203092]
[1616954511.165143, 1616954511.8770723]
[1616954511.4639826, 1616954512.1616263]
[1616954511.3177757, 1616954511.9702725]
[1616954511.3413813, 1616954511.9688113]
[1616954511.4773386, 1616954512.2085872]
[1616954511.5787919, 1616954512.2549114]
[1616954511.6646566, 1616954512.6805315]
[1616954511.5289679, 1616954512.6748357]
[1616954511.5072985, 1616954523.1204214]
[1616954511.8116837, 1616954512.5139265]
[1616954511.7767384, 1616954512.441561]
[1616954511.732134, 1616954512.3537657]
[1616954511.93294, 1616954512.7539668]
[1616954511.911828, 1616954512.6052914]
[1616954511.8902595, 1616954512.6119468]
[1616954511.8668616, 1616954512.550617]
[1616954511.887074, 1616954512.5594308]
[1616954512.029894, 1616954512.67368]
[1616954512.1330163, 1616954512.8781083]
[1616954512.1611414, 1616954512.8862824]
[1616954512.2350574, 1616954512.9274344]
[1616954512.0358772, 1616954512.6923947]
[1616954512.344084, 1616954513.0448525]
[1616954512.3150575, 1616954513.7010927]
[1616954512.344357, 1616954513.1294715]
[1616954512.3491483, 1616954513.1139824]
[1616954512.44046, 1616954513.1135538]
[1616954512.3212686, 1616954515.8556738]
[1616954512.5046947, 1616954513.1671312]
[1616954512.373274, 1616954512.9868195]
[1616954512.6565886, 1616954518.2659776]
[1616954512.5380638, 1616954514.0709896]
[1616954512.6049476, 1616954513.2645023]
[1616954512.7429655, 1616954513.3644984]
[1616954512.5595086, 1616954513.2444115]
[1616954512.7583117, 1616954513.434917]
[1616954512.8597949, 1616954513.571185]
[1616954512.8199928, 1616954513.4955227]
[1616954513.0723302, 1616954513.7282903]
[1616954512.754119, 1616954514.0978014]
[1616954513.041557, 1616954514.3681664]
[1616954513.020599, 1616954513.6369636]
[1616954513.128851, 1616954514.4049244]
[1616954513.1954849, 1616954514.7551954]
[1616954513.16496, 1616954513.8654616]
[1616954513.2537818, 1616954514.8816786]
[1616954513.1111672, 1616954513.8160572]
[1616954513.1921413, 1616954514.811896]
[1616954513.1907938, 1616954513.8907723]
[1616954513.1834526, 1616954514.953303]
[1616954513.4714115, 1616954514.1963313]
[1616954513.2357621, 1616954513.9520094]
[1616954513.3051283, 1616954514.0109215]
[1616954513.5059803, 1616954514.702285]
[1616954513.4716125, 1616954514.0951712]
[1616954513.4925866, 1616954514.2112577]
[1616954513.4818485, 1616954514.233122]
[1616954513.5688796, 1616954514.2644439]
[1616954513.7273676, 1616954514.3328903]
[1616954513.7837043, 1616954514.4471686]
[1616954513.7148645, 1616954515.095302]
[1616954513.7004967, 1616954514.989819]
[1616954513.7752469, 1616954514.429872]
[1616954513.7317054, 1616954515.232196]
[1616954513.7807577, 1616954514.4862719]
[1616954513.9422884, 1616954514.6042974]
[1616954513.877475, 1616954514.5071168]
[1616954513.858075, 1616954515.19526]
[1616954513.911724, 1616954514.5982919]
[1616954513.8545377, 1616954514.5617495]
[1616954513.9590974, 1616954516.6834097]
[1616954513.9740775, 1616954514.65027]
[1616954513.87341, 1616954516.088129]
[1616954514.087889, 1616954514.7763414]
[1616954513.9038785, 1616954514.6037538]
[1616954514.1192348, 1616954514.7728016]
[1616954514.2182164, 1616954515.6188283]
[1616954514.1574492, 1616954514.9424722]
[1616954514.1459394, 1616954514.9242318]
[1616954514.2192125, 1616954515.9273026]
[1616954514.1947105, 1616954515.0137792]
[1616954514.2907453, 1616954515.0004086]
[1616954514.2921093, 1616954516.756444]
[1616954514.4674735, 1616954515.1592479]
[1616954514.3938453, 1616954515.0483136]
[1616954514.5985775, 1616954517.5977163]
[1616954514.3633325, 1616954515.6580565]
[1616954514.5385282, 1616954516.1010292]
[1616954514.490791, 1616954515.1645045]
[1616954514.6629212, 1616954515.364251]
[1616954514.6223347, 1616954515.2712803]
[1616954514.6054158, 1616954515.3234785]
[1616954514.6866379, 1616954515.3395822]
[1616954514.5506215, 1616954515.235626]
[1616954514.6892467, 1616954515.4079852]
[1616954514.6697342, 1616954515.4100502]
[1616954514.8044353, 1616954516.3330746]
[1616954514.7981303, 1616954515.4674098]
[1616954514.9293485, 1616954515.5596385]
[1616954514.5900645, 1616954515.2944245]
[1616954514.8403783, 1616954515.5073216]
[1616954514.889872, 1616954515.5976596]
[1616954514.9569097, 1616954515.6305017]
[1616954514.8037589, 1616954515.4312165]
[1616954515.1017857, 1616954515.7450924]
[1616954515.1071396, 1616954519.1055872]
[1616954514.9860945, 1616954515.6536448]
[1616954515.0942137, 1616954517.90835]
[1616954514.8952203, 1616954515.573656]
[1616954515.1687179, 1616954517.677565]
[1616954515.1170046, 1616954515.8116336]
[1616954515.1809916, 1616954515.8519168]
[1616954515.2857802, 1616954515.94431]
[1616954515.0650425, 1616954515.7005508]
[1616954515.1643076, 1616954515.8110619]
[1616954515.084668, 1616954515.7401712]
[1616954515.2159338, 1616954515.8805282]
[1616954515.2198648, 1616954515.915058]
[1616954515.3367634, 1616954516.0945263]
[1616954515.2203462, 1616954517.7672775]
[1616954515.3937836, 1616954516.935537]
[1616954515.363892, 1616954516.159188]
[1616954515.5530267, 1616954516.197587]
[1616954515.5214667, 1616954516.1776388]
[1616954515.4191635, 1616954516.300266]
[1616954515.3079088, 1616954520.9300096]
[1616954515.5565147, 1616954516.2393792]
[1616954515.5401437, 1616954517.2153084]
[1616954515.7329803, 1616954516.4839447]
[1616954515.5688815, 1616954516.2187319]
[1616954515.5582874, 1616954516.23424]
[1616954515.5890036, 1616954516.2933352]
[1616954515.761047, 1616954516.458615]
[1616954515.61904, 1616954517.3631516]
[1616954515.6159286, 1616954520.3575442]
[1616954515.7159343, 1616954516.3860354]
[1616954515.6626809, 1616954516.2907212]
[1616954515.6993322, 1616954516.391472]
[1616954515.7251604, 1616954516.362293]
[1616954515.6686683, 1616954516.6141093]
[1616954515.6586123, 1616954517.0457945]
[1616954515.5939825, 1616954517.4190788]
[1616954515.8000283, 1616954518.7971563]
[1616954515.8323576, 1616954516.4775057]
[1616954516.0129073, 1616954518.975595]
[1616954515.9260302, 1616954517.5988138]
[1616954515.8184245, 1616954516.4968567]
[1616954515.8743322, 1616954516.5102842]
[1616954515.898982, 1616954516.5842493]
[1616954515.9468548, 1616954516.6702552]
[1616954515.7920012, 1616954516.4830256]
[1616954515.9993558, 1616954516.6839173]
[1616954516.0027702, 1616954516.6316023]
[1616954516.0498955, 1616954519.2078617]
[1616954515.996757, 1616954516.6550696]
[1616954516.072211, 1616954516.7619324]
[1616954516.0179777, 1616954516.869362]
[1616954516.0652966, 1616954516.7301052]
[1616954516.129791, 1616954518.6298015]
[1616954516.101127, 1616954516.844313]
[1616954516.1124518, 1616954517.8986015]
[1616954516.2284925, 1616954517.3357346]
[1616954516.1445782, 1616954516.83124]
[1616954516.2187839, 1616954516.862968]
[1616954516.2375083, 1616954516.9364557]
[1616954516.1721869, 1616954517.7365992]
[1616954516.1204417, 1616954516.836881]
[1616954516.160997, 1616954516.836238]
[1616954516.1078749, 1616954517.2818503]
[1616954516.1549418, 1616954516.7842932]
[1616954516.2691429, 1616954518.8655405]
[1616954516.2603889, 1616954516.9558551]
[1616954516.1998873, 1616954516.868978]
[1616954516.262317, 1616954516.8970585]
[1616954516.1551764, 1616954517.792982]
[1616954516.224569, 1616954516.8709042]
[1616954516.2529016, 1616954518.059594]
[1616954516.4298263, 1616954517.1032975]
[1616954516.4548516, 1616954517.3407276]
[1616954516.391638, 1616954517.0854142]
[1616954516.268767, 1616954517.6146626]
[1616954516.4270463, 1616954517.9107714]
[1616954516.3437033, 1616954517.0319545]
[1616954516.436142, 1616954517.8820817]
[1616954516.4490428, 1616954517.125955]
[1616954516.4882495, 1616954517.1330228]
[1616954516.4363058, 1616954517.100874]
[1616954516.4515843, 1616954517.1683495]
[1616954516.414612, 1616954517.0643394]
[1616954516.499282, 1616954518.0620975]
[1616954516.336924, 1616954518.5032]
[1616954516.560013, 1616954519.288673]
[1616954516.4721513, 1616954517.126558]
[1616954516.5155737, 1616954517.9965837]
[1616954516.53889, 1616954517.1956792]
[1616954516.5487893, 1616954518.1434433]
[1616954516.5340853, 1616954517.8083267]
[1616954516.5447385, 1616954517.2411273]
[1616954516.5453038, 1616954518.304701]
[1616954516.5604796, 1616954517.2088413]
[1616954516.56486, 1616954517.709951]
[1616954516.3483806, 1616954516.993959]
[1616954516.4732122, 1616954517.0985484]
[1616954516.5728793, 1616954518.9880435]
[1616954516.5948906, 1616954517.2302666]
[1616954516.5751712, 1616954518.4061654]
[1616954516.48319, 1616954517.174079]
[1616954516.5655355, 1616954518.1615276]
[1616954516.3255494, 1616954516.99139]
[1616954516.55234, 1616954518.0446827]
[1616954516.6174397, 1616954517.3139596]
[1616954516.5327268, 1616954517.1948843]
[1616954516.3364635, 1616954516.9629135]
[1616954516.5735264, 1616954517.2239785]
[1616954516.6125195, 1616954517.405468]
[1616954516.4097767, 1616954517.6399438]
[1616954516.480456, 1616954517.8814237]
[1616954516.6605356, 1616954517.3424911]
[1616954516.6755643, 1616954518.6022885]
[1616954516.6438975, 1616954517.5044944]
[1616954516.6635187, 1616954517.4795144]
[1616954516.6344898, 1616954517.2686777]
[1616954516.63012, 1616954517.24692]
[1616954516.5702457, 1616954517.835603]
[1616954516.6593509, 1616954517.5049686]
[1616954516.6477668, 1616954518.2664173]
[1616954516.6560104, 1616954517.3083873]
[1616954516.6560242, 1616954517.486576]
[1616954516.638857, 1616954517.2681966]
