[1616954564.9146688, 1616954565.632269]
[1616954565.183831, 1616954568.3971927]
[1616954565.307158, 1616954566.653036]
[1616954565.5511162, 1616954566.1787207]
[1616954564.902022, 1616954565.7153487]
[1616954565.7471952, 1616954566.3722918]
[1616954565.4640646, 1616954566.2226312]
[1616954565.097761, 1616954565.7226396]
[1616954565.415589, 1616954566.0963466]
[1616954565.254076, 1616954565.920179]
[1616954565.3600268, 1616954565.994995]
[1616954565.340891, 1616954566.0013952]
[1616954565.47318, 1616954566.1216567]
[1616954565.2888532, 1616954565.936516]
[1616954565.0847826, 1616954565.849099]
[1616954565.331637, 1616954567.0937283]
[1616954565.1077857, 1616954565.774387]
[1616954565.4016798, 1616954566.0551987]
[1616954565.2204034, 1616954565.867635]
[1616954565.490854, 1616954566.179483]
[1616954565.8647149, 1616954568.0732431]
[1616954565.5400827, 1616954566.24836]
[1616954565.8084517, 1616954566.758]
[1616954566.2590773, 1616954566.9286282]
[1616954566.3073723, 1616954566.9804564]
[1616954565.8748994, 1616954566.5432527]
[1616954566.5474784, 1616954567.2513916]
[1616954566.4772897, 1616954567.1167655]
[1616954566.3573992, 1616954566.9812984]
[1616954566.8946528, 1616954567.5666618]
[1616954566.300014, 1616954567.0497792]
[1616954566.8302252, 1616954567.492794]
[1616954566.472524, 1616954567.0960221]
[1616954566.6580215, 1616954567.3381636]
[1616954566.6167579, 1616954567.293317]
[1616954566.8141866, 1616954567.8957348]
[1616954566.9833782, 1616954567.672176]
[1616954566.7071617, 1616954567.43357]
[1616954566.8535552, 1616954567.5230327]
[1616954567.3246174, 1616954567.9941757]
[1616954567.4924226, 1616954568.7032597]
[1616954567.565126, 1616954568.1899111]
[1616954567.3171778, 1616954567.958803]
[1616954567.5029223, 1616954569.2642956]
[1616954567.8355596, 1616954568.4873528]
[1616954567.7369878, 1616954568.397637]
[1616954567.7634416, 1616954569.0847573]
[1616954567.8505497, 1616954569.5186272]
[1616954568.1368742, 1616954569.3507988]
[1616954567.9579496, 1616954568.5885446]
[1616954568.2081351, 1616954568.8287604]
[1616954568.4408402, 1616954569.1006632]
[1616954568.5233498, 1616954569.197564]
[1616954568.6444867, 1616954569.274525]
[1616954568.6882157, 1616954569.3823662]
[1616954568.7747083, 1616954569.4982562]
[1616954568.7153804, 1616954569.4767349]
[1616954569.0663636, 1616954569.699855]
[1616954568.967211, 1616954569.6027389]
[1616954569.0135145, 1616954569.6773076]
[1616954569.1813235, 1616954569.8410861]
[1616954569.1947298, 1616954569.8384817]
[1616954569.2302969, 1616954571.022599]
[1616954569.3933518, 1616954570.0848348]
[1616954569.418836, 1616954570.0895581]
[1616954569.6200714, 1616954570.2642252]
[1616954569.755708, 1616954570.4323034]
[1616954569.8093467, 1616954570.4690988]
[1616954569.66304, 1616954570.2861764]
[1616954570.0199776, 1616954570.6711254]
[1616954569.8616996, 1616954570.5901833]
[1616954569.7100382, 1616954570.3688104]
[1616954570.1769066, 1616954570.9068995]
[1616954570.205391, 1616954570.8886364]
[1616954570.1629343, 1616954570.8297355]
[1616954570.621318, 1616954571.2381055]
[1616954569.9993103, 1616954570.6046093]
[1616954570.4279704, 1616954571.0552742]
[1616954570.5624533, 1616954571.300594]
[1616954570.6927624, 1616954571.346529]
[1616954570.5870152, 1616954571.9464283]
[1616954570.5248659, 1616954571.187292]
[1616954570.5412748, 1616954571.2273602]
[1616954570.770716, 1616954571.5430164]
[1616954570.8969004, 1616954571.6175272]
[1616954570.711172, 1616954571.42319]
[1616954570.9779913, 1616954571.6459181]
[1616954571.066522, 1616954571.7149048]
[1616954571.3024998, 1616954572.600329]
[1616954571.0716586, 1616954571.7328124]
[1616954571.0070748, 1616954572.8536391]
[1616954571.3406625, 1616954572.0378168]
[1616954571.5175078, 1616954572.2268963]
[1616954571.4264452, 1616954572.1486495]
[1616954571.4912338, 1616954572.163193]
[1616954571.4458828, 1616954572.6797218]
[1616954571.5812883, 1616954572.3048615]
[1616954571.8363063, 1616954572.4696236]
[1616954571.613353, 1616954572.9287782]
[1616954571.7250001, 1616954572.359852]
[1616954571.8752885, 1616954572.547195]
[1616954571.8896687, 1616954572.548653]
[1616954571.7460496, 1616954572.4476821]
[1616954571.978725, 1616954572.6250935]
[1616954572.1900697, 1616954572.8781993]
[1616954572.224562, 1616954572.8776076]
[1616954572.3114114, 1616954572.9628248]
[1616954572.3862705, 1616954573.073112]
[1616954572.423275, 1616954573.0895956]
[1616954572.383065, 1616954573.0398052]
[1616954572.5336897, 1616954573.2905304]
[1616954572.2234635, 1616954572.933995]
[1616954572.5475357, 1616954573.1660345]
[1616954572.7000744, 1616954573.4255714]
[1616954572.5110838, 1616954573.4875448]
[1616954572.7497087, 1616954573.4247198]
[1616954573.0552363, 1616954573.6972318]
[1616954572.8073418, 1616954573.4517455]
[1616954573.1868122, 1616954573.8574038]
[1616954573.121283, 1616954573.7505023]
[1616954572.9632607, 1616954573.6161103]
[1616954573.2925053, 1616954574.0034862]
[1616954573.2391324, 1616954573.9120922]
[1616954573.3052285, 1616954573.9846356]
[1616954573.2651699, 1616954574.3635876]
[1616954573.2914271, 1616954573.9459906]
[1616954573.576839, 1616954574.2136579]
[1616954573.2936068, 1616954574.9344926]
[1616954573.6569164, 1616954574.33461]
[1616954573.612946, 1616954574.264568]
[1616954573.8004253, 1616954574.4952452]
[1616954573.799563, 1616954574.4430425]
[1616954573.8341331, 1616954574.519839]
[1616954573.7481315, 1616954575.408684]
[1616954573.9767044, 1616954574.6642091]
[1616954574.041389, 1616954574.689085]
[1616954574.214805, 1616954574.8460886]
[1616954574.275065, 1616954574.9289112]
[1616954574.0810966, 1616954575.1934657]
[1616954574.2385929, 1616954574.8750727]
[1616954574.1308167, 1616954574.7933984]
[1616954574.390341, 1616954575.0441728]
[1616954574.263073, 1616954574.9509795]
[1616954574.374929, 1616954575.1319363]
[1616954574.3278618, 1616954575.018688]
[1616954574.4999466, 1616954575.2385492]
[1616954574.5831163, 1616954575.2498627]
[1616954574.6098657, 1616954575.2574756]
[1616954574.6595473, 1616954576.9063096]
[1616954574.9769568, 1616954575.6807222]
[1616954574.918643, 1616954575.6047676]
[1616954574.8748937, 1616954575.562715]
[1616954574.6683435, 1616954576.143042]
[1616954574.665505, 1616954575.361569]
[1616954574.7715507, 1616954575.4366877]
[1616954574.6887834, 1616954575.3492124]
[1616954574.9149263, 1616954575.5992143]
[1616954575.0871298, 1616954575.724869]
[1616954575.0300593, 1616954576.3334846]
[1616954575.3805792, 1616954576.0204623]
[1616954575.1514363, 1616954575.8837416]
[1616954575.2017171, 1616954577.1098533]
[1616954575.1386392, 1616954575.782212]
[1616954575.34908, 1616954575.9971132]
[1616954575.2664812, 1616954575.8907542]
[1616954575.5115047, 1616954576.138758]
[1616954575.3948717, 1616954576.1748514]
[1616954575.4408686, 1616954576.08861]
[1616954575.785666, 1616954576.9372067]
[1616954575.6119611, 1616954576.2843094]
[1616954575.6631947, 1616954576.3462663]
[1616954575.5802336, 1616954576.2044222]
[1616954575.885753, 1616954576.5261192]
[1616954575.775735, 1616954576.47776]
[1616954575.9799922, 1616954576.607681]
[1616954576.0476334, 1616954576.720839]
[1616954576.0540004, 1616954577.593829]
[1616954575.890273, 1616954576.5280845]
[1616954576.0818558, 1616954576.7454808]
[1616954576.11249, 1616954576.7643628]
[1616954576.141141, 1616954578.668263]
[1616954576.0238128, 1616954576.6486638]
[1616954576.2032838, 1616954576.8472402]
[1616954576.2268677, 1616954576.8747377]
[1616954576.145796, 1616954576.8330832]
[1616954576.5481446, 1616954577.2436466]
[1616954576.5276303, 1616954577.2371063]
[1616954576.359005, 1616954577.0408614]
[1616954576.500626, 1616954577.1375735]
[1616954576.5768096, 1616954577.2404954]
[1616954576.5605748, 1616954577.2305372]
[1616954576.7320454, 1616954577.3790958]
[1616954576.6978142, 1616954577.3662548]
[1616954576.9216876, 1616954577.6233642]
[1616954576.723787, 1616954577.6183097]
[1616954577.189911, 1616954577.8429325]
[1616954576.9632928, 1616954578.2427547]
[1616954577.1061642, 1616954577.7719526]
[1616954576.9087696, 1616954577.5957804]
[1616954577.1456413, 1616954577.7841122]
[1616954576.9742036, 1616954577.6162598]
[1616954577.1428664, 1616954577.8318202]
[1616954577.2698586, 1616954578.4208436]
[1616954577.2422948, 1616954577.9287367]
[1616954577.4721177, 1616954578.1470156]
[1616954577.3526597, 1616954578.0323963]
[1616954577.5421205, 1616954578.2025087]
[1616954577.9265301, 1616954578.5427701]
[1616954577.8140216, 1616954578.5031166]
[1616954577.6282308, 1616954578.2984722]
[1616954577.6872492, 1616954578.335594]
[1616954577.814808, 1616954578.4716678]
[1616954578.1172106, 1616954579.4884505]
[1616954577.9988875, 1616954578.730028]
[1616954578.0574143, 1616954578.7454126]
[1616954577.995848, 1616954578.762315]
[1616954578.0428188, 1616954582.8743777]
[1616954578.1198528, 1616954578.8621323]
[1616954578.2798796, 1616954578.9304297]
[1616954578.3433917, 1616954578.978122]
[1616954578.3625336, 1616954579.0185907]
[1616954578.2898245, 1616954578.9671214]
[1616954578.1900206, 1616954579.7602503]
[1616954578.2335339, 1616954578.8586104]
[1616954578.5347517, 1616954579.176778]
[1616954578.6270218, 1616954579.2595582]
[1616954578.6409733, 1616954579.3222594]
[1616954578.682199, 1616954581.4053297]
[1616954578.5595746, 1616954579.196232]
[1616954578.4788525, 1616954579.178512]
[1616954578.7729144, 1616954579.4700816]
[1616954578.746716, 1616954579.4462936]
[1616954579.0597107, 1616954579.7636719]
[1616954579.009622, 1616954579.7237544]
[1616954578.9439812, 1616954579.6208858]
[1616954579.1960707, 1616954579.8507733]
[1616954579.3564723, 1616954580.1628044]
[1616954578.9719012, 1616954579.664689]
[1616954579.3012004, 1616954580.006092]
[1616954579.1954904, 1616954579.9260466]
[1616954579.1099265, 1616954579.8594854]
[1616954579.5361123, 1616954580.1899064]
[1616954579.4802377, 1616954580.1574974]
[1616954579.5864494, 1616954580.2482696]
[1616954579.6258643, 1616954580.345651]
[1616954579.5672805, 1616954580.2185295]
[1616954579.8648412, 1616954580.528631]
[1616954579.860318, 1616954580.4798949]
[1616954579.6007369, 1616954580.255172]
[1616954579.7982771, 1616954580.6604702]
[1616954579.7641537, 1616954581.2114296]
[1616954580.02635, 1616954580.6855798]
[1616954579.9062014, 1616954580.5543482]
[1616954579.7552717, 1616954581.3263867]
[1616954580.1105871, 1616954580.7875822]
[1616954580.0086284, 1616954583.1656458]
[1616954579.9962847, 1616954580.733195]
[1616954580.1433535, 1616954580.839442]
[1616954579.836097, 1616954582.1487384]
[1616954580.2771413, 1616954580.9213662]
[1616954580.3747573, 1616954581.1304796]
[1616954580.3143165, 1616954580.9791496]
[1616954580.5254016, 1616954581.1466103]
[1616954580.2034445, 1616954580.8498664]
[1616954580.3211265, 1616954580.9939516]
[1616954580.4839137, 1616954582.2096736]
[1616954580.4825706, 1616954581.6822371]
[1616954580.7588084, 1616954581.466551]
[1616954580.6907408, 1616954581.409983]
[1616954580.6879508, 1616954581.352208]
[1616954580.824383, 1616954581.4886227]
[1616954580.9287875, 1616954581.5555775]
[1616954580.7588665, 1616954581.4305499]
[1616954580.8547232, 1616954581.5076828]
[1616954580.9383476, 1616954581.6014595]
[1616954581.0695105, 1616954581.7422776]
[1616954580.9902282, 1616954582.520613]
[1616954580.9121757, 1616954581.5941393]
[1616954581.0889938, 1616954581.875868]
[1616954581.0944073, 1616954581.7508314]
[1616954581.178191, 1616954581.896158]
[1616954581.3107865, 1616954581.9861095]
[1616954581.3318412, 1616954582.104066]
[1616954581.478641, 1616954583.0127683]
[1616954581.3619003, 1616954581.9936671]
[1616954581.7253466, 1616954582.894537]
[1616954581.5231128, 1616954582.1448393]
[1616954581.6067233, 1616954582.2433813]
[1616954581.8104925, 1616954582.4875877]
[1616954581.6768985, 1616954582.3391938]
[1616954581.7808163, 1616954582.4124355]
[1616954581.6942165, 1616954582.927391]
[1616954581.7348797, 1616954582.4105973]
[1616954581.7181218, 1616954582.361302]
[1616954581.8000524, 1616954582.4409692]
[1616954581.9525158, 1616954582.654395]
[1616954582.1661606, 1616954582.8025994]
[1616954582.1222298, 1616954585.0515487]
[1616954582.149107, 1616954582.7724416]
[1616954582.1515133, 1616954583.9636395]
[1616954582.3427303, 1616954585.5410364]
[1616954582.1528163, 1616954582.8479629]
[1616954582.3017814, 1616954582.97912]
[1616954582.3618069, 1616954583.1349525]
[1616954582.2475965, 1616954582.8909502]
[1616954582.4318573, 1616954583.0741763]
[1616954582.4664924, 1616954583.103296]
[1616954582.4306405, 1616954583.7188578]
[1616954582.5655234, 1616954583.2781124]
[1616954582.7366583, 1616954583.3704658]
[1616954582.4997637, 1616954583.2127116]
[1616954582.8374157, 1616954583.53674]
[1616954583.0782847, 1616954583.7541769]
[1616954582.8256383, 1616954583.5165908]
[1616954582.781929, 1616954583.3978312]
[1616954583.0122635, 1616954583.7032318]
[1616954583.07369, 1616954583.7194521]
[1616954582.967608, 1616954584.7105114]
[1616954583.0040493, 1616954583.7063007]
[1616954583.1073124, 1616954583.738661]
[1616954583.0697992, 1616954583.815294]
[1616954583.4363244, 1616954584.138622]
[1616954583.1580265, 1616954583.846307]
[1616954583.5176368, 1616954584.1678574]
[1616954583.5766084, 1616954584.258439]
[1616954583.5405285, 1616954584.24174]
[1616954583.434397, 1616954584.1060898]
[1616954583.327369, 1616954583.9643142]
[1616954583.51155, 1616954584.1482604]
[1616954583.5831485, 1616954584.2370272]
[1616954583.46483, 1616954584.8880482]
[1616954583.533401, 1616954584.5009909]
[1616954583.7465556, 1616954584.3895192]
[1616954583.550194, 1616954584.1991436]
[1616954583.7600262, 1616954584.4291384]
[1616954583.9002163, 1616954584.5859482]
[1616954584.044016, 1616954584.6877098]
[1616954583.9253623, 1616954584.6341176]
[1616954583.9336858, 1616954584.6579528]
[1616954584.1997714, 1616954584.8575892]
[1616954584.129435, 1616954584.7503865]
[1616954584.2306776, 1616954584.881617]
[1616954584.203985, 1616954584.8812368]
[1616954584.3275166, 1616954584.9879427]
[1616954584.3582935, 1616954584.9942381]
[1616954584.336098, 1616954585.0386941]
[1616954584.2763612, 1616954584.967532]
[1616954584.3887646, 1616954585.0662117]
[1616954584.383171, 1616954586.142243]
[1616954584.4739118, 1616954585.1443086]
[1616954584.7797613, 1616954585.413498]
[1616954584.8030226, 1616954585.491812]
[1616954584.803668, 1616954585.516319]
[1616954584.7173424, 1616954585.355174]
[1616954584.702534, 1616954585.3431227]
[1616954585.106026, 1616954585.807227]
[1616954584.980303, 1616954585.6829302]
[1616954585.102959, 1616954585.736132]
[1616954584.952429, 1616954585.6105618]
[1616954584.9549882, 1616954585.599503]
[1616954585.0513768, 1616954590.5011666]
[1616954585.1319754, 1616954585.7673087]
[1616954585.1988544, 1616954585.8375561]
[1616954585.1021535, 1616954586.5012598]
[1616954585.1273897, 1616954585.814743]
[1616954585.2674131, 1616954586.7275999]
[1616954585.4672155, 1616954586.1051173]
[1616954585.3988323, 1616954586.03205]
[1616954585.5264318, 1616954586.5943403]
[1616954585.512542, 1616954586.188006]
[1616954585.3766952, 1616954586.0048268]
[1616954585.807062, 1616954587.440493]
[1616954585.659515, 1616954586.2677045]
[1616954585.6503649, 1616954586.28442]
[1616954585.8136833, 1616954586.4434993]
[1616954585.8445556, 1616954586.5343733]
[1616954585.8434198, 1616954587.3079436]
[1616954585.5773444, 1616954586.2125912]
[1616954585.856823, 1616954589.4283805]
[1616954585.960027, 1616954586.7032747]
[1616954585.9207313, 1616954587.2616549]
[1616954585.968602, 1616954586.5970125]
[1616954586.0590043, 1616954586.7068608]
[1616954586.323546, 1616954587.0054739]
[1616954586.2835958, 1616954586.9414668]
[1616954586.1508622, 1616954586.828221]
[1616954586.2570162, 1616954586.9103777]
[1616954586.3596857, 1616954587.0267339]
[1616954586.2269125, 1616954586.8517082]
[1616954586.355595, 1616954587.0095606]
[1616954586.571784, 1616954587.255001]
[1616954586.3055863, 1616954586.9390428]
[1616954586.7117393, 1616954587.3687453]
[1616954586.5766273, 1616954587.2343974]
[1616954586.5833921, 1616954587.1998675]
[1616954586.8781648, 1616954587.503501]
[1616954586.8107877, 1616954588.9398084]
[1616954586.7672687, 1616954587.4127512]
[1616954586.6440105, 1616954587.3335414]
[1616954586.7834573, 1616954587.4664562]
[1616954586.7619343, 1616954587.416005]
[1616954586.9952264, 1616954587.714071]
[1616954586.914377, 1616954587.6058507]
[1616954586.9851673, 1616954587.6103895]
[1616954587.1092849, 1616954587.734283]
[1616954587.3077354, 1616954588.030466]
[1616954586.9924865, 1616954587.6324708]
[1616954587.098316, 1616954587.7350903]
[1616954587.1665187, 1616954587.8159075]
[1616954587.4773452, 1616954589.1160367]
[1616954587.573847, 1616954588.591444]
[1616954587.36216, 1616954588.3892734]
[1616954587.3770154, 1616954588.0389764]
[1616954587.4378345, 1616954588.1009765]
[1616954587.6273117, 1616954588.2650592]
[1616954587.4016016, 1616954588.177112]
[1616954587.6819842, 1616954588.3311403]
[1616954587.5482633, 1616954588.1992967]
[1616954587.726898, 1616954588.3907015]
[1616954587.9435363, 1616954588.6154506]
[1616954587.8370488, 1616954588.499902]
[1616954587.971717, 1616954588.63126]
[1616954587.9090211, 1616954588.5309062]
[1616954588.1059418, 1616954588.74899]
[1616954588.118164, 1616954589.3118052]
[1616954588.0406923, 1616954589.6350992]
[1616954588.268522, 1616954589.031875]
[1616954588.4597487, 1616954589.1666026]
[1616954588.3533738, 1616954589.521283]
[1616954588.229208, 1616954588.8918495]
[1616954588.2953963, 1616954588.9887142]
[1616954588.1145513, 1616954589.4714146]
[1616954588.4035084, 1616954589.0650425]
[1616954588.5564685, 1616954589.2523458]
[1616954588.5229206, 1616954589.163203]
[1616954588.4656398, 1616954589.1309137]
[1616954588.8680677, 1616954589.563017]
[1616954588.748132, 1616954589.4123833]
[1616954588.554406, 1616954589.2324643]
[1616954588.7766016, 1616954589.4259942]
[1616954588.9124067, 1616954589.5599475]
[1616954588.6758866, 1616954589.3293488]
[1616954588.8365316, 1616954590.5042014]
[1616954588.8577106, 1616954589.5302093]
[1616954589.0248682, 1616954589.727528]
[1616954588.9517796, 1616954589.574998]
[1616954589.0314486, 1616954589.6954818]
[1616954588.818, 1616954589.5220037]
[1616954588.9611485, 1616954589.5740082]
[1616954589.2379286, 1616954589.9366536]
[1616954589.3242729, 1616954590.0516725]
[1616954589.5424168, 1616954590.247837]
[1616954589.4755225, 1616954591.1933591]
[1616954589.421831, 1616954590.1075041]
[1616954589.5470707, 1616954591.710346]
[1616954589.432178, 1616954590.1113856]
[1616954589.5874002, 1616954590.2754092]
[1616954589.6737766, 1616954590.3364518]
[1616954589.646567, 1616954590.3328512]
[1616954589.497981, 1616954590.2318199]
[1616954589.572246, 1616954592.2694776]
[1616954589.8412144, 1616954590.5072198]
[1616954589.6878047, 1616954590.4212697]
[1616954589.8415465, 1616954590.507298]
[1616954589.947214, 1616954590.6225965]
[1616954590.0337064, 1616954590.681403]
[1616954589.924201, 1616954590.6268995]
[1616954590.132907, 1616954590.8174167]
[1616954590.0043979, 1616954590.684109]
[1616954590.0590131, 1616954590.7207646]
[1616954590.0871017, 1616954590.7192826]
[1616954590.2869015, 1616954590.9329586]
[1616954590.3615522, 1616954591.0961337]
[1616954590.2483115, 1616954590.8882828]
[1616954590.5043104, 1616954591.2429192]
[1616954590.4641767, 1616954593.323712]
[1616954590.4411416, 1616954591.4566028]
[1616954590.3518734, 1616954590.9960778]
[1616954590.3835735, 1616954591.0394418]
[1616954590.6675785, 1616954591.4033196]
[1616954590.5016663, 1616954591.1457868]
[1616954590.8797936, 1616954591.5824172]
[1616954590.7274923, 1616954591.4392102]
[1616954590.6552196, 1616954591.3524997]
[1616954590.8787897, 1616954591.511062]
[1616954590.835372, 1616954591.4858358]
[1616954590.8562694, 1616954591.4839838]
[1616954590.9577796, 1616954591.5984051]
[1616954591.0258327, 1616954591.6515133]
[1616954591.1223383, 1616954591.8781316]
[1616954591.2740011, 1616954591.9965277]
[1616954591.0559382, 1616954591.7116852]
[1616954591.3035643, 1616954595.4632688]
[1616954591.34889, 1616954591.9961224]
[1616954591.260131, 1616954592.9540224]
[1616954591.5036256, 1616954592.1874342]
[1616954591.4219306, 1616954592.1098828]
[1616954591.4634228, 1616954593.0801265]
[1616954591.5116735, 1616954592.1539016]
[1616954591.3347728, 1616954592.0098176]
[1616954591.6133847, 1616954592.2702403]
[1616954591.7656074, 1616954592.4551635]
[1616954591.5368428, 1616954592.1673632]
[1616954591.82848, 1616954592.5210953]
[1616954591.8012946, 1616954592.4092395]
[1616954591.741059, 1616954592.4059918]
[1616954591.878415, 1616954592.6304672]
[1616954591.9661944, 1616954592.6932108]
[1616954591.8193693, 1616954592.4480214]
[1616954591.9990788, 1616954592.6681635]
[1616954592.338987, 1616954594.0951617]
[1616954592.218584, 1616954592.858078]
[1616954592.1480606, 1616954592.822525]
[1616954592.149969, 1616954592.994155]
[1616954592.3890152, 1616954593.0437803]
[1616954592.098771, 1616954592.7523494]
[1616954592.2069724, 1616954592.974419]
[1616954592.3533006, 1616954592.9882345]
[1616954592.6870697, 1616954593.3621306]
[1616954592.7131224, 1616954593.4063551]
[1616954592.336299, 1616954593.319893]
[1616954592.500483, 1616954593.2421582]
[1616954592.7234035, 1616954593.3666713]
[1616954592.7180262, 1616954593.464907]
[1616954592.9800828, 1616954593.6400132]
[1616954592.9051917, 1616954593.8673935]
[1616954592.7611835, 1616954593.5239608]
[1616954592.9312682, 1616954593.573916]
[1616954592.981138, 1616954593.693137]
[1616954592.9102538, 1616954595.6528327]
[1616954593.365316, 1616954594.200415]
[1616954593.2591748, 1616954593.9112604]
[1616954593.2487178, 1616954593.9392765]
[1616954593.36843, 1616954593.9934847]
[1616954593.194754, 1616954594.6858876]
[1616954593.4437287, 1616954594.5863967]
[1616954593.350885, 1616954595.1475234]
[1616954593.289096, 1616954593.9403853]
[1616954593.2733798, 1616954594.6102672]
[1616954593.3418627, 1616954594.0507095]
[1616954593.4132109, 1616954594.7184167]
[1616954593.5369835, 1616954594.2312517]
[1616954593.5384388, 1616954595.9136622]
[1616954593.571912, 1616954594.2277455]
[1616954593.7331083, 1616954594.429359]
[1616954593.675516, 1616954594.3082938]
[1616954593.5444474, 1616954594.2275808]
[1616954593.8282464, 1616954594.4938843]
[1616954593.6469736, 1616954594.3109288]
[1616954593.6634822, 1616954594.3116643]
[1616954593.7839112, 1616954594.4782908]
[1616954593.8778262, 1616954594.5533037]
[1616954594.1942043, 1616954594.8613517]
[1616954594.1690943, 1616954595.8393378]
[1616954594.136683, 1616954594.7977884]
[1616954594.3301718, 1616954595.5771554]
[1616954594.2577631, 1616954594.9329789]
[1616954594.256928, 1616954594.9023404]
[1616954594.2767665, 1616954594.944006]
[1616954594.331529, 1616954595.015053]
[1616954594.3823993, 1616954595.052907]
[1616954594.3985713, 1616954595.027573]
[1616954594.6656966, 1616954595.3260627]
[1616954594.7331285, 1616954595.4511406]
[1616954594.2889442, 1616954594.9717195]
[1616954594.501805, 1616954595.185652]
[1616954594.6272445, 1616954595.3437536]
[1616954594.8712215, 1616954596.4031742]
[1616954594.5444746, 1616954595.2754896]
[1616954594.816001, 1616954595.4541993]
[1616954594.6426806, 1616954595.2917092]
[1616954594.9671314, 1616954595.6138375]
[1616954594.8150291, 1616954596.193589]
[1616954594.8514745, 1616954595.513255]
[1616954594.9952962, 1616954595.7448404]
[1616954595.0068204, 1616954595.691436]
[1616954595.080727, 1616954595.7495272]
[1616954595.0916846, 1616954596.051599]
[1616954595.1264966, 1616954595.7791352]
[1616954595.185486, 1616954595.853879]
[1616954595.2604315, 1616954595.9274716]
[1616954595.296151, 1616954596.0304997]
[1616954595.8213153, 1616954596.8031688]
[1616954595.519954, 1616954596.5084682]
[1616954595.6387558, 1616954596.2676625]
[1616954595.6066535, 1616954596.2502449]
[1616954595.6372082, 1616954596.5914273]
[1616954595.740266, 1616954596.8461757]
[1616954595.8018758, 1616954597.4113007]
[1616954595.800871, 1616954596.4527934]
[1616954595.95138, 1616954596.5965116]
[1616954595.7692416, 1616954596.4505465]
[1616954595.6973498, 1616954596.6405451]
[1616954595.840209, 1616954597.6227553]
[1616954595.9930527, 1616954596.6452239]
[1616954595.6549215, 1616954596.3026721]
[1616954595.9070952, 1616954597.237059]
[1616954596.2937455, 1616954597.0323358]
[1616954596.1888998, 1616954596.9033077]
[1616954596.3515387, 1616954597.096764]
[1616954596.4509802, 1616954597.265029]
[1616954596.2837117, 1616954596.9114473]
[1616954596.028576, 1616954599.5934913]
[1616954596.403568, 1616954597.0952098]
[1616954596.385733, 1616954597.063348]
[1616954596.5372245, 1616954597.233202]
[1616954596.607046, 1616954597.7141762]
[1616954596.6976924, 1616954597.370233]
[1616954596.9142416, 1616954597.5549452]
[1616954596.647564, 1616954597.2808864]
[1616954596.8152635, 1616954599.3165438]
[1616954596.8201392, 1616954597.4795644]
[1616954596.8116653, 1616954597.479932]
[1616954597.106546, 1616954597.7721539]
[1616954597.040952, 1616954597.759229]
[1616954597.2687302, 1616954597.8998706]
[1616954597.0084188, 1616954597.626039]
[1616954597.3519776, 1616954597.9898741]
[1616954596.8227935, 1616954597.5431242]
[1616954597.044133, 1616954597.6876175]
[1616954597.2391727, 1616954598.0887473]
[1616954597.19101, 1616954597.9051006]
[1616954597.1465166, 1616954597.828341]
[1616954597.117253, 1616954597.8538496]
[1616954597.2974398, 1616954597.9142456]
[1616954597.2668562, 1616954597.9398181]
[1616954597.478423, 1616954598.1300821]
[1616954597.4027796, 1616954598.7109747]
[1616954597.6315312, 1616954598.3210218]
[1616954597.5048544, 1616954598.4698155]
[1616954597.4501748, 1616954598.117594]
[1616954597.6662385, 1616954598.3165758]
[1616954597.7651682, 1616954599.9541383]
[1616954597.6259289, 1616954598.2591898]
[1616954597.714888, 1616954598.3609426]
[1616954597.6900063, 1616954598.3397486]
[1616954597.7841384, 1616954598.4904087]
[1616954598.1323383, 1616954598.8142903]
[1616954598.0134528, 1616954598.7130837]
[1616954597.8962274, 1616954598.6041653]
[1616954598.0509062, 1616954598.9488559]
[1616954598.0766587, 1616954598.7514315]
[1616954597.976732, 1616954598.6322255]
[1616954598.0920374, 1616954599.0977263]
[1616954598.2016075, 1616954598.9437919]
[1616954598.1997404, 1616954598.8529572]
[1616954598.4007163, 1616954599.0672863]
[1616954598.374206, 1616954599.0115957]
[1616954598.3616369, 1616954599.5348063]
[1616954598.4780912, 1616954599.1961071]
[1616954598.6139987, 1616954599.3342125]
[1616954598.7014542, 1616954599.5827463]
[1616954598.5499659, 1616954599.2183838]
[1616954598.7256548, 1616954599.340909]
[1616954598.8221927, 1616954599.4441683]
[1616954599.022402, 1616954600.3076766]
[1616954599.0304556, 1616954599.7461994]
[1616954598.9370928, 1616954599.605517]
[1616954598.8043404, 1616954600.2743995]
[1616954598.798126, 1616954599.5064304]
[1616954598.9830344, 1616954599.6378932]
[1616954599.1093035, 1616954599.736394]
[1616954599.203514, 1616954599.8669183]
[1616954598.9058015, 1616954600.4407654]
[1616954599.0434957, 1616954599.681066]
[1616954599.1958508, 1616954599.847443]
[1616954599.2436633, 1616954601.7763195]
[1616954599.30159, 1616954599.9414344]
[1616954599.2883842, 1616954599.920688]
[1616954599.401956, 1616954600.0179565]
[1616954599.4057336, 1616954600.706906]
[1616954599.2468412, 1616954600.0668669]
[1616954599.4848874, 1616954600.1109192]
[1616954599.5776412, 1616954600.2507935]
[1616954599.6895308, 1616954600.3526278]
[1616954599.5527623, 1616954600.2365508]
[1616954599.894675, 1616954600.585771]
[1616954599.7259643, 1616954600.369519]
[1616954600.1550653, 1616954600.824408]
[1616954599.9666882, 1616954600.6604292]
[1616954599.7436838, 1616954600.384721]
[1616954599.9484844, 1616954600.6059113]
[1616954600.0233474, 1616954600.6947193]
[1616954599.9899764, 1616954600.6269903]
[1616954600.0790427, 1616954600.7597651]
[1616954600.0663629, 1616954600.7492976]
[1616954599.880969, 1616954600.6244984]
[1616954600.0107553, 1616954600.71201]
[1616954600.0704424, 1616954600.7932227]
[1616954600.4831357, 1616954601.1278348]
[1616954600.4651096, 1616954602.196021]
[1616954600.4575214, 1616954601.1040843]
[1616954600.4783416, 1616954601.1092875]
[1616954600.5431814, 1616954601.1863616]
[1616954600.5711386, 1616954601.2163837]
[1616954600.6634402, 1616954601.4785674]
[1616954600.3819575, 1616954601.0289886]
[1616954600.7632873, 1616954601.480927]
[1616954600.6492019, 1616954601.2769907]
[1616954600.7059734, 1616954601.33179]
[1616954600.9514706, 1616954601.582512]
[1616954600.979352, 1616954604.023002]
[1616954601.370265, 1616954602.0480652]
[1616954601.0553277, 1616954601.6871777]
[1616954601.1113374, 1616954601.7714431]
[1616954601.2319949, 1616954603.9101207]
[1616954601.1297107, 1616954601.7712934]
[1616954601.2188914, 1616954601.8552656]
[1616954601.288309, 1616954601.9104517]
[1616954601.5256307, 1616954602.299132]
[1616954601.4682589, 1616954605.0150726]
[1616954601.3150668, 1616954601.9508722]
[1616954601.4497604, 1616954602.1303616]
[1616954601.5014348, 1616954602.681718]
[1616954601.6167815, 1616954602.571793]
[1616954601.6861482, 1616954602.3236477]
[1616954601.7646787, 1616954603.4216082]
[1616954601.6342483, 1616954604.7841737]
[1616954601.6108432, 1616954602.2347832]
[1616954601.7779577, 1616954602.4282153]
[1616954602.063789, 1616954602.6762645]
[1616954601.8658586, 1616954602.5019128]
[1616954602.0325286, 1616954604.1189616]
[1616954601.946296, 1616954602.6040874]
[1616954601.9712317, 1616954602.6846445]
[1616954602.0260494, 1616954603.5125165]
[1616954602.1736863, 1616954602.8624427]
[1616954602.2735453, 1616954602.9029777]
[1616954602.2990124, 1616954602.961621]
[1616954602.3343678, 1616954602.9985428]
[1616954602.0529757, 1616954603.6652305]
[1616954602.1519463, 1616954602.7938235]
[1616954602.5228524, 1616954603.9149222]
[1616954602.5234103, 1616954603.2434738]
[1616954602.522173, 1616954603.6034162]
[1616954602.5248883, 1616954603.2035935]
[1616954602.5862348, 1616954604.189734]
[1616954602.601832, 1616954603.2746625]
[1616954602.6168463, 1616954603.2493412]
[1616954602.691901, 1616954603.349887]
[1616954602.755974, 1616954603.4822607]
[1616954602.8054981, 1616954603.4385295]
[1616954603.0619016, 1616954603.7527084]
[1616954603.1354456, 1616954604.1676664]
[1616954603.0445955, 1616954603.688894]
[1616954603.1058729, 1616954603.7546887]
[1616954603.1440856, 1616954603.9100537]
[1616954603.1722806, 1616954603.8318985]
[1616954603.189412, 1616954603.8515208]
[1616954603.0789502, 1616954604.6735287]
[1616954603.09415, 1616954604.6802506]
[1616954603.4063985, 1616954604.0600278]
[1616954603.3981502, 1616954610.9839969]
[1616954603.2845607, 1616954604.0117662]
[1616954603.4567385, 1616954604.1134098]
[1616954603.4975324, 1616954604.1324308]
[1616954603.4895794, 1616954604.16461]
[1616954603.5327368, 1616954604.2186165]
[1616954603.4595084, 1616954604.0995975]
[1616954603.7365434, 1616954604.402898]
[1616954603.7861547, 1616954604.4068842]
[1616954603.79238, 1616954604.4625432]
[1616954603.8864484, 1616954604.5683057]
[1616954603.944807, 1616954604.5907001]
[1616954603.910808, 1616954604.6497414]
[1616954603.915754, 1616954605.1827238]
[1616954604.0899596, 1616954604.7735395]
[1616954604.1144617, 1616954605.252354]
[1616954604.1272798, 1616954605.8836446]
[1616954604.220616, 1616954604.9135532]
[1616954604.1868067, 1616954604.8420947]
[1616954604.6836874, 1616954605.3658476]
[1616954604.5458527, 1616954605.7999337]
[1616954604.3006928, 1616954605.0479984]
[1616954604.5347502, 1616954605.1582193]
[1616954604.4027834, 1616954605.0613842]
[1616954604.4892137, 1616954605.165168]
[1616954604.6722794, 1616954605.3725452]
[1616954604.641039, 1616954605.2655828]
[1616954604.5987027, 1616954606.0775292]
[1616954604.5837796, 1616954605.2362204]
[1616954604.5615287, 1616954605.2382836]
[1616954604.7213118, 1616954605.3513227]
[1616954604.842259, 1616954605.5736659]
[1616954604.9873915, 1616954605.716552]
[1616954604.8633993, 1616954605.4997442]
[1616954604.770641, 1616954605.5071943]
[1616954604.8201072, 1616954605.4770572]
[1616954604.9936752, 1616954605.6889567]
[1616954605.2095172, 1616954605.928726]
[1616954605.147846, 1616954605.8140166]
[1616954605.1550612, 1616954605.8050828]
[1616954605.144274, 1616954606.6094518]
[1616954605.448142, 1616954609.766596]
[1616954605.144368, 1616954605.8308384]
[1616954605.0965397, 1616954605.7754195]
[1616954605.3488293, 1616954606.0584083]
[1616954605.3700073, 1616954607.1879056]
[1616954605.5001616, 1616954606.1458135]
[1616954605.640029, 1616954606.3124099]
[1616954605.6269526, 1616954606.3239553]
[1616954605.7055774, 1616954606.879119]
[1616954605.5737605, 1616954606.2762666]
[1616954605.5657177, 1616954607.182864]
[1616954605.5702562, 1616954606.2161145]
[1616954605.6391046, 1616954606.2858655]
[1616954605.7673645, 1616954606.454546]
[1616954605.8562229, 1616954606.5466754]
[1616954605.9155564, 1616954607.6520348]
[1616954605.8353517, 1616954606.4827826]
[1616954605.863858, 1616954606.4790637]
[1616954605.9481263, 1616954606.6062431]
[1616954606.0020623, 1616954606.7388194]
[1616954606.1253436, 1616954606.737824]
[1616954606.047702, 1616954606.6761074]
[1616954605.9954462, 1616954606.6925023]
[1616954606.0433223, 1616954607.6512756]
[1616954605.9833884, 1616954611.0228596]
[1616954606.3239844, 1616954606.9667192]
[1616954606.3022568, 1616954606.9334183]
[1616954606.2240207, 1616954606.8902268]
[1616954606.1024294, 1616954607.1803539]
[1616954606.2435112, 1616954606.9108942]
[1616954606.1255023, 1616954606.7594993]
[1616954606.3847048, 1616954607.0717435]
[1616954606.4316204, 1616954607.1603549]
[1616954606.4635239, 1616954607.144177]
[1616954606.5684557, 1616954607.2533097]
[1616954606.4058578, 1616954607.0469725]
[1616954606.5491378, 1616954610.784133]
[1616954606.5987704, 1616954607.2292209]
[1616954606.7124712, 1616954607.3556404]
[1616954606.8619947, 1616954607.5494013]
[1616954606.718888, 1616954607.3477519]
[1616954606.8232052, 1616954607.4908853]
[1616954606.6060746, 1616954607.2853627]
[1616954606.9031413, 1616954608.4191282]
[1616954606.8053553, 1616954607.4174118]
[1616954606.7862198, 1616954607.554906]
[1616954606.7780528, 1616954607.4122055]
[1616954606.9216566, 1616954607.5521405]
[1616954607.0184216, 1616954607.6948597]
[1616954606.9649785, 1616954607.6420348]
[1616954607.026161, 1616954608.463054]
[1616954607.0751376, 1616954607.6864145]
[1616954607.0923905, 1616954607.8278959]
[1616954606.9672356, 1616954607.655742]
[1616954607.353958, 1616954607.9705222]
[1616954607.2001715, 1616954607.892303]
[1616954607.420002, 1616954608.9396515]
[1616954607.1703415, 1616954607.85469]
[1616954607.1124432, 1616954607.8133974]
[1616954607.3076053, 1616954607.9784048]
[1616954607.2937431, 1616954608.2388244]
[1616954607.538884, 1616954608.2056525]
[1616954607.2763002, 1616954607.9716604]
[1616954607.4515617, 1616954608.077865]
[1616954607.3890638, 1616954608.0638945]
[1616954607.4914935, 1616954608.1504295]
[1616954607.5936027, 1616954608.3708937]
[1616954607.4705122, 1616954608.1410806]
[1616954607.6930513, 1616954609.3366046]
[1616954607.6444821, 1616954608.3014991]
[1616954607.7044556, 1616954608.3696783]
[1616954607.646104, 1616954608.354236]
[1616954607.818113, 1616954608.5419366]
[1616954607.689925, 1616954608.3964152]
[1616954607.610821, 1616954608.2504046]
[1616954607.9717872, 1616954608.6777973]
[1616954607.9539464, 1616954608.6261067]
[1616954607.910604, 1616954608.6164804]
[1616954607.835126, 1616954608.5696561]
[1616954607.8333037, 1616954609.531064]
[1616954608.062928, 1616954608.7014945]
[1616954608.0170412, 1616954608.6974096]
[1616954607.9120765, 1616954610.181519]
[1616954608.015776, 1616954608.679903]
[1616954608.1404934, 1616954608.8009193]
[1616954608.1991084, 1616954608.8831952]
[1616954608.0547016, 1616954608.711715]
[1616954608.0746443, 1616954608.7418823]
[1616954608.1927526, 1616954608.8861125]
[1616954608.2667797, 1616954608.9052198]
[1616954608.1845238, 1616954608.8609834]
[1616954608.287151, 1616954608.9229891]
[1616954608.2309914, 1616954608.9033654]
[1616954608.3359175, 1616954609.057649]
[1616954608.3195345, 1616954608.9788804]
[1616954608.393342, 1616954609.083015]
[1616954608.395285, 1616954609.0901916]
[1616954608.338493, 1616954609.0290523]
[1616954608.373871, 1616954610.0905745]
[1616954608.4989023, 1616954611.4374132]
[1616954608.5393155, 1616954609.187519]
[1616954608.4283977, 1616954609.114739]
[1616954608.5017953, 1616954609.2931764]
[1616954608.4953675, 1616954609.1647253]
[1616954608.4674635, 1616954609.1470785]
[1616954608.5636244, 1616954609.2703466]
[1616954608.4338157, 1616954609.1133287]
[1616954608.5845158, 1616954609.2664874]
[1616954608.728571, 1616954609.3587723]
[1616954608.6873226, 1616954611.5831454]
[1616954608.7173002, 1616954609.342881]
[1616954608.7333574, 1616954610.285893]
[1616954608.7199304, 1616954611.0636256]
[1616954608.7018507, 1616954609.3947558]
[1616954608.7681189, 1616954611.6257741]
[1616954608.8031125, 1616954609.4372847]
[1616954608.9151886, 1616954609.5650768]
[1616954608.7521498, 1616954609.3947344]
[1616954608.7354724, 1616954609.4560332]
[1616954608.8724413, 1616954609.5502782]
[1616954608.9806325, 1616954609.636994]
[1616954608.8935142, 1616954609.7878199]
[1616954608.9620264, 1616954609.5892603]
[1616954608.961058, 1616954609.6494794]
[1616954608.8765082, 1616954610.374036]
[1616954609.0390277, 1616954609.7295864]
[1616954608.930348, 1616954609.9189894]
[1616954608.936448, 1616954609.6181014]
[1616954608.8503077, 1616954609.4723222]
[1616954609.041629, 1616954612.860296]
[1616954608.9972463, 1616954609.7084188]
[1616954609.0771108, 1616954609.7441463]
[1616954609.034387, 1616954609.7116394]
[1616954609.107179, 1616954609.7962756]
[1616954609.0068014, 1616954609.6741776]
[1616954609.1311102, 1616954610.3797069]
[1616954609.1143932, 1616954610.2732477]
[1616954609.2570348, 1616954612.3430297]
[1616954609.2472534, 1616954610.8411682]
[1616954609.2993953, 1616954609.9436367]
[1616954609.1174471, 1616954609.82161]
[1616954609.2688496, 1616954609.9237118]
[1616954609.178487, 1616954612.1919477]
[1616954609.3810606, 1616954610.4821053]
[1616954609.236117, 1616954609.903523]
[1616954609.2372239, 1616954609.8691812]
[1616954609.2726977, 1616954609.92334]
[1616954609.5724332, 1616954610.552635]
[1616954609.3680387, 1616954610.0133498]
[1616954609.357361, 1616954612.1098018]
[1616954609.4393766, 1616954611.6796508]
[1616954609.4912746, 1616954611.293224]
[1616954609.3204641, 1616954613.732789]
[1616954609.5538788, 1616954611.3878138]
[1616954609.337409, 1616954610.03879]
[1616954609.3000698, 1616954609.9910088]
[1616954609.5569835, 1616954610.2188249]
[1616954609.572457, 1616954611.0237052]
[1616954609.2652686, 1616954613.1295695]
[1616954609.466094, 1616954612.0794275]
[1616954609.573394, 1616954612.781018]
[1616954609.3349404, 1616954610.0241184]
[1616954609.385347, 1616954611.2165754]
[1616954609.6106143, 1616954610.2479053]
[1616954609.613905, 1616954611.2864544]
[1616954609.4774616, 1616954610.9227993]
[1616954609.6607924, 1616954611.1301289]
[1616954609.6771405, 1616954610.403467]
[1616954609.4421868, 1616954612.367751]
[1616954609.4115934, 1616954610.0869703]
[1616954609.528372, 1616954612.1751232]
[1616954609.4087937, 1616954611.3620896]
[1616954609.5160086, 1616954610.8882706]
[1616954609.527096, 1616954610.2076108]
[1616954609.666037, 1616954612.9904294]
[1616954609.4824939, 1616954611.4507904]
[1616954609.4793026, 1616954610.0852892]
[1616954609.6819613, 1616954610.3290064]
[1616954609.7108653, 1616954610.433146]
[1616954609.662153, 1616954610.3612862]
[1616954609.4500828, 1616954610.092996]
[1616954609.6499782, 1616954611.3312588]
[1616954609.5869863, 1616954611.3900852]
[1616954609.5194712, 1616954610.1549988]
[1616954609.5211132, 1616954610.434783]
[1616954609.657556, 1616954610.757357]
[1616954609.4934351, 1616954612.0803425]
[1616954609.645976, 1616954612.9298074]
[1616954609.6991267, 1616954610.4806418]
[1616954609.6048522, 1616954610.2680871]
[1616954609.7431014, 1616954612.13541]
[1616954609.6379292, 1616954611.2291386]
[1616954609.5275488, 1616954610.7927449]
[1616954609.7626312, 1616954610.4063833]
[1616954609.6681051, 1616954613.131669]
[1616954609.673604, 1616954613.217097]
[1616954609.7183015, 1616954610.3993545]
[1616954609.576474, 1616954610.74546]
[1616954609.7147343, 1616954611.7169704]
[1616954609.6917434, 1616954610.4038424]
[1616954609.7333891, 1616954612.3982503]
[1616954609.75138, 1616954611.5158966]
[1616954609.7637372, 1616954610.834715]
[1616954609.7693803, 1616954610.3985322]
[1616954609.6335986, 1616954610.7504516]
[1616954609.7352955, 1616954610.5773084]
[1616954609.5993822, 1616954610.2299137]
