[1616801218.872604, 1616801221.6119363]
[1616801219.2552986, 1616801221.9574413]
[1616801219.0873842, 1616801221.8087885]
[1616801219.0927496, 1616801221.8168943]
[1616801218.9541993, 1616801221.6910577]
[1616801218.935768, 1616801221.689945]
[1616801218.6461294, 1616801221.4128692]
[1616801219.2722242, 1616801221.9816952]
[1616801218.900848, 1616801221.6666884]
[1616801218.7499712, 1616801221.4992557]
[1616801219.2267735, 1616801221.9539604]
[1616801219.3232925, 1616801222.0472226]
[1616801218.94792, 1616801221.6876338]
[1616801219.1502573, 1616801221.8508954]
[1616801219.222341, 1616801221.9247255]
[1616801219.2656748, 1616801222.0020902]
[1616801219.2520545, 1616801221.9492297]
[1616801219.141193, 1616801221.90952]
[1616801219.1318192, 1616801221.8608532]
[1616801219.0954938, 1616801221.835757]
[1616801219.2836072, 1616801222.0073242]
[1616801219.5104275, 1616801222.2589386]
[1616801219.870445, 1616801222.5554125]
[1616801219.633016, 1616801222.3546057]
[1616801219.69386, 1616801222.4150426]
[1616801219.7392323, 1616801222.459291]
[1616801220.0112064, 1616801222.7504168]
[1616801219.9978366, 1616801222.7107353]
[1616801219.8485444, 1616801222.5907478]
[1616801220.2235003, 1616801223.009615]
[1616801220.3455, 1616801223.0783732]
[1616801220.4820285, 1616801223.221941]
[1616801220.4081619, 1616801223.1028306]
[1616801220.350887, 1616801223.0929239]
[1616801220.1627526, 1616801222.8559203]
[1616801220.3231137, 1616801223.0337706]
[1616801220.6783464, 1616801223.3592389]
[1616801220.6936293, 1616801223.3711126]
[1616801220.622567, 1616801223.3065538]
[1616801220.6716874, 1616801223.3992202]
[1616801220.855254, 1616801223.584311]
[1616801221.0002198, 1616801223.7284486]
[1616801221.0622578, 1616801223.777331]
[1616801221.1296015, 1616801223.8582115]
[1616801220.99941, 1616801223.743348]
[1616801221.2332551, 1616801224.0101786]
[1616801221.543974, 1616801224.288616]
[1616801221.589776, 1616801224.3272278]
[1616801221.7019644, 1616801224.4631186]
[1616801221.6095748, 1616801224.3361254]
[1616801221.5835302, 1616801224.3477182]
[1616801221.81899, 1616801224.550912]
[1616801221.8452895, 1616801224.595275]
[1616801221.9801106, 1616801224.6950686]
[1616801222.193268, 1616801224.9128022]
[1616801222.4256864, 1616801225.151853]
[1616801222.2548594, 1616801224.9626744]
[1616801222.411, 1616801225.1299162]
[1616801222.5044582, 1616801225.2185297]
[1616801222.7119915, 1616801225.4858205]
[1616801222.6717844, 1616801225.3721921]
[1616801222.9646268, 1616801225.6784754]
[1616801222.631742, 1616801225.3777702]
[1616801223.044723, 1616801225.828]
[1616801222.8158946, 1616801225.5317664]
[1616801223.0407574, 1616801225.7512712]
[1616801222.9479563, 1616801225.7230504]
[1616801222.9152336, 1616801225.581248]
[1616801222.8476002, 1616801225.552045]
[1616801223.257006, 1616801226.040307]
[1616801223.0940201, 1616801225.8121119]
[1616801223.4815161, 1616801226.169256]
[1616801223.4318821, 1616801226.1620119]
[1616801223.5142834, 1616801226.1763935]
[1616801223.4588292, 1616801226.1851258]
[1616801223.7114658, 1616801226.4603384]
[1616801223.7173154, 1616801226.4897578]
[1616801223.608572, 1616801226.3455]
[1616801223.814986, 1616801226.583194]
[1616801223.696092, 1616801226.4099858]
[1616801223.8099148, 1616801226.5477257]
[1616801224.0894768, 1616801226.8229573]
[1616801224.28137, 1616801226.9889028]
[1616801224.3691509, 1616801227.139532]
[1616801224.121902, 1616801226.8534636]
[1616801224.264956, 1616801226.9870117]
[1616801224.5243459, 1616801227.217179]
[1616801224.405357, 1616801227.143291]
[1616801224.4995632, 1616801227.2576487]
[1616801224.3096938, 1616801227.0643718]
[1616801224.3725286, 1616801227.0977447]
[1616801224.7714531, 1616801227.5256124]
[1616801224.623146, 1616801227.374792]
[1616801224.9375777, 1616801227.662335]
[1616801224.7137675, 1616801227.4281092]
[1616801224.8748062, 1616801227.6729395]
[1616801224.7160964, 1616801227.4379313]
[1616801224.9092011, 1616801227.6239433]
[1616801225.3099976, 1616801228.0515556]
[1616801224.9500906, 1616801227.6755667]
[1616801225.0658648, 1616801227.8178377]
[1616801225.1159472, 1616801227.8878558]
[1616801225.082975, 1616801227.808814]
[1616801225.3043253, 1616801228.0439863]
[1616801225.2354703, 1616801227.9755127]
[1616801225.5900836, 1616801228.2648299]
[1616801225.5586112, 1616801228.2545524]
[1616801225.5586364, 1616801228.2771745]
[1616801225.506534, 1616801228.2851105]
[1616801225.6041472, 1616801228.3575575]
[1616801225.6307948, 1616801228.327117]
[1616801225.8800786, 1616801228.649698]
[1616801225.8586118, 1616801228.6386063]
[1616801225.8695683, 1616801228.5829377]
[1616801225.859581, 1616801228.5702157]
[1616801226.0397692, 1616801228.8287358]
[1616801225.9917488, 1616801228.7010486]
[1616801226.0971024, 1616801228.8138506]
[1616801225.9955513, 1616801228.7382433]
[1616801226.3022282, 1616801228.99206]
[1616801226.2380352, 1616801228.9683874]
[1616801226.393791, 1616801229.1225634]
[1616801226.435825, 1616801229.1622477]
[1616801226.3284328, 1616801229.0194438]
[1616801226.563046, 1616801229.2864778]
[1616801226.52183, 1616801229.262648]
[1616801226.634128, 1616801229.3964393]
[1616801226.7838948, 1616801229.522597]
[1616801226.9259624, 1616801229.6697242]
[1616801226.9999688, 1616801229.711881]
[1616801226.9557967, 1616801229.7033765]
[1616801227.0887961, 1616801229.8456547]
[1616801227.2312775, 1616801229.933032]
[1616801227.2590551, 1616801229.9937158]
[1616801227.2965097, 1616801230.0625625]
[1616801227.538887, 1616801230.2803648]
[1616801227.3352163, 1616801230.05862]
[1616801227.3114042, 1616801230.081773]
[1616801227.8009465, 1616801230.5379555]
[1616801227.7616394, 1616801230.4847865]
[1616801227.7328162, 1616801230.4747303]
[1616801227.722911, 1616801230.4519184]
[1616801227.8590748, 1616801230.5819302]
[1616801227.7781653, 1616801230.4873004]
[1616801228.1354468, 1616801230.8491795]
[1616801228.0863507, 1616801230.8090317]
[1616801228.2069676, 1616801230.9281533]
[1616801228.2627263, 1616801230.9598167]
[1616801228.2464056, 1616801230.967111]
[1616801228.3231492, 1616801231.0708277]
[1616801228.3487942, 1616801231.0479312]
[1616801228.3663723, 1616801231.1015608]
[1616801228.4259543, 1616801231.1513822]
[1616801228.5493524, 1616801231.2880049]
[1616801228.4344013, 1616801231.093024]
[1616801228.5585449, 1616801231.276339]
[1616801228.4946744, 1616801231.2075353]
[1616801228.4474652, 1616801231.1686432]
[1616801228.5906892, 1616801231.2982473]
[1616801228.7196553, 1616801231.4330957]
[1616801228.8058636, 1616801231.5598805]
[1616801228.7050755, 1616801231.4773245]
[1616801228.8226795, 1616801231.5489466]
[1616801229.0039537, 1616801231.6948135]
[1616801228.9852276, 1616801231.6979742]
[1616801228.9644454, 1616801231.7495284]
[1616801229.0920615, 1616801231.8287547]
[1616801229.1431704, 1616801231.8703856]
[1616801229.2278607, 1616801231.9366808]
[1616801229.2467282, 1616801232.0155675]
[1616801229.428241, 1616801232.19254]
[1616801229.3912005, 1616801232.130549]
[1616801229.49641, 1616801232.261488]
[1616801229.6124482, 1616801232.361999]
[1616801229.3755891, 1616801232.0948124]
[1616801229.3947537, 1616801232.1405966]
[1616801229.4437854, 1616801232.1687741]
[1616801229.6355948, 1616801232.3476868]
[1616801229.6174872, 1616801232.3329256]
[1616801229.6497612, 1616801232.3864307]
[1616801229.7812905, 1616801232.4748628]
[1616801230.058663, 1616801232.7697186]
[1616801230.1138508, 1616801232.8530288]
[1616801229.9194493, 1616801232.6740634]
[1616801230.1763268, 1616801232.8958607]
[1616801229.8411212, 1616801232.5550113]
[1616801230.046435, 1616801232.7604651]
[1616801229.8047981, 1616801232.5334907]
[1616801230.020029, 1616801232.7528734]
[1616801230.2175083, 1616801232.9826267]
[1616801230.103104, 1616801232.9002106]
[1616801230.298058, 1616801232.9550323]
[1616801230.3733633, 1616801233.0938988]
[1616801230.215397, 1616801232.9225385]
[1616801230.2868679, 1616801233.0306442]
[1616801230.4647264, 1616801233.1906512]
[1616801230.416443, 1616801233.1307058]
[1616801230.5290053, 1616801233.2564175]
[1616801230.570721, 1616801233.3021526]
[1616801230.7384434, 1616801233.4579816]
[1616801230.6797965, 1616801233.4051056]
[1616801230.8138444, 1616801233.5447493]
[1616801230.8425064, 1616801233.5589433]
[1616801230.8531268, 1616801233.5664089]
[1616801230.902514, 1616801233.6375816]
[1616801230.9361987, 1616801233.648271]
[1616801230.9407146, 1616801233.6512883]
[1616801231.200796, 1616801233.9277844]
[1616801231.3660848, 1616801234.0778875]
[1616801231.1979861, 1616801233.919011]
[1616801231.1411843, 1616801233.8903458]
[1616801231.0303335, 1616801233.7656178]
[1616801231.1569142, 1616801233.852097]
[1616801231.2631147, 1616801233.969251]
[1616801231.344671, 1616801234.0342414]
[1616801231.2974463, 1616801234.0286398]
[1616801231.5300496, 1616801234.2733667]
[1616801231.4612517, 1616801234.1481068]
[1616801231.4098475, 1616801234.152953]
[1616801231.4585948, 1616801234.1719193]
[1616801231.6430137, 1616801234.4902916]
[1616801231.6583648, 1616801234.359494]
[1616801231.8901227, 1616801234.6324897]
[1616801231.7168393, 1616801234.4171956]
[1616801231.625518, 1616801234.3843772]
[1616801231.9826608, 1616801234.7004428]
[1616801231.949402, 1616801234.6831813]
[1616801232.031479, 1616801234.8074107]
[1616801231.8900158, 1616801234.712844]
[1616801232.1049395, 1616801234.819013]
[1616801231.9375508, 1616801234.6152694]
[1616801231.8528304, 1616801234.5354111]
[1616801232.070741, 1616801234.7853873]
[1616801232.4171624, 1616801235.1893084]
[1616801232.2246647, 1616801234.9555445]
[1616801232.1984162, 1616801234.9961927]
[1616801232.1187623, 1616801234.8573759]
[1616801232.258329, 1616801234.9652786]
[1616801232.3149486, 1616801235.0749218]
[1616801232.4545333, 1616801235.201291]
[1616801232.524527, 1616801235.2332735]
[1616801232.5278494, 1616801235.2257576]
[1616801232.7863836, 1616801235.474381]
[1616801232.555233, 1616801235.264134]
[1616801232.5538123, 1616801235.2808633]
[1616801232.7759175, 1616801235.4878602]
[1616801232.6589117, 1616801235.369968]
[1616801232.8143952, 1616801235.5477788]
[1616801232.7339332, 1616801235.4756675]
[1616801232.873367, 1616801235.625476]
[1616801233.2229433, 1616801235.8904915]
[1616801233.2608268, 1616801235.9713004]
[1616801233.0472808, 1616801235.7900984]
[1616801232.883228, 1616801235.6284146]
[1616801233.1324022, 1616801235.8663614]
[1616801233.209048, 1616801235.9236724]
[1616801233.1997862, 1616801235.9188552]
[1616801233.2162566, 1616801236.0275924]
[1616801233.4099274, 1616801236.1691077]
[1616801233.2763937, 1616801235.9700642]
[1616801233.452778, 1616801236.2230976]
[1616801233.3429928, 1616801236.0706553]
[1616801233.505658, 1616801236.2473109]
[1616801233.5483792, 1616801236.258013]
[1616801233.5568619, 1616801236.3250053]
[1616801233.617335, 1616801236.3338346]
[1616801233.7473736, 1616801236.446631]
[1616801233.7425444, 1616801236.4614065]
[1616801233.9369018, 1616801236.662622]
[1616801233.9046476, 1616801236.64205]
[1616801234.0125442, 1616801236.7250285]
[1616801234.1709585, 1616801236.8761766]
[1616801234.1620545, 1616801236.9073849]
[1616801234.086932, 1616801236.8014495]
[1616801234.0969746, 1616801236.7785597]
[1616801234.1833186, 1616801236.9107738]
[1616801234.188668, 1616801236.8561077]
[1616801234.1502683, 1616801236.874316]
[1616801234.260736, 1616801236.9955952]
[1616801234.251397, 1616801236.9857192]
[1616801234.5226784, 1616801237.2786117]
[1616801234.898079, 1616801237.657686]
[1616801234.6151304, 1616801237.3295455]
[1616801234.1258855, 1616801236.8720448]
[1616801234.7415926, 1616801237.471572]
[1616801234.551432, 1616801237.2377791]
[1616801234.7496765, 1616801237.4632561]
[1616801234.802302, 1616801237.5141323]
[1616801234.8326855, 1616801237.5337548]
[1616801234.6597586, 1616801237.3845644]
[1616801234.8151283, 1616801237.5758567]
[1616801234.7346427, 1616801237.5225434]
[1616801235.207783, 1616801237.980296]
[1616801235.0920978, 1616801237.8555079]
[1616801235.061399, 1616801237.8298347]
[1616801235.1448395, 1616801237.886373]
[1616801235.3190458, 1616801238.0488653]
[1616801235.3664262, 1616801238.106177]
[1616801235.206336, 1616801237.9372609]
[1616801235.3463924, 1616801238.1052313]
[1616801235.1985128, 1616801237.9289927]
[1616801235.5630803, 1616801238.3052125]
[1616801235.4587715, 1616801238.1531694]
[1616801235.6094744, 1616801238.3702312]
[1616801235.4285648, 1616801238.170636]
[1616801235.717035, 1616801238.4161468]
[1616801235.6537502, 1616801238.387447]
[1616801235.848177, 1616801238.5231414]
[1616801235.591205, 1616801238.3013697]
[1616801235.8253744, 1616801238.5470734]
[1616801235.8755057, 1616801238.599555]
[1616801236.0688055, 1616801238.839648]
[1616801235.6889868, 1616801238.436373]
[1616801236.003509, 1616801238.7231534]
[1616801236.2375321, 1616801238.956579]
[1616801236.0229251, 1616801238.7378242]
[1616801235.9384294, 1616801238.6459935]
[1616801236.1780457, 1616801238.945061]
[1616801236.1166213, 1616801238.8383293]
[1616801236.1172693, 1616801238.8521512]
[1616801236.299968, 1616801239.0105243]
[1616801236.3781178, 1616801239.1095734]
[1616801236.3353057, 1616801239.070342]
[1616801236.5176413, 1616801239.2186038]
[1616801236.668183, 1616801239.3973467]
[1616801236.6270673, 1616801239.3482187]
[1616801236.5254111, 1616801239.2236664]
[1616801236.667502, 1616801239.316056]
[1616801236.7329028, 1616801239.4510636]
[1616801236.7376492, 1616801239.4924083]
[1616801236.6472285, 1616801239.404704]
[1616801236.9587522, 1616801239.657574]
[1616801236.7847757, 1616801239.4802036]
[1616801236.9784234, 1616801239.719443]
[1616801236.859443, 1616801239.5597832]
[1616801237.163581, 1616801239.8371773]
[1616801237.0021808, 1616801239.750453]
[1616801236.8512619, 1616801239.5710878]
[1616801237.2229903, 1616801239.9494758]
[1616801237.0989995, 1616801239.8163934]
[1616801237.0768821, 1616801239.7450278]
[1616801237.0314155, 1616801239.7610972]
[1616801237.136192, 1616801239.875045]
[1616801237.2185347, 1616801239.94632]
[1616801237.4738235, 1616801240.2122335]
[1616801237.5782905, 1616801240.278626]
[1616801237.7187288, 1616801240.4379518]
[1616801237.6228836, 1616801240.430673]
[1616801237.69001, 1616801240.4547737]
[1616801237.7152762, 1616801240.5106757]
[1616801237.807354, 1616801240.5355256]
[1616801237.9110556, 1616801240.6281624]
[1616801237.8348784, 1616801240.6415565]
[1616801237.8401163, 1616801240.5362284]
[1616801237.7645214, 1616801240.5027504]
[1616801238.1302965, 1616801240.839071]
[1616801238.2055094, 1616801240.914017]
[1616801238.346462, 1616801241.0934198]
[1616801238.110112, 1616801240.855629]
[1616801238.243153, 1616801240.9391222]
[1616801238.4434042, 1616801241.1887043]
[1616801238.5301723, 1616801241.2026422]
[1616801238.569925, 1616801241.306027]
[1616801238.5799377, 1616801241.3256738]
[1616801238.5029771, 1616801241.2191935]
[1616801238.6373594, 1616801241.348931]
[1616801238.7429311, 1616801241.441141]
[1616801238.5810654, 1616801241.3319478]
[1616801238.8051178, 1616801241.5014963]
[1616801238.6247573, 1616801241.332006]
[1616801238.8591847, 1616801241.586671]
[1616801238.9785793, 1616801241.7312028]
[1616801238.9752514, 1616801241.6932783]
[1616801239.0976799, 1616801241.8324673]
[1616801239.1175501, 1616801241.8343182]
[1616801239.3762906, 1616801242.0998833]
[1616801239.2216873, 1616801241.9460151]
[1616801239.297276, 1616801242.0114772]
[1616801239.5228105, 1616801242.1989594]
[1616801239.4211473, 1616801242.1596925]
[1616801239.3747017, 1616801242.0898743]
[1616801239.4076836, 1616801242.13688]
[1616801239.3967657, 1616801242.1063094]
[1616801239.5066986, 1616801242.2608836]
[1616801239.6236305, 1616801242.3159196]
[1616801239.7031932, 1616801242.4076865]
[1616801239.771703, 1616801242.484608]
[1616801239.5929573, 1616801242.3099823]
[1616801239.8020265, 1616801242.5323594]
[1616801239.868453, 1616801242.5385482]
[1616801239.9737089, 1616801242.6991332]
[1616801240.1778343, 1616801242.9192488]
[1616801239.8180437, 1616801242.4791043]
[1616801239.9751275, 1616801242.7352982]
[1616801239.939045, 1616801242.6912405]
[1616801240.102301, 1616801242.8261082]
[1616801240.2295895, 1616801242.9460614]
[1616801240.3942645, 1616801243.1214225]
[1616801240.2099001, 1616801242.9246006]
[1616801240.265106, 1616801243.0340028]
[1616801240.344054, 1616801243.0644474]
[1616801240.5282984, 1616801243.317824]
[1616801240.3414211, 1616801243.0439332]
[1616801240.3637593, 1616801243.0829911]
[1616801240.2785208, 1616801243.0026913]
[1616801240.5021267, 1616801243.2717357]
[1616801240.8382685, 1616801243.6223626]
[1616801240.5363262, 1616801243.2584743]
[1616801240.630742, 1616801243.3337996]
[1616801240.7069216, 1616801243.4306889]
[1616801240.6809902, 1616801243.4512403]
[1616801240.8996203, 1616801243.6319382]
[1616801240.713616, 1616801243.427213]
[1616801240.9906867, 1616801243.7156646]
[1616801241.0044978, 1616801243.7468336]
[1616801240.833051, 1616801243.545052]
[1616801240.9668763, 1616801243.6694772]
[1616801241.1615648, 1616801243.9053812]
[1616801240.8512044, 1616801243.5564]
[1616801241.2245553, 1616801243.8903055]
[1616801241.0342934, 1616801243.771942]
[1616801241.5134943, 1616801244.2125783]
[1616801241.504031, 1616801244.257544]
[1616801241.5118413, 1616801244.2157338]
[1616801241.1054168, 1616801243.8526013]
[1616801241.508384, 1616801244.1953104]
[1616801241.5445695, 1616801244.2799587]
[1616801241.5951426, 1616801244.3074582]
[1616801241.4352236, 1616801244.1496534]
[1616801241.5744977, 1616801244.303082]
[1616801241.7442944, 1616801244.5077734]
[1616801241.608142, 1616801244.3312514]
[1616801241.821512, 1616801244.537738]
[1616801241.9618154, 1616801244.6901662]
[1616801241.8438773, 1616801244.557044]
[1616801242.043245, 1616801244.7713857]
[1616801242.269753, 1616801245.0215313]
[1616801242.0333047, 1616801244.7395]
[1616801242.1224635, 1616801244.8257368]
[1616801242.1916952, 1616801244.926126]
[1616801242.367453, 1616801245.0746903]
[1616801242.1454902, 1616801244.8729057]
[1616801242.2641776, 1616801244.9736686]
[1616801242.331944, 1616801245.0427783]
[1616801242.274034, 1616801245.0164523]
[1616801242.4263132, 1616801245.1515574]
[1616801242.2585108, 1616801244.9262]
[1616801242.6050003, 1616801245.2872746]
[1616801242.2107975, 1616801244.8915184]
[1616801242.9011064, 1616801245.6360855]
[1616801242.9952676, 1616801245.7102847]
[1616801242.8663156, 1616801245.607052]
[1616801242.920981, 1616801245.6532977]
[1616801242.7879496, 1616801245.529967]
[1616801242.8132756, 1616801245.5722954]
[1616801242.840114, 1616801245.566187]
[1616801243.1161137, 1616801245.8349922]
[1616801243.0528774, 1616801245.775052]
[1616801242.9633653, 1616801245.7103274]
[1616801243.0768502, 1616801245.8034847]
[1616801243.189017, 1616801245.9228625]
[1616801243.2302916, 1616801246.0035508]
[1616801243.509535, 1616801246.2868836]
[1616801243.4300728, 1616801246.195919]
[1616801242.4249732, 1616801245.1561275]
[1616801243.542079, 1616801246.2978015]
[1616801243.3881586, 1616801246.1203175]
[1616801243.5465007, 1616801246.2696116]
[1616801243.8388767, 1616801246.5766196]
[1616801243.5393248, 1616801246.2940302]
[1616801243.3266857, 1616801246.105521]
[1616801243.7264493, 1616801246.4499016]
[1616801243.7094467, 1616801246.4103014]
[1616801243.7504902, 1616801246.5122957]
[1616801243.740151, 1616801246.4924135]
[1616801243.8594, 1616801246.6104999]
[1616801243.863352, 1616801246.5627146]
[1616801244.051956, 1616801246.7642863]
[1616801243.7901483, 1616801246.555484]
[1616801243.9344184, 1616801246.6888833]
[1616801244.0428677, 1616801246.7184284]
[1616801244.1928778, 1616801246.915951]
[1616801244.5232844, 1616801247.228389]
[1616801244.355851, 1616801247.0874956]
[1616801244.4913466, 1616801247.220991]
[1616801244.571749, 1616801247.2736685]
[1616801244.3953488, 1616801247.1008863]
[1616801244.429396, 1616801247.13341]
[1616801244.5744343, 1616801247.3148792]
[1616801244.4205427, 1616801247.1727567]
[1616801244.4342194, 1616801247.2392838]
[1616801244.5937843, 1616801247.3351173]
[1616801244.5530713, 1616801247.264073]
[1616801244.5201342, 1616801247.2970142]
[1616801244.417909, 1616801247.1696632]
[1616801244.8146122, 1616801247.5869079]
[1616801244.7675838, 1616801247.5011804]
[1616801244.8419378, 1616801247.5524833]
[1616801244.8916478, 1616801247.6108243]
[1616801244.9617002, 1616801247.6951187]
[1616801245.0539265, 1616801247.757088]
[1616801244.992575, 1616801247.724158]
[1616801245.0374804, 1616801247.8133883]
[1616801245.0917478, 1616801247.809645]
[1616801245.467484, 1616801248.164724]
[1616801245.386981, 1616801248.1610518]
[1616801245.29895, 1616801247.9735117]
[1616801245.3433144, 1616801248.1823676]
[1616801245.280788, 1616801247.9917293]
[1616801245.5441887, 1616801248.247076]
[1616801245.5359604, 1616801248.2742238]
[1616801245.7100976, 1616801248.4325607]
[1616801245.7031932, 1616801248.420754]
[1616801245.607284, 1616801248.325851]
[1616801245.6233199, 1616801248.3650424]
[1616801245.6749668, 1616801248.4060547]
[1616801245.993216, 1616801248.7144358]
[1616801245.8246663, 1616801248.5470672]
[1616801245.9757214, 1616801248.6966183]
[1616801245.9079914, 1616801248.648036]
[1616801246.0919733, 1616801248.8769035]
[1616801246.1203024, 1616801248.9030654]
[1616801246.275868, 1616801248.9814312]
[1616801246.2574878, 1616801248.9696474]
[1616801246.321343, 1616801249.0363927]
[1616801246.2225451, 1616801248.9600909]
[1616801246.4453793, 1616801249.1587405]
[1616801246.1850832, 1616801248.912498]
[1616801246.325646, 1616801249.0505626]
[1616801246.4535358, 1616801249.2033608]
[1616801246.6540518, 1616801249.3891993]
[1616801246.4571645, 1616801249.1784885]
[1616801246.6448715, 1616801249.369146]
[1616801246.6574214, 1616801249.3624413]
[1616801246.758676, 1616801249.4135187]
[1616801246.9490595, 1616801249.6942582]
[1616801246.957936, 1616801249.6783507]
[1616801246.8148777, 1616801249.5531695]
[1616801246.9157786, 1616801249.6466298]
[1616801246.8860788, 1616801249.7031648]
[1616801246.8446622, 1616801249.5806491]
[1616801247.074494, 1616801249.7572267]
[1616801246.830158, 1616801249.5742543]
[1616801247.0945413, 1616801249.8218307]
[1616801247.237964, 1616801249.9703887]
[1616801247.0690951, 1616801249.7402442]
[1616801247.0584202, 1616801249.7774415]
[1616801247.2130535, 1616801250.0249817]
[1616801247.2419865, 1616801249.997906]
[1616801247.2275882, 1616801249.951534]
[1616801247.4573157, 1616801250.1623619]
[1616801247.3842683, 1616801250.1190445]
[1616801247.5586522, 1616801250.265222]
[1616801247.5465457, 1616801250.2464802]
[1616801247.5649939, 1616801250.2804906]
[1616801247.6188707, 1616801250.3537111]
[1616801247.3667953, 1616801250.1230745]
[1616801247.4357476, 1616801250.2020833]
[1616801247.6183004, 1616801250.3414903]
[1616801247.749969, 1616801250.4436243]
[1616801247.7987955, 1616801250.5055175]
[1616801248.0238218, 1616801250.7481544]
[1616801247.924162, 1616801250.653024]
[1616801247.9721227, 1616801250.706328]
[1616801247.9010034, 1616801250.6501093]
[1616801247.9918952, 1616801250.6762068]
[1616801248.2853084, 1616801251.0292816]
[1616801248.1667652, 1616801250.893929]
[1616801248.130479, 1616801250.8678863]
[1616801248.4727888, 1616801251.195539]
[1616801248.3678317, 1616801251.0978394]
[1616801248.4050481, 1616801251.1367564]
[1616801248.4708319, 1616801251.2198298]
[1616801248.4751115, 1616801251.1708512]
[1616801248.4586885, 1616801251.1925414]
[1616801248.642825, 1616801251.363941]
[1616801248.896006, 1616801251.6718276]
[1616801248.8241272, 1616801251.5501866]
[1616801248.711551, 1616801251.4461675]
[1616801248.644712, 1616801251.3573344]
[1616801248.8265371, 1616801251.4877167]
[1616801248.7366683, 1616801251.461643]
[1616801249.006472, 1616801251.7530422]
[1616801248.9886, 1616801251.7196026]
[1616801249.0513875, 1616801251.762513]
[1616801249.3642454, 1616801252.0598366]
[1616801248.9875748, 1616801251.7025023]
[1616801249.0642762, 1616801251.7813091]
[1616801249.2825499, 1616801252.0568204]
[1616801249.3094118, 1616801252.037005]
[1616801248.918964, 1616801251.6492069]
[1616801249.064551, 1616801251.8569255]
[1616801249.5523639, 1616801252.2676003]
[1616801249.5568054, 1616801252.3406901]
[1616801249.3929527, 1616801252.1259298]
[1616801249.6452723, 1616801252.4110546]
[1616801249.572651, 1616801252.2655265]
[1616801249.6706903, 1616801252.3900383]
[1616801249.6792202, 1616801252.4269137]
[1616801249.813547, 1616801252.509754]
[1616801250.02811, 1616801252.7444062]
[1616801249.5248075, 1616801252.2063775]
[1616801249.5329173, 1616801252.2821388]
[1616801249.8073037, 1616801252.534558]
[1616801249.871753, 1616801252.5829883]
[1616801249.710319, 1616801252.5103593]
[1616801249.9424736, 1616801252.6690762]
[1616801249.81072, 1616801252.481225]
[1616801249.9793906, 1616801252.704651]
[1616801250.1631634, 1616801252.8885627]
[1616801250.1615424, 1616801252.9088058]
[1616801250.2325447, 1616801252.993577]
[1616801250.2495675, 1616801252.9183824]
[1616801250.322132, 1616801253.0680125]
[1616801250.4636357, 1616801253.200904]
[1616801250.4636724, 1616801253.1478162]
[1616801250.391671, 1616801253.1319482]
[1616801250.479367, 1616801253.209013]
[1616801250.6213524, 1616801253.3827348]
[1616801250.5299644, 1616801253.2351475]
[1616801250.9149265, 1616801253.6513877]
[1616801250.8787475, 1616801253.5903378]
[1616801250.89158, 1616801253.5542984]
[1616801250.6810539, 1616801253.4081664]
[1616801250.8299022, 1616801253.552541]
[1616801250.9448678, 1616801253.693289]
[1616801250.8542554, 1616801253.5972223]
[1616801250.6208537, 1616801253.3599577]
[1616801251.2031293, 1616801253.9498591]
[1616801250.981626, 1616801253.7029524]
[1616801251.247265, 1616801253.968058]
[1616801251.144092, 1616801253.8803318]
[1616801251.3544405, 1616801254.0717576]
[1616801251.2886395, 1616801254.006642]
[1616801251.2683773, 1616801253.9619703]
[1616801251.3426738, 1616801254.040653]
[1616801251.2326028, 1616801253.9328504]
[1616801251.297882, 1616801254.0326738]
[1616801251.6403213, 1616801254.3608189]
[1616801251.7131314, 1616801254.4146373]
[1616801251.521929, 1616801254.1864123]
[1616801251.606824, 1616801254.335416]
[1616801251.7812827, 1616801254.5150895]
[1616801251.716932, 1616801254.492837]
[1616801251.718702, 1616801254.4583077]
[1616801252.0717375, 1616801254.7966425]
[1616801251.7949073, 1616801254.496672]
[1616801252.0707643, 1616801254.7625904]
[1616801251.8160532, 1616801254.556417]
[1616801252.0233545, 1616801254.72331]
[1616801252.0018919, 1616801254.7135293]
[1616801251.9961092, 1616801254.7829082]
[1616801252.071021, 1616801254.8203847]
[1616801252.0570827, 1616801254.7602181]
[1616801252.101373, 1616801254.8387825]
[1616801252.2502358, 1616801254.9302528]
[1616801252.350681, 1616801255.1113813]
[1616801252.1619706, 1616801254.8918488]
[1616801252.5998354, 1616801255.3109152]
[1616801252.2719522, 1616801254.9976199]
[1616801252.4212956, 1616801255.1625848]
[1616801252.5212786, 1616801255.215049]
[1616801252.6201, 1616801255.3357015]
[1616801252.7608442, 1616801255.4719334]
[1616801252.7094557, 1616801255.4203272]
[1616801252.6516426, 1616801255.4336019]
[1616801252.7203114, 1616801255.436487]
[1616801252.7671244, 1616801255.4577103]
[1616801252.949368, 1616801255.6573813]
[1616801253.0906847, 1616801255.8186493]
[1616801252.8889632, 1616801255.635246]
[1616801252.9957435, 1616801255.7420661]
[1616801253.3459582, 1616801256.070093]
[1616801253.0547915, 1616801255.8559053]
[1616801253.2560194, 1616801255.9815128]
[1616801253.0899355, 1616801255.8156466]
[1616801253.1274748, 1616801255.8757648]
[1616801253.261568, 1616801255.957735]
[1616801253.1243238, 1616801255.858466]
[1616801253.1919982, 1616801255.8873816]
[1616801253.3292468, 1616801256.0557477]
[1616801253.4174814, 1616801256.1499045]
[1616801253.4472952, 1616801256.1577613]
[1616801253.4926803, 1616801256.2241952]
[1616801253.6977518, 1616801256.4191337]
[1616801253.422917, 1616801256.1743436]
[1616801253.5330193, 1616801256.270982]
[1616801253.6045384, 1616801256.3843644]
[1616801253.604762, 1616801256.3457153]
[1616801253.8019052, 1616801256.5562701]
[1616801253.7651343, 1616801256.4593885]
[1616801253.8835025, 1616801256.5878441]
[1616801254.0811293, 1616801256.8034103]
[1616801253.9512918, 1616801256.7169726]
[1616801254.1009345, 1616801256.8111243]
[1616801253.9690268, 1616801256.6743257]
[1616801254.2496543, 1616801256.974032]
[1616801254.2057734, 1616801256.8808043]
[1616801254.25324, 1616801256.9721797]
[1616801254.2398384, 1616801256.9840379]
[1616801254.3674777, 1616801257.1122699]
[1616801254.4840374, 1616801257.2115486]
[1616801254.4981322, 1616801257.2920952]
[1616801254.5340273, 1616801257.2589746]
[1616801254.5002427, 1616801257.2174737]
[1616801254.7737014, 1616801257.4698913]
[1616801254.5788457, 1616801257.3178906]
[1616801254.7289095, 1616801257.440317]
[1616801254.833215, 1616801257.6095173]
[1616801254.8523095, 1616801257.6386132]
[1616801254.8500383, 1616801257.5618668]
[1616801254.7314847, 1616801257.4609098]
[1616801254.7376778, 1616801257.4498746]
[1616801255.0828197, 1616801257.7980452]
[1616801254.8385255, 1616801257.558871]
[1616801254.9500794, 1616801257.63595]
[1616801255.0502794, 1616801257.7581923]
[1616801254.9525566, 1616801257.6907582]
[1616801255.0009923, 1616801257.7199996]
[1616801255.3766782, 1616801258.1212978]
[1616801255.3459206, 1616801258.0927842]
[1616801255.166577, 1616801257.917109]
[1616801255.3141985, 1616801258.0338967]
[1616801255.2565603, 1616801257.9503088]
[1616801255.351712, 1616801258.0652328]
[1616801255.4270399, 1616801258.1508992]
[1616801255.3984199, 1616801258.1115167]
[1616801255.2800138, 1616801258.0359466]
[1616801255.5322585, 1616801258.275682]
[1616801255.5529275, 1616801258.2385566]
[1616801255.6620631, 1616801258.3966033]
[1616801255.88943, 1616801258.6608791]
[1616801255.8061519, 1616801258.5110638]
[1616801255.7972615, 1616801258.5874405]
[1616801255.998713, 1616801258.7081032]
[1616801255.9303398, 1616801258.6335387]
[1616801255.9513602, 1616801258.691591]
[1616801256.020467, 1616801258.712629]
[1616801256.0293937, 1616801258.8678892]
[1616801256.3008072, 1616801259.0308232]
[1616801255.828548, 1616801258.5389764]
[1616801256.2285855, 1616801258.983842]
[1616801256.3040233, 1616801259.0075293]
[1616801256.4028971, 1616801259.1395957]
[1616801256.4381447, 1616801259.1435814]
[1616801256.3903384, 1616801259.1389995]
[1616801256.3883038, 1616801259.098855]
[1616801256.3847983, 1616801259.106341]
[1616801256.4568686, 1616801259.1652365]
[1616801256.3469415, 1616801259.0649197]
[1616801256.4419887, 1616801259.1591234]
[1616801256.8154612, 1616801259.5371664]
[1616801256.8294935, 1616801259.561156]
[1616801256.4658842, 1616801259.1647515]
[1616801257.0155945, 1616801259.7360704]
[1616801256.9051683, 1616801259.5687742]
[1616801256.9029202, 1616801259.6117842]
[1616801256.8787277, 1616801259.6014414]
[1616801257.1954665, 1616801259.9654334]
[1616801256.889949, 1616801259.5927916]
[1616801257.193298, 1616801259.9342685]
[1616801257.2983613, 1616801260.0784109]
[1616801257.1110113, 1616801259.833239]
[1616801257.1265848, 1616801259.8988981]
[1616801257.1207037, 1616801259.836341]
[1616801257.0021946, 1616801259.7300086]
[1616801257.2511027, 1616801259.9650526]
[1616801257.457546, 1616801260.2093394]
[1616801257.479849, 1616801260.176665]
[1616801257.482431, 1616801260.1939254]
[1616801257.5733638, 1616801260.3105793]
[1616801257.6879826, 1616801260.4946237]
[1616801257.4340503, 1616801260.1929376]
[1616801257.5535219, 1616801260.2739174]
[1616801257.6960604, 1616801260.3743906]
[1616801258.1539037, 1616801260.9110012]
[1616801257.9627786, 1616801260.673397]
[1616801258.0101902, 1616801260.7587755]
[1616801258.058919, 1616801260.796491]
[1616801258.2328153, 1616801260.9609232]
[1616801258.2666674, 1616801260.9841897]
[1616801258.289726, 1616801261.025636]
[1616801258.4119732, 1616801261.1642768]
[1616801258.3538291, 1616801261.10255]
[1616801258.3143363, 1616801261.030518]
[1616801258.2659943, 1616801260.940015]
[1616801258.508599, 1616801261.2416487]
[1616801258.1088214, 1616801260.8627524]
[1616801258.4414742, 1616801261.1582441]
[1616801258.4782364, 1616801261.2017438]
[1616801258.5184612, 1616801261.231586]
[1616801258.523485, 1616801261.2771697]
[1616801258.6246583, 1616801261.3428943]
[1616801258.5967724, 1616801261.3545535]
[1616801258.674389, 1616801261.4160137]
[1616801258.525426, 1616801261.2427814]
[1616801258.4871125, 1616801261.221118]
[1616801258.6755266, 1616801261.377792]
[1616801258.7149882, 1616801261.4304633]
[1616801258.8281024, 1616801261.6199288]
[1616801258.7501228, 1616801261.45439]
[1616801259.2206638, 1616801261.940283]
[1616801258.838555, 1616801261.5553994]
[1616801259.0187469, 1616801261.729525]
[1616801259.2051594, 1616801261.929732]
[1616801259.1866658, 1616801261.8977318]
[1616801259.1861374, 1616801261.892742]
[1616801259.3546934, 1616801262.0859284]
[1616801259.4268541, 1616801262.1155157]
[1616801259.3661776, 1616801262.089014]
[1616801259.2696917, 1616801262.0275588]
[1616801259.3620129, 1616801262.0761213]
[1616801259.5347586, 1616801262.2838342]
[1616801259.5631084, 1616801262.2863255]
[1616801259.8542533, 1616801262.5634143]
[1616801259.7538228, 1616801262.4971786]
[1616801259.820789, 1616801262.489614]
[1616801259.8842921, 1616801262.5763288]
[1616801259.938389, 1616801262.6937146]
[1616801259.8061128, 1616801262.5676267]
[1616801259.6914437, 1616801262.36673]
[1616801259.85123, 1616801262.5703094]
[1616801259.7861063, 1616801262.5429394]
[1616801260.0520062, 1616801262.835131]
[1616801260.270297, 1616801263.049139]
[1616801260.0914676, 1616801262.8618426]
[1616801260.4044926, 1616801263.1163712]
[1616801260.4147959, 1616801263.1187472]
[1616801260.164147, 1616801262.8765476]
[1616801260.4355872, 1616801263.1822622]
[1616801260.4269614, 1616801263.163478]
[1616801260.5677173, 1616801263.2900174]
[1616801260.5503147, 1616801263.3361936]
[1616801260.455219, 1616801263.1737187]
[1616801260.679761, 1616801263.483108]
[1616801260.934571, 1616801263.6589832]
[1616801260.7094934, 1616801263.4124744]
[1616801260.587712, 1616801263.2862074]
[1616801260.626175, 1616801263.39182]
[1616801260.400594, 1616801263.0704303]
[1616801260.9194536, 1616801263.676589]
[1616801260.7384381, 1616801263.478648]
[1616801260.8676121, 1616801263.624822]
[1616801261.0865366, 1616801263.8115685]
[1616801261.0064034, 1616801263.7199578]
[1616801261.0820537, 1616801263.8091512]
[1616801261.0255234, 1616801263.7100985]
[1616801260.9767268, 1616801263.6898916]
[1616801261.335459, 1616801264.077131]
[1616801261.392309, 1616801264.1167479]
[1616801261.3887558, 1616801264.0963285]
[1616801261.266293, 1616801263.9859033]
[1616801261.4126103, 1616801264.1529276]
[1616801261.3200753, 1616801264.071665]
[1616801261.3899095, 1616801264.145546]
[1616801261.4367347, 1616801264.1433635]
[1616801261.526298, 1616801264.264236]
[1616801261.538671, 1616801264.2424886]
[1616801261.5473912, 1616801264.2604804]
[1616801261.46068, 1616801264.1624048]
[1616801261.6895478, 1616801264.439407]
[1616801261.8681817, 1616801264.590769]
[1616801261.7921271, 1616801264.523298]
[1616801261.9511569, 1616801264.6806219]
[1616801262.0511615, 1616801264.8201072]
[1616801262.1871915, 1616801264.9075463]
[1616801262.0635283, 1616801264.785857]
[1616801262.29502, 1616801265.020907]
[1616801262.2688284, 1616801265.0108232]
[1616801262.399808, 1616801265.1086268]
[1616801262.28691, 1616801265.0289488]
[1616801262.3188047, 1616801265.0791402]
[1616801262.2867384, 1616801265.004899]
[1616801262.4864998, 1616801265.2016797]
[1616801262.5150976, 1616801265.1978185]
[1616801262.5884013, 1616801265.2610054]
[1616801262.5533366, 1616801265.284536]
[1616801262.4312317, 1616801265.1546948]
[1616801262.5113397, 1616801265.2314603]
[1616801262.6339927, 1616801265.3714662]
[1616801262.6680279, 1616801265.3823125]
[1616801262.746591, 1616801265.4968154]
[1616801262.7823274, 1616801265.4977145]
[1616801262.9358597, 1616801265.6466963]
[1616801262.9580681, 1616801265.7253892]
[1616801263.0939844, 1616801265.7699533]
[1616801262.9581747, 1616801265.7339303]
[1616801262.9864144, 1616801265.7315829]
[1616801263.2196014, 1616801265.978541]
[1616801263.2904701, 1616801266.0008285]
[1616801263.1096535, 1616801265.8821394]
[1616801263.1841815, 1616801265.890458]
[1616801263.494321, 1616801266.2865539]
[1616801263.4511595, 1616801266.2038543]
[1616801263.3678133, 1616801266.154434]
[1616801263.3305352, 1616801266.0598161]
[1616801263.5862815, 1616801266.309703]
[1616801263.722423, 1616801266.4260542]
[1616801263.5272753, 1616801266.2452857]
[1616801263.6427083, 1616801266.3814461]
[1616801263.446847, 1616801266.1514013]
[1616801263.658257, 1616801266.3757634]
[1616801263.8133852, 1616801266.5253444]
[1616801263.8984256, 1616801266.624182]
[1616801263.8788059, 1616801266.637887]
[1616801263.938553, 1616801266.6920397]
[1616801263.8128662, 1616801266.5277872]
[1616801263.969613, 1616801266.6922863]
[1616801264.142758, 1616801266.8677602]
[1616801264.3113158, 1616801267.0196075]
[1616801264.3259335, 1616801267.0378284]
[1616801264.2714374, 1616801267.0055175]
[1616801264.2189035, 1616801266.9406052]
[1616801264.4803195, 1616801267.218265]
[1616801264.374361, 1616801267.0916994]
[1616801264.4980907, 1616801267.281472]
[1616801264.6143718, 1616801267.3435922]
[1616801264.5901225, 1616801267.3303123]
[1616801264.663703, 1616801267.4004169]
[1616801264.6388295, 1616801267.3705812]
[1616801264.8045537, 1616801267.541604]
[1616801264.6427698, 1616801267.3632448]
[1616801264.867436, 1616801267.644647]
[1616801264.8243647, 1616801267.6008096]
[1616801265.1200092, 1616801267.8294168]
[1616801265.0481079, 1616801267.7695782]
[1616801264.7576082, 1616801267.472966]
[1616801265.0416875, 1616801267.7659988]
[1616801264.9204025, 1616801267.6364055]
[1616801265.0105488, 1616801267.721532]
[1616801265.0957565, 1616801267.8288932]
[1616801265.0390425, 1616801267.8076143]
[1616801265.5473707, 1616801268.2598987]
[1616801265.2167068, 1616801267.921171]
[1616801265.2376137, 1616801267.955889]
[1616801265.4998233, 1616801268.2361526]
[1616801265.3174498, 1616801268.2007222]
[1616801265.6121814, 1616801268.3272328]
[1616801265.5691063, 1616801268.2676606]
[1616801265.5812163, 1616801268.274386]
[1616801265.528556, 1616801268.2934465]
[1616801265.496892, 1616801268.275485]
[1616801265.6560318, 1616801268.3739967]
[1616801265.8231726, 1616801268.58851]
[1616801265.8207655, 1616801268.5663862]
[1616801265.8079665, 1616801268.488654]
[1616801265.9265568, 1616801268.6246414]
[1616801265.7676706, 1616801268.5651402]
[1616801265.8926625, 1616801268.6382725]
[1616801265.875798, 1616801268.5942361]
[1616801266.053399, 1616801268.7927458]
[1616801265.9654918, 1616801268.725023]
[1616801266.2772853, 1616801268.947938]
[1616801266.2076716, 1616801268.8899457]
[1616801266.1681302, 1616801268.9596179]
[1616801266.3625963, 1616801269.0746644]
[1616801266.3620968, 1616801269.1384475]
[1616801266.2790759, 1616801269.0291164]
[1616801266.5084586, 1616801269.2593458]
[1616801266.4881222, 1616801269.1893127]
[1616801266.3406997, 1616801269.071234]
[1616801266.4039342, 1616801269.1370025]
[1616801266.5962255, 1616801269.3225029]
[1616801266.6521556, 1616801269.3725214]
[1616801266.6781914, 1616801269.4089615]
[1616801266.598835, 1616801269.3142045]
[1616801266.7056425, 1616801269.44423]
[1616801266.7321465, 1616801269.4787726]
[1616801266.8096538, 1616801269.5476546]
[1616801267.0200179, 1616801269.763512]
[1616801267.0422409, 1616801269.7554681]
[1616801267.1535869, 1616801269.8935335]
[1616801267.0654445, 1616801269.7847412]
[1616801267.3176205, 1616801270.0727458]
[1616801267.1228654, 1616801269.8383808]
[1616801267.270293, 1616801270.013621]
[1616801267.2851422, 1616801270.0285943]
[1616801267.263, 1616801270.0330358]
[1616801267.341442, 1616801270.0884552]
[1616801267.3262606, 1616801270.0601387]
[1616801267.5706398, 1616801270.2932174]
[1616801267.544766, 1616801270.2878442]
[1616801267.6846228, 1616801270.4549057]
[1616801267.6355977, 1616801270.408723]
[1616801267.8328767, 1616801270.576252]
[1616801267.5678315, 1616801270.2749896]
[1616801267.579619, 1616801270.2834516]
[1616801267.6980622, 1616801270.417452]
[1616801267.841641, 1616801270.551972]
[1616801267.9341, 1616801270.6324663]
[1616801267.884005, 1616801270.6436307]
[1616801267.8057137, 1616801270.5254061]
[1616801267.945798, 1616801270.6823018]
[1616801268.0196557, 1616801270.7579978]
[1616801268.330682, 1616801271.0919569]
[1616801268.1030247, 1616801270.8221474]
[1616801267.999727, 1616801270.7207093]
[1616801268.1941922, 1616801270.9662602]
[1616801268.4586253, 1616801271.1827142]
[1616801268.2471025, 1616801270.9623291]
[1616801268.2079372, 1616801270.9605997]
[1616801268.4470127, 1616801271.1612418]
[1616801268.6067898, 1616801271.3299408]
[1616801268.7358596, 1616801271.473645]
[1616801268.4667466, 1616801271.1727533]
[1616801268.5717378, 1616801271.3089652]
[1616801268.7872262, 1616801271.5755935]
[1616801268.6399004, 1616801271.3429008]
[1616801268.7845013, 1616801271.5426252]
[1616801268.9439592, 1616801271.626274]
[1616801268.9059114, 1616801271.5949774]
[1616801268.8591268, 1616801271.5758626]
[1616801268.9275568, 1616801271.6994965]
[1616801269.0914893, 1616801271.8000803]
[1616801269.1142747, 1616801271.9039924]
[1616801269.1112463, 1616801271.8320692]
[1616801269.228646, 1616801271.9588237]
[1616801269.006434, 1616801271.9252663]
[1616801269.163287, 1616801271.9249234]
[1616801269.0323992, 1616801271.7821102]
[1616801269.2142346, 1616801271.8979704]
[1616801269.1232846, 1616801271.8049128]
[1616801269.4870374, 1616801272.2270973]
[1616801269.6133459, 1616801272.3363607]
[1616801269.358366, 1616801272.0930169]
[1616801269.4067786, 1616801272.1462364]
[1616801269.3875852, 1616801272.123703]
[1616801269.5848083, 1616801272.3081574]
[1616801269.5548627, 1616801272.3299901]
[1616801269.9579217, 1616801272.7186553]
[1616801269.8632915, 1616801272.608663]
[1616801269.8805027, 1616801272.5869412]
[1616801269.9053166, 1616801272.6133387]
[1616801269.8604248, 1616801272.5749605]
[1616801269.858584, 1616801272.5559802]
[1616801269.9610043, 1616801272.6943104]
[1616801270.1101725, 1616801272.8336277]
[1616801269.8790576, 1616801272.6199422]
[1616801269.9153843, 1616801272.5904047]
[1616801270.0645866, 1616801272.794215]
[1616801270.1821752, 1616801272.9196122]
[1616801269.9312727, 1616801272.66008]
[1616801270.210361, 1616801272.9671268]
[1616801270.2997007, 1616801273.035815]
[1616801270.4365914, 1616801273.1599734]
[1616801270.4126284, 1616801273.1602137]
[1616801270.5812879, 1616801273.3337376]
[1616801270.7145958, 1616801273.4195743]
[1616801270.74287, 1616801273.5191588]
[1616801270.5962186, 1616801273.308651]
[1616801270.4168983, 1616801273.1845224]
[1616801270.704317, 1616801273.4535067]
[1616801270.8209703, 1616801273.538118]
[1616801270.7142713, 1616801273.4743257]
[1616801270.8179138, 1616801273.5259304]
[1616801270.9372008, 1616801273.673613]
[1616801271.2202315, 1616801273.935106]
[1616801271.2400596, 1616801273.957724]
[1616801271.0539713, 1616801273.784457]
[1616801271.1603053, 1616801273.8944924]
[1616801271.1896663, 1616801273.9111648]
[1616801271.214854, 1616801273.9621882]
[1616801271.252185, 1616801273.9888105]
[1616801271.2896357, 1616801274.0714266]
[1616801271.337788, 1616801274.0614016]
[1616801271.4902008, 1616801274.2157567]
[1616801271.534127, 1616801274.2501502]
[1616801271.3430724, 1616801274.0861971]
[1616801271.7090304, 1616801274.516079]
[1616801271.5244398, 1616801274.2406185]
[1616801271.6495836, 1616801274.351158]
[1616801271.8184645, 1616801274.4794998]
[1616801271.7979763, 1616801274.5204782]
[1616801272.1106188, 1616801274.8383677]
[1616801271.64509, 1616801274.356641]
[1616801271.9493937, 1616801274.750419]
[1616801272.1931274, 1616801274.9136894]
[1616801272.1679218, 1616801274.9001865]
[1616801271.9780445, 1616801274.7096303]
[1616801271.951422, 1616801274.723365]
[1616801272.2149727, 1616801274.9656587]
[1616801272.539821, 1616801275.2623408]
[1616801272.462757, 1616801275.1491914]
[1616801272.437646, 1616801275.1877403]
[1616801272.4070177, 1616801275.1168864]
[1616801272.5290534, 1616801275.2572484]
[1616801272.457367, 1616801275.1981955]
[1616801272.454383, 1616801275.1816604]
[1616801272.5987785, 1616801275.282376]
[1616801272.6116402, 1616801275.321652]
[1616801272.6429625, 1616801275.3561463]
[1616801272.5540202, 1616801275.291874]
[1616801272.680213, 1616801275.4253607]
[1616801272.973994, 1616801275.7061276]
[1616801272.9867365, 1616801275.7398877]
[1616801272.9821131, 1616801275.710411]
[1616801272.9450316, 1616801275.6898432]
[1616801272.814319, 1616801275.554646]
[1616801273.1820407, 1616801275.9249659]
[1616801273.087136, 1616801275.8468037]
[1616801273.0420392, 1616801275.7658129]
[1616801273.0299416, 1616801275.7956574]
[1616801272.9990947, 1616801275.7148945]
[1616801273.335936, 1616801276.0733268]
[1616801273.4161277, 1616801276.1306732]
[1616801273.3094118, 1616801276.0634804]
[1616801273.4139616, 1616801276.126674]
[1616801273.343337, 1616801276.067086]
[1616801273.6503546, 1616801276.3640718]
[1616801273.838, 1616801276.5804994]
[1616801273.5703394, 1616801276.2923346]
[1616801273.6630006, 1616801276.3933733]
[1616801273.5625558, 1616801276.2818809]
[1616801273.599501, 1616801276.3380322]
[1616801273.5689647, 1616801276.2891822]
[1616801273.6333191, 1616801276.3958712]
[1616801273.8978505, 1616801276.6941643]
[1616801273.9081726, 1616801276.673476]
[1616801274.0226836, 1616801276.7825933]
[1616801273.7223167, 1616801276.4450207]
[1616801273.9366622, 1616801276.6769152]
[1616801273.9068356, 1616801276.651668]
[1616801274.1413994, 1616801276.8597271]
[1616801274.163596, 1616801276.8895054]
[1616801274.1788087, 1616801276.9158993]
[1616801274.0970376, 1616801276.836693]
[1616801274.2828398, 1616801276.9830303]
[1616801274.1944983, 1616801276.9156263]
[1616801274.1220777, 1616801276.9645855]
[1616801274.2574182, 1616801276.9691334]
[1616801274.402635, 1616801277.0870192]
[1616801274.425371, 1616801277.162712]
[1616801274.597928, 1616801277.3170786]
[1616801274.7552564, 1616801277.5113428]
[1616801274.7858672, 1616801277.5863006]
[1616801274.8252697, 1616801277.5265486]
[1616801274.6088521, 1616801277.384364]
[1616801274.7860053, 1616801277.5487826]
[1616801274.9790301, 1616801277.7324743]
[1616801275.0880172, 1616801277.8120086]
[1616801274.880697, 1616801277.6274617]
[1616801274.940977, 1616801277.6868684]
[1616801275.146455, 1616801277.9213872]
[1616801275.0313203, 1616801277.7691247]
[1616801275.1267087, 1616801277.855872]
[1616801275.0839887, 1616801277.8108873]
[1616801275.1911957, 1616801277.9186254]
[1616801275.1291296, 1616801277.8631961]
[1616801275.3976583, 1616801278.1321614]
[1616801275.302374, 1616801278.0204635]
[1616801275.5152671, 1616801278.229751]
[1616801275.476751, 1616801278.159425]
[1616801275.4060702, 1616801278.1294968]
[1616801275.4789686, 1616801278.2207367]
[1616801275.4591649, 1616801278.1977265]
[1616801275.6405075, 1616801278.3952756]
[1616801275.7007053, 1616801278.4680567]
[1616801275.8709667, 1616801278.6167767]
[1616801275.7902923, 1616801278.5192945]
[1616801275.7274687, 1616801278.462376]
[1616801275.9581056, 1616801278.7029889]
[1616801275.848432, 1616801278.5695643]
[1616801275.8852952, 1616801278.6452162]
[1616801276.1321023, 1616801278.906119]
[1616801276.085585, 1616801278.7968845]
[1616801276.292958, 1616801279.0430508]
[1616801276.0986297, 1616801278.8298733]
[1616801276.3998709, 1616801279.119188]
[1616801276.2346003, 1616801278.969803]
[1616801276.4352624, 1616801279.1704104]
[1616801276.445671, 1616801279.1645696]
[1616801276.3472002, 1616801279.1088328]
[1616801276.420116, 1616801279.1396928]
[1616801276.4457266, 1616801279.1593072]
[1616801276.3984516, 1616801279.1073854]
[1616801276.4345946, 1616801279.166602]
[1616801276.7773237, 1616801279.5180442]
[1616801276.6523197, 1616801279.3936193]
[1616801276.7093384, 1616801279.4739964]
[1616801276.6403418, 1616801279.3686361]
[1616801276.687055, 1616801279.4120646]
[1616801276.7283099, 1616801279.4865637]
[1616801277.0862744, 1616801279.80418]
[1616801276.7872548, 1616801279.5270367]
[1616801276.9833205, 1616801279.7633736]
[1616801277.0090396, 1616801279.7068145]
[1616801276.9821138, 1616801279.706146]
[1616801277.1311316, 1616801279.838499]
[1616801277.2676692, 1616801280.0008478]
[1616801277.2907245, 1616801280.0647073]
[1616801277.30064, 1616801280.0306268]
[1616801277.529971, 1616801280.3068416]
[1616801277.1511033, 1616801279.8694952]
[1616801277.2075622, 1616801279.9111779]
[1616801277.4115162, 1616801280.2024589]
[1616801277.4934816, 1616801280.22867]
[1616801277.6901338, 1616801280.4214153]
[1616801277.5944002, 1616801280.4072576]
[1616801277.3493283, 1616801280.077255]
[1616801277.5666592, 1616801280.3050714]
[1616801277.6937406, 1616801280.4174178]
[1616801277.8515058, 1616801280.650464]
[1616801277.938949, 1616801280.6472592]
[1616801277.6161149, 1616801280.2818217]
[1616801277.871104, 1616801280.6006863]
[1616801278.0773718, 1616801280.7732115]
[1616801278.3799694, 1616801281.0920775]
[1616801277.9797523, 1616801280.706155]
[1616801278.0237978, 1616801280.7769556]
[1616801278.1391385, 1616801280.8494518]
[1616801278.4756072, 1616801281.2568276]
[1616801278.2299938, 1616801280.9713602]
[1616801278.2280595, 1616801280.972792]
[1616801278.261903, 1616801280.9613092]
[1616801278.3765898, 1616801281.0749235]
[1616801278.4918268, 1616801281.21935]
[1616801278.4303782, 1616801281.165531]
[1616801278.685757, 1616801281.4436052]
[1616801278.8055565, 1616801281.4960809]
[1616801278.5226724, 1616801281.2562115]
[1616801278.8270817, 1616801281.547876]
[1616801278.8721, 1616801281.589158]
[1616801278.732961, 1616801281.469284]
[1616801279.0264857, 1616801281.7945068]
[1616801278.70228, 1616801281.4403245]
[1616801278.9063406, 1616801281.6369286]
[1616801278.9816992, 1616801281.6907675]
[1616801278.8703399, 1616801281.624922]
[1616801279.1356769, 1616801281.9063427]
[1616801279.1291666, 1616801281.828458]
[1616801279.4625986, 1616801282.1870317]
[1616801279.1961727, 1616801281.9206953]
[1616801279.3173718, 1616801282.0314856]
[1616801279.3316169, 1616801282.049995]
[1616801279.2833233, 1616801282.018507]
[1616801279.4940193, 1616801282.2442021]
[1616801279.4782932, 1616801282.198508]
[1616801279.780928, 1616801282.5272598]
[1616801279.7275586, 1616801282.4497678]
[1616801279.8551917, 1616801282.5273015]
[1616801279.7973082, 1616801282.5372243]
[1616801279.8005452, 1616801282.609906]
[1616801279.757593, 1616801282.4641106]
[1616801279.8709865, 1616801282.602997]
[1616801279.8848896, 1616801282.5968153]
[1616801279.794958, 1616801282.5221112]
[1616801279.943101, 1616801282.6268258]
[1616801280.0460975, 1616801282.790502]
[1616801280.0124395, 1616801282.719732]
[1616801280.1645863, 1616801282.8825045]
[1616801280.2388, 1616801282.9642396]
[1616801280.41252, 1616801283.1063998]
[1616801280.405776, 1616801283.125991]
[1616801280.5224266, 1616801283.24245]
[1616801280.3375645, 1616801283.1125865]
[1616801280.161759, 1616801282.892481]
[1616801280.5403433, 1616801283.2547054]
[1616801280.8288715, 1616801283.5398984]
[1616801280.781145, 1616801283.4964805]
[1616801280.5701563, 1616801283.3493047]
[1616801280.5933304, 1616801283.364645]
[1616801280.7515523, 1616801283.4747827]
[1616801280.7315912, 1616801283.4688675]
[1616801280.8501797, 1616801283.5730178]
[1616801280.7796724, 1616801283.5059412]
[1616801280.853519, 1616801283.5949857]
[1616801280.6516075, 1616801283.3790421]
[1616801280.6512592, 1616801283.3840475]
[1616801281.0366178, 1616801283.7995832]
[1616801281.118888, 1616801283.8393786]
[1616801280.8526871, 1616801283.5867264]
[1616801281.2659743, 1616801283.991567]
[1616801280.9350135, 1616801283.6451886]
[1616801281.3590045, 1616801284.0354304]
[1616801281.2792745, 1616801284.0117204]
[1616801281.2713032, 1616801284.0053403]
[1616801281.2659042, 1616801284.007135]
[1616801281.497618, 1616801284.2369993]
[1616801281.5296586, 1616801284.2328336]
[1616801281.4668717, 1616801284.22551]
[1616801281.418736, 1616801284.1545315]
[1616801281.43673, 1616801284.1351995]
[1616801281.6871119, 1616801284.421835]
[1616801281.8085635, 1616801284.559916]
[1616801281.87702, 1616801284.588571]
[1616801281.9453225, 1616801284.6633627]
[1616801281.7623842, 1616801284.4806335]
[1616801281.895435, 1616801284.634565]
[1616801281.9153538, 1616801284.663478]
[1616801281.9500017, 1616801284.691345]
[1616801281.9546764, 1616801284.7041008]
[1616801281.951211, 1616801284.6742978]
[1616801282.4379506, 1616801285.168419]
[1616801282.4220595, 1616801285.1657684]
[1616801282.1782453, 1616801284.912196]
[1616801282.1428065, 1616801284.850817]
[1616801282.1213527, 1616801284.8319213]
[1616801282.3462672, 1616801285.0946758]
[1616801282.2332451, 1616801284.9437492]
[1616801282.4282937, 1616801285.106478]
[1616801282.3769557, 1616801285.1176634]
[1616801282.2914977, 1616801285.004383]
[1616801282.6243384, 1616801285.401271]
[1616801282.2705152, 1616801285.0295234]
[1616801282.6464553, 1616801285.336242]
[1616801282.593963, 1616801285.3341913]
[1616801282.765863, 1616801285.4854493]
[1616801282.7652128, 1616801285.5260992]
[1616801282.8348165, 1616801285.5760903]
[1616801282.858852, 1616801285.5691516]
[1616801282.9237108, 1616801285.6509597]
[1616801282.999861, 1616801285.7414231]
[1616801283.2498374, 1616801285.9518166]
[1616801283.1096418, 1616801285.8333225]
[1616801282.8972342, 1616801285.6212783]
[1616801282.9417162, 1616801285.6082425]
[1616801283.2206924, 1616801285.959684]
[1616801283.0732682, 1616801285.8349776]
[1616801283.2278748, 1616801285.9883926]
[1616801283.2491837, 1616801285.9999144]
[1616801283.2538533, 1616801285.9616556]
[1616801283.6580393, 1616801286.3669496]
[1616801283.3175857, 1616801286.0367537]
[1616801283.4552538, 1616801286.1946082]
[1616801283.6635897, 1616801286.3820891]
[1616801283.480903, 1616801286.2047207]
[1616801283.7544446, 1616801286.5005066]
[1616801283.7674153, 1616801286.4910164]
[1616801283.8888488, 1616801286.6007307]
[1616801283.7716787, 1616801286.4852726]
[1616801283.7785518, 1616801286.5050871]
[1616801283.88196, 1616801286.6040082]
[1616801283.9405982, 1616801286.6982195]
[1616801284.1969168, 1616801286.9103258]
[1616801284.1331801, 1616801286.8857706]
[1616801283.9264822, 1616801286.6443286]
[1616801283.9909012, 1616801286.7190754]
[1616801284.3091624, 1616801287.0506253]
[1616801284.1637087, 1616801286.9407375]
[1616801284.1273139, 1616801286.8593442]
[1616801284.5930068, 1616801287.3177683]
[1616801284.403764, 1616801287.0781834]
[1616801284.0591, 1616801286.75785]
[1616801284.5065072, 1616801287.242139]
[1616801284.629526, 1616801287.3897748]
[1616801284.490681, 1616801287.2520645]
[1616801284.8034174, 1616801287.5295546]
[1616801284.7476642, 1616801287.4733665]
[1616801284.821766, 1616801287.5843697]
[1616801284.7937763, 1616801287.5169368]
[1616801284.9449525, 1616801287.6633897]
[1616801284.7112477, 1616801287.4763172]
[1616801284.8546135, 1616801287.5663724]
[1616801285.0862381, 1616801287.8762007]
[1616801285.1446915, 1616801287.8970962]
[1616801285.2129781, 1616801287.9307897]
[1616801285.3207564, 1616801288.0334651]
[1616801285.2556775, 1616801288.0277503]
[1616801285.5015454, 1616801288.251031]
[1616801285.2303874, 1616801287.969728]
[1616801285.394503, 1616801288.1090572]
[1616801285.5732148, 1616801288.2858086]
[1616801285.362143, 1616801288.0918772]
[1616801285.3100586, 1616801288.0220482]
[1616801285.3925536, 1616801288.1627047]
[1616801285.2476656, 1616801287.9340918]
[1616801285.445148, 1616801288.2228508]
[1616801285.528928, 1616801288.2730799]
[1616801285.6300611, 1616801288.3516946]
[1616801285.799533, 1616801288.5192468]
[1616801285.600486, 1616801288.3398805]
[1616801286.0009236, 1616801288.7648852]
[1616801285.8980267, 1616801288.6564083]
[1616801285.90736, 1616801288.6571229]
[1616801286.0209308, 1616801288.7234757]
[1616801286.113138, 1616801288.8503497]
[1616801286.1189787, 1616801288.8579001]
[1616801286.0954752, 1616801288.8070166]
[1616801286.0402882, 1616801288.7680123]
[1616801286.1167786, 1616801288.8165555]
[1616801286.19872, 1616801288.867683]
[1616801286.217607, 1616801288.9485517]
[1616801286.2597337, 1616801288.979875]
[1616801286.249589, 1616801289.0076022]
[1616801286.510392, 1616801289.2367058]
[1616801286.667002, 1616801289.3852654]
[1616801286.5868351, 1616801289.2932243]
[1616801286.5734074, 1616801289.2893662]
[1616801286.682962, 1616801289.4013941]
[1616801286.4743934, 1616801289.1918437]
[1616801286.7615795, 1616801289.473759]
[1616801286.5481355, 1616801289.290874]
[1616801286.7421405, 1616801289.48672]
[1616801286.7256303, 1616801289.464939]
[1616801287.107185, 1616801289.7895849]
[1616801286.7019858, 1616801289.4193466]
[1616801286.8406556, 1616801289.514278]
[1616801287.0557542, 1616801289.7902923]
[1616801286.8786573, 1616801289.596043]
[1616801287.2784572, 1616801289.9990664]
[1616801287.1359994, 1616801289.8909]
[1616801287.2163348, 1616801289.9203706]
[1616801287.1260011, 1616801289.8515682]
[1616801287.1086924, 1616801289.8520904]
[1616801287.1437902, 1616801289.8982825]
[1616801287.466051, 1616801290.2373414]
[1616801287.4558837, 1616801290.1918957]
[1616801287.4268773, 1616801290.1368804]
[1616801287.398462, 1616801290.1785975]
[1616801287.3575466, 1616801290.0716088]
[1616801287.503517, 1616801290.2452743]
[1616801287.6756606, 1616801290.3960862]
[1616801287.7497041, 1616801290.458434]
[1616801287.5551968, 1616801290.2791238]
[1616801287.6421459, 1616801290.4025393]
[1616801287.8604662, 1616801290.5801651]
[1616801288.1321225, 1616801290.8601341]
[1616801287.7808368, 1616801290.5120873]
[1616801287.8889263, 1616801290.6726558]
[1616801288.219688, 1616801290.9640152]
[1616801288.2422755, 1616801291.014474]
[1616801287.8863678, 1616801290.605946]
[1616801288.5288057, 1616801291.2664146]
[1616801288.2792747, 1616801291.007849]
[1616801288.3496659, 1616801291.0829089]
[1616801288.3034356, 1616801291.0128114]
[1616801288.4522276, 1616801291.17482]
[1616801288.542642, 1616801291.2896876]
[1616801288.355277, 1616801291.0802474]
[1616801288.4028897, 1616801291.1305583]
[1616801288.6102955, 1616801291.2993577]
[1616801288.4755087, 1616801291.2023332]
[1616801288.5675364, 1616801291.2701015]
[1616801288.7383873, 1616801291.4702861]
[1616801288.9079857, 1616801291.5636024]
[1616801289.0162346, 1616801291.750774]
[1616801288.572631, 1616801291.3099232]
[1616801288.7806795, 1616801291.5117953]
[1616801288.9686804, 1616801291.6635432]
[1616801288.8547082, 1616801291.5779672]
[1616801289.328853, 1616801292.0226374]
[1616801289.3147984, 1616801292.060236]
[1616801289.2569144, 1616801291.954056]
[1616801289.3521976, 1616801292.0390801]
[1616801289.3317533, 1616801292.0644286]
[1616801289.3241413, 1616801292.0397017]
[1616801289.304113, 1616801292.0126245]
[1616801289.1847923, 1616801291.9249847]
[1616801289.4565432, 1616801292.1773767]
[1616801289.4439375, 1616801292.1647718]
[1616801289.6278505, 1616801292.3500352]
[1616801289.7105672, 1616801292.447818]
[1616801289.5639627, 1616801292.2578726]
[1616801289.7658398, 1616801292.476733]
[1616801289.6836777, 1616801292.4302192]
[1616801289.7032204, 1616801292.4145346]
[1616801289.818016, 1616801292.5510762]
[1616801289.9681313, 1616801292.6813643]
[1616801290.0283213, 1616801292.7474566]
[1616801289.982958, 1616801292.7420707]
[1616801290.20416, 1616801292.9193656]
[1616801290.0589263, 1616801292.8155007]
[1616801290.1758718, 1616801292.9073536]
[1616801290.0768778, 1616801292.781076]
[1616801290.205554, 1616801292.9644735]
[1616801290.2566814, 1616801292.9910564]
[1616801290.626107, 1616801293.3440723]
[1616801290.35236, 1616801293.0789104]
[1616801290.4592354, 1616801293.1901422]
[1616801290.2303889, 1616801292.9676352]
[1616801290.5321317, 1616801293.2607043]
[1616801290.259736, 1616801293.0254333]
[1616801290.4904246, 1616801293.207242]
[1616801290.5764794, 1616801293.3095496]
[1616801290.6123955, 1616801293.368486]
[1616801290.6347563, 1616801293.3525445]
[1616801290.7602942, 1616801293.4706812]
[1616801290.7535698, 1616801293.4375222]
[1616801290.7477171, 1616801293.5215535]
[1616801290.9074898, 1616801293.684627]
[1616801290.891948, 1616801293.5881958]
[1616801291.276504, 1616801294.0073252]
[1616801291.0764673, 1616801293.846521]
[1616801291.1043687, 1616801293.8487303]
[1616801291.1744633, 1616801293.8881917]
[1616801291.0190566, 1616801293.7439644]
[1616801291.35068, 1616801294.0150037]
[1616801291.3462918, 1616801294.0861702]
[1616801291.4445455, 1616801294.152887]
[1616801291.5146985, 1616801294.233364]
[1616801291.54538, 1616801294.2368233]
[1616801291.3620894, 1616801294.1135166]
[1616801291.4698827, 1616801294.1968994]
[1616801291.5877702, 1616801294.3060565]
[1616801291.5865111, 1616801294.3054752]
[1616801291.5791638, 1616801294.2601054]
[1616801291.5173116, 1616801294.2508223]
[1616801291.8126526, 1616801294.5759292]
[1616801291.8121362, 1616801294.5383666]
[1616801291.819479, 1616801294.5646167]
[1616801291.7792056, 1616801294.5034106]
[1616801291.9911573, 1616801294.6897106]
[1616801291.9509106, 1616801294.664519]
[1616801292.2434323, 1616801294.9597147]
[1616801292.26689, 1616801294.9938874]
[1616801292.265658, 1616801294.9262607]
[1616801292.3312392, 1616801295.0576832]
[1616801292.095448, 1616801294.8369584]
[1616801292.4042068, 1616801295.1107254]
[1616801292.4623826, 1616801295.2111554]
[1616801292.4198413, 1616801295.1164415]
[1616801292.6038194, 1616801295.325255]
[1616801292.6799495, 1616801295.3876214]
[1616801292.4603918, 1616801295.1909528]
[1616801292.3011994, 1616801295.0385182]
[1616801292.3790152, 1616801295.0967326]
[1616801292.4747567, 1616801295.1741588]
[1616801292.581069, 1616801295.337236]
[1616801292.8458288, 1616801295.6315114]
[1616801292.9852746, 1616801295.7251213]
[1616801292.7373228, 1616801295.4990168]
[1616801292.7130802, 1616801295.4272912]
[1616801292.9280267, 1616801295.6476693]
[1616801292.8195224, 1616801295.5394883]
[1616801292.907159, 1616801295.6678822]
[1616801293.2649357, 1616801296.0770302]
[1616801292.8554714, 1616801295.573782]
[1616801293.192205, 1616801295.9144456]
[1616801293.1997354, 1616801295.9461346]
[1616801293.3458369, 1616801296.093601]
[1616801293.2863314, 1616801295.992785]
[1616801293.2229266, 1616801295.9332805]
[1616801293.8029628, 1616801296.522207]
[1616801293.6386623, 1616801296.3406188]
[1616801293.3187966, 1616801296.0381422]
[1616801293.838815, 1616801296.5301702]
[1616801293.6873581, 1616801296.4271472]
[1616801293.7059417, 1616801296.4722793]
[1616801293.5912812, 1616801296.3697674]
[1616801293.6179426, 1616801296.321319]
[1616801294.0279522, 1616801296.703011]
[1616801293.6631143, 1616801296.3291154]
[1616801293.8442845, 1616801296.5707972]
[1616801294.07548, 1616801296.7817671]
[1616801294.1558478, 1616801296.893134]
[1616801294.0741, 1616801296.820514]
[1616801294.1210086, 1616801296.8844845]
[1616801294.1225963, 1616801296.8538976]
[1616801294.214982, 1616801296.9311962]
[1616801294.3538017, 1616801297.0678444]
[1616801294.1984189, 1616801296.9064178]
[1616801294.251305, 1616801296.9747143]
[1616801294.4511383, 1616801297.1814866]
[1616801294.5428824, 1616801297.263813]
[1616801294.7483084, 1616801297.474593]
[1616801294.7190604, 1616801297.3932195]
[1616801294.5613294, 1616801297.2822833]
[1616801294.5426185, 1616801297.229972]
[1616801294.6065145, 1616801297.3419068]
[1616801294.8303237, 1616801297.558386]
[1616801294.8690295, 1616801297.5653307]
[1616801294.8534348, 1616801297.57648]
[1616801294.7511072, 1616801297.490359]
[1616801294.9924624, 1616801297.7396202]
[1616801295.0286322, 1616801297.7811477]
[1616801295.2057505, 1616801297.9425077]
[1616801294.9103868, 1616801297.6822371]
[1616801295.0085933, 1616801297.7427633]
[1616801294.9340746, 1616801297.6072235]
[1616801295.1778252, 1616801297.892394]
[1616801295.37823, 1616801298.1265383]
[1616801295.3158112, 1616801298.052994]
[1616801295.598609, 1616801298.322018]
[1616801295.2965949, 1616801298.034788]
[1616801295.3208938, 1616801298.0022163]
[1616801295.4461606, 1616801298.1780894]
[1616801295.5142925, 1616801298.2550032]
[1616801295.577511, 1616801298.6552634]
[1616801295.6658194, 1616801298.4110432]
[1616801295.6008341, 1616801298.325308]
[1616801295.4294977, 1616801298.1710122]
[1616801295.7299318, 1616801298.4580555]
[1616801295.8898115, 1616801298.6190808]
[1616801295.8250146, 1616801298.6009176]
[1616801295.8944955, 1616801298.6416528]
[1616801295.8822174, 1616801298.6332226]
[1616801295.9553552, 1616801298.7014854]
[1616801296.0987453, 1616801298.8664577]
[1616801295.8825498, 1616801298.591401]
[1616801296.0367913, 1616801298.756288]
[1616801296.1183903, 1616801298.91971]
[1616801296.124924, 1616801298.8416665]
[1616801296.380056, 1616801299.1633613]
[1616801296.231525, 1616801298.946008]
[1616801296.4347494, 1616801299.1548383]
[1616801296.267876, 1616801299.0019867]
[1616801296.5163045, 1616801299.2272243]
[1616801296.6415966, 1616801299.3583882]
[1616801296.5039492, 1616801299.276048]
[1616801296.5273004, 1616801299.2580628]
[1616801296.6178203, 1616801299.342535]
[1616801296.722067, 1616801299.406511]
[1616801296.6539905, 1616801299.3249738]
[1616801296.773267, 1616801299.4958134]
[1616801297.011555, 1616801299.7457702]
[1616801297.1078548, 1616801299.8259504]
[1616801296.7698412, 1616801299.4740884]
[1616801296.779436, 1616801299.5329213]
[1616801297.0612206, 1616801299.7815814]
[1616801296.981628, 1616801299.682822]
[1616801297.3040164, 1616801300.0336514]
[1616801297.1668127, 1616801299.9195716]
[1616801297.3228533, 1616801300.0664365]
[1616801297.4466634, 1616801300.1630647]
[1616801297.3954983, 1616801300.0366979]
[1616801297.6293757, 1616801300.29087]
[1616801297.4477718, 1616801300.199733]
[1616801297.356906, 1616801300.0863836]
[1616801297.466904, 1616801300.214982]
[1616801297.5703578, 1616801300.3272967]
[1616801297.7605147, 1616801300.465196]
[1616801297.4711034, 1616801300.2277648]
[1616801297.630956, 1616801300.353901]
[1616801297.4342759, 1616801300.1328301]
[1616801297.571135, 1616801300.2935107]
[1616801297.859569, 1616801300.610045]
[1616801297.8507636, 1616801300.567709]
[1616801297.6882122, 1616801300.4544659]
[1616801298.070788, 1616801300.7812395]
[1616801297.7900436, 1616801300.5497594]
[1616801298.0542603, 1616801300.7894769]
[1616801298.0916986, 1616801300.791577]
[1616801298.0882955, 1616801300.789393]
[1616801298.2188368, 1616801300.934416]
[1616801298.0120704, 1616801300.7185664]
[1616801298.0146585, 1616801300.737522]
[1616801298.383751, 1616801301.0883548]
[1616801298.5123098, 1616801301.2538893]
[1616801298.5129204, 1616801301.2197793]
[1616801298.4747205, 1616801301.1976871]
[1616801298.4585204, 1616801301.175149]
[1616801298.4571698, 1616801301.1937072]
[1616801298.5981557, 1616801301.3233132]
[1616801298.545694, 1616801301.3111663]
[1616801298.7465317, 1616801301.4663246]
[1616801298.629145, 1616801301.3505566]
[1616801298.5734556, 1616801301.2809658]
[1616801298.809606, 1616801301.540713]
[1616801298.724098, 1616801301.4644964]
[1616801298.865706, 1616801301.6696959]
[1616801298.7909682, 1616801301.5430655]
[1616801298.9547625, 1616801301.643747]
[1616801298.9122248, 1616801301.6699126]
[1616801299.0081885, 1616801301.7299757]
[1616801299.0404742, 1616801301.7957847]
[1616801299.2204137, 1616801301.9960573]
[1616801299.3008416, 1616801302.0636163]
[1616801299.2774527, 1616801301.9940984]
[1616801299.2221699, 1616801301.9443016]
[1616801299.2626808, 1616801301.9582791]
[1616801299.84457, 1616801302.568049]
[1616801299.6442902, 1616801302.3893135]
[1616801299.3411598, 1616801301.9923625]
[1616801299.386212, 1616801302.063615]
[1616801299.6828725, 1616801302.388208]
[1616801299.799551, 1616801302.5174084]
[1616801299.6998327, 1616801302.3920834]
[1616801299.4585152, 1616801302.1380272]
[1616801299.8323889, 1616801302.5237532]
[1616801299.648381, 1616801302.3728516]
[1616801299.9192905, 1616801302.6730611]
[1616801299.8827367, 1616801302.6621263]
[1616801299.7903335, 1616801302.503014]
[1616801299.9038434, 1616801302.6230822]
[1616801299.8846722, 1616801302.633958]
[1616801299.9848666, 1616801302.712572]
[1616801300.0320365, 1616801302.743547]
[1616801300.2035625, 1616801302.9120312]
[1616801300.384736, 1616801303.121134]
[1616801300.412781, 1616801303.066284]
[1616801300.472691, 1616801303.2433784]
[1616801300.3838537, 1616801303.1004467]
[1616801300.3012865, 1616801303.0088477]
[1616801300.472399, 1616801303.1764936]
[1616801300.5387697, 1616801303.2890463]
[1616801300.6138625, 1616801303.309478]
[1616801300.659733, 1616801303.469374]
[1616801300.7432528, 1616801303.4884348]
[1616801300.8632395, 1616801303.592162]
[1616801300.6178625, 1616801303.350278]
[1616801300.968078, 1616801303.6950314]
[1616801301.0439544, 1616801303.7497196]
[1616801300.9003458, 1616801303.6219366]
[1616801301.2190032, 1616801303.9385157]
[1616801301.0963314, 1616801303.7982771]
[1616801301.1886714, 1616801303.9005675]
[1616801301.1341429, 1616801303.8590863]
[1616801301.5025582, 1616801304.26226]
[1616801301.1556702, 1616801303.8306236]
[1616801301.2617724, 1616801304.0191545]
[1616801301.1953945, 1616801303.934741]
[1616801301.5690076, 1616801304.2880487]
[1616801301.495799, 1616801304.23461]
[1616801301.3466392, 1616801304.059956]
[1616801301.4325159, 1616801304.1588206]
[1616801301.6763256, 1616801304.4142582]
[1616801301.465549, 1616801304.2338686]
[1616801301.5778563, 1616801304.3117595]
[1616801301.7269583, 1616801304.447124]
[1616801301.8155453, 1616801304.5727794]
[1616801302.0040247, 1616801304.7874289]
[1616801301.8762336, 1616801304.5720336]
[1616801302.2425976, 1616801304.9762855]
[1616801302.290886, 1616801305.0405784]
[1616801301.8252437, 1616801304.5404994]
[1616801302.112848, 1616801304.8718529]
[1616801301.9589148, 1616801304.6960025]
[1616801302.1742148, 1616801304.8411555]
[1616801302.1786082, 1616801304.9005342]
[1616801302.2875118, 1616801304.9771256]
[1616801302.1217306, 1616801304.8095498]
[1616801302.2133925, 1616801304.885177]
[1616801302.631267, 1616801305.3505707]
[1616801302.3566065, 1616801305.0831895]
[1616801302.6072102, 1616801305.335144]
[1616801302.4689157, 1616801305.1711485]
[1616801302.7293937, 1616801305.4771335]
[1616801302.636786, 1616801305.346723]
[1616801302.5085034, 1616801305.2200477]
[1616801302.6464543, 1616801305.4022465]
[1616801302.8474627, 1616801305.5675259]
[1616801302.9517982, 1616801305.709217]
[1616801302.9354105, 1616801305.639017]
[1616801302.8050299, 1616801305.485536]
[1616801302.7418725, 1616801305.483095]
[1616801302.7272398, 1616801305.4770439]
[1616801302.8770406, 1616801305.6235602]
[1616801302.8899503, 1616801305.6671283]
[1616801303.0841675, 1616801305.7134736]
[1616801303.1776793, 1616801305.8931425]
[1616801302.915383, 1616801305.655884]
[1616801303.097586, 1616801305.8264055]
[1616801303.0040917, 1616801305.7000234]
[1616801303.222786, 1616801305.947784]
[1616801303.286603, 1616801306.0653713]
[1616801303.4819818, 1616801306.2360747]
[1616801303.4715533, 1616801306.212012]
[1616801303.5072935, 1616801306.2540607]
[1616801303.530028, 1616801306.2359014]
[1616801303.5946126, 1616801306.283009]
[1616801303.57543, 1616801306.3047788]
[1616801303.6010258, 1616801306.3074222]
[1616801303.6203876, 1616801306.3628132]
[1616801303.6337824, 1616801306.3612897]
[1616801303.910555, 1616801306.622661]
[1616801303.8594756, 1616801306.5498643]
[1616801303.9033937, 1616801306.647821]
[1616801303.8672597, 1616801306.5736275]
[1616801303.7080553, 1616801306.4515626]
[1616801303.7623515, 1616801306.469248]
[1616801303.8329167, 1616801306.5377846]
[1616801303.9955213, 1616801306.7321715]
[1616801304.0091891, 1616801306.6715271]
[1616801304.2267194, 1616801306.9586954]
[1616801304.277712, 1616801307.027363]
[1616801303.9465914, 1616801306.6765618]
[1616801304.3754423, 1616801307.0867586]
[1616801304.2725577, 1616801307.0146646]
[1616801304.2130353, 1616801306.9337943]
[1616801304.3670766, 1616801307.084211]
[1616801304.5891187, 1616801307.3637922]
[1616801304.567853, 1616801307.3187296]
[1616801304.5924346, 1616801307.3181741]
[1616801304.7698672, 1616801307.51793]
[1616801304.9110725, 1616801307.6239436]
[1616801304.5645156, 1616801307.2925365]
[1616801304.7829132, 1616801307.5002987]
[1616801304.7583215, 1616801307.5123425]
[1616801305.0018632, 1616801307.694108]
[1616801304.807038, 1616801307.5921555]
[1616801304.841055, 1616801307.540358]
[1616801305.0057533, 1616801307.699556]
[1616801305.0029297, 1616801307.6977525]
[1616801305.2117124, 1616801307.9255853]
[1616801305.0890777, 1616801307.816388]
[1616801305.3295672, 1616801308.0542426]
[1616801305.1641116, 1616801307.899874]
[1616801305.3256931, 1616801308.0062268]
[1616801305.3250706, 1616801308.084846]
[1616801305.2999735, 1616801308.0142434]
[1616801305.4396617, 1616801308.2217388]
[1616801305.5032983, 1616801308.203153]
[1616801305.4034708, 1616801308.1357822]
[1616801305.7429807, 1616801308.4490345]
[1616801305.6131225, 1616801308.347228]
[1616801305.5335777, 1616801308.2734106]
[1616801305.6764338, 1616801308.387026]
[1616801305.6933355, 1616801308.4357102]
[1616801305.8206677, 1616801308.5666788]
[1616801305.7197087, 1616801308.3703222]
[1616801306.122118, 1616801308.8921483]
[1616801305.8755965, 1616801308.7091646]
[1616801305.7709486, 1616801308.4957342]
[1616801305.7427888, 1616801308.4943032]
[1616801305.8815682, 1616801308.6149623]
[1616801306.1709678, 1616801308.9168713]
[1616801306.1307714, 1616801308.847093]
[1616801306.1539578, 1616801308.8909957]
[1616801306.1926744, 1616801308.909917]
[1616801306.3593836, 1616801309.081521]
[1616801306.2515757, 1616801308.9637246]
[1616801306.3879912, 1616801309.111399]
[1616801306.392976, 1616801309.123652]
[1616801306.2464402, 1616801309.0130656]
[1616801306.4083447, 1616801309.1386254]
[1616801306.272227, 1616801309.0078838]
[1616801306.3591409, 1616801309.0845432]
[1616801306.645955, 1616801309.3791943]
[1616801306.5757551, 1616801309.2383006]
[1616801306.728583, 1616801309.4620476]
[1616801306.6198986, 1616801309.3449004]
[1616801306.7477546, 1616801309.522582]
[1616801306.6482468, 1616801309.3562155]
[1616801306.727747, 1616801309.38487]
[1616801306.7983057, 1616801309.5074558]
[1616801306.8896363, 1616801309.6378617]
[1616801306.8580227, 1616801309.577452]
[1616801306.7773218, 1616801309.5022275]
[1616801306.9452927, 1616801309.6447737]
[1616801307.2271955, 1616801309.9460745]
[1616801307.0057206, 1616801309.7144494]
[1616801307.118521, 1616801309.8470147]
[1616801307.2763212, 1616801310.0375106]
[1616801307.041471, 1616801309.7826922]
[1616801307.1315684, 1616801309.9045882]
[1616801307.112183, 1616801309.857534]
[1616801307.2435231, 1616801309.9930317]
[1616801307.279823, 1616801309.9871888]
[1616801307.1972997, 1616801309.939393]
[1616801307.4357367, 1616801310.1440463]
[1616801307.4959023, 1616801310.1978934]
[1616801307.4300685, 1616801310.2044692]
[1616801307.522478, 1616801310.262738]
[1616801307.4343565, 1616801310.1528392]
[1616801307.457375, 1616801310.1761072]
[1616801307.5026178, 1616801310.2316437]
[1616801307.5594347, 1616801310.3026474]
[1616801307.5541735, 1616801310.2398956]
[1616801307.5082564, 1616801310.2279377]
[1616801307.7713356, 1616801310.487755]
[1616801307.452633, 1616801310.1738162]
[1616801307.7559638, 1616801310.4533617]
[1616801307.7019367, 1616801310.3987348]
[1616801307.6977997, 1616801310.5021758]
[1616801307.6733515, 1616801310.3956919]
[1616801307.899957, 1616801310.590733]
[1616801307.8764133, 1616801310.6072423]
[1616801307.7591832, 1616801310.4659848]
[1616801307.76189, 1616801310.4590807]
[1616801307.9153771, 1616801310.641779]
[1616801307.8888075, 1616801310.562922]
[1616801308.0554445, 1616801310.8076677]
[1616801308.03906, 1616801310.7529297]
[1616801307.9808972, 1616801310.6991057]
[1616801308.015552, 1616801310.6749156]
[1616801308.17555, 1616801310.8994029]
[1616801307.9505918, 1616801310.6561768]
[1616801307.9954083, 1616801310.7391152]
[1616801308.202748, 1616801310.9054677]
[1616801308.316459, 1616801311.0289636]
[1616801308.2424626, 1616801310.938619]
[1616801308.340024, 1616801311.0777738]
[1616801308.2354069, 1616801310.9977033]
[1616801308.1910336, 1616801310.9579265]
[1616801308.2010615, 1616801310.903729]
[1616801308.274318, 1616801310.9833925]
[1616801308.4256363, 1616801311.0759625]
[1616801308.3084269, 1616801311.0491076]
[1616801308.393193, 1616801311.1069007]
[1616801308.465527, 1616801311.1542757]
[1616801308.5051944, 1616801311.2072246]
[1616801308.4759247, 1616801311.1939085]
[1616801308.5651822, 1616801311.2718542]
[1616801308.5866077, 1616801311.3554199]
[1616801308.3223646, 1616801311.0459197]
[1616801308.516841, 1616801311.2667599]
[1616801308.5295744, 1616801311.2470915]
[1616801308.5520792, 1616801311.2620666]
[1616801308.595532, 1616801311.2857804]
[1616801308.6573572, 1616801311.3894165]
[1616801308.6672533, 1616801311.356954]
[1616801308.861337, 1616801311.5729825]
[1616801308.7133915, 1616801311.4264467]
[1616801308.851354, 1616801311.5478919]
[1616801308.6810904, 1616801311.3690681]
[1616801308.9142115, 1616801311.7156556]
[1616801308.8598495, 1616801311.58472]
[1616801308.8592737, 1616801311.5488183]
[1616801308.858049, 1616801311.5633423]
[1616801308.9451714, 1616801311.7259078]
[1616801308.8750422, 1616801311.6059012]
[1616801308.8373985, 1616801311.5730796]
[1616801309.019437, 1616801311.7825656]
[1616801309.0310664, 1616801311.7813008]
[1616801309.1243215, 1616801311.8694315]
[1616801308.9557822, 1616801311.7116926]
[1616801309.0061376, 1616801311.7245705]
[1616801309.0602038, 1616801311.7906213]
[1616801309.1590548, 1616801311.8893728]
[1616801309.177045, 1616801311.9060178]
[1616801309.0769234, 1616801311.8031492]
[1616801309.1789298, 1616801311.932486]
[1616801309.0825098, 1616801311.7979527]
[1616801309.1538851, 1616801311.8753886]
[1616801309.0978315, 1616801311.7909226]
[1616801309.1416624, 1616801311.870339]
[1616801309.236054, 1616801311.9671032]
[1616801309.2861826, 1616801312.0091293]
[1616801309.3785193, 1616801312.0736263]
[1616801309.3657558, 1616801312.079673]
[1616801309.3806548, 1616801312.123521]
[1616801309.2340815, 1616801311.9567165]
[1616801309.3801327, 1616801312.0883815]
[1616801309.354038, 1616801312.0698824]
[1616801309.2601688, 1616801311.9638014]
[1616801309.4235454, 1616801312.16651]
[1616801309.4799266, 1616801312.2155595]
[1616801309.3160818, 1616801312.006146]
[1616801309.3366845, 1616801312.0625196]
[1616801309.3377073, 1616801312.0798786]
[1616801309.4467633, 1616801312.185838]
[1616801309.4962888, 1616801312.227165]
[1616801309.4399536, 1616801312.1319265]
[1616801309.3889587, 1616801312.1052651]
[1616801309.3954005, 1616801312.0945108]
[1616801309.5887516, 1616801312.3156626]
[1616801309.5538576, 1616801312.3041978]
[1616801309.6443188, 1616801312.3955002]
[1616801309.6435242, 1616801312.3880932]
[1616801309.4368784, 1616801312.1574154]
[1616801309.442755, 1616801312.163823]
[1616801309.606191, 1616801312.3379228]
[1616801309.4561605, 1616801312.198412]
[1616801309.4414303, 1616801312.1557634]
[1616801309.6053722, 1616801312.3821895]
[1616801309.523409, 1616801312.2081525]
[1616801309.4799414, 1616801312.233676]
[1616801309.5603309, 1616801312.2850666]
[1616801309.5999289, 1616801312.3133266]
[1616801309.7970695, 1616801312.54778]
[1616801309.6872234, 1616801312.4176652]
[1616801309.6659517, 1616801312.35722]
[1616801309.666462, 1616801312.363713]
[1616801309.799323, 1616801312.4905238]
[1616801309.5481334, 1616801312.2915316]
[1616801309.8533652, 1616801312.4937787]
[1616801309.8298569, 1616801312.5543504]
[1616801309.850029, 1616801312.5647068]
[1616801309.8179634, 1616801312.552278]
[1616801309.8309338, 1616801312.4689236]
[1616801309.8020778, 1616801312.5470855]
[1616801309.81051, 1616801312.5376735]
[1616801309.7907946, 1616801312.5543773]
[1616801309.8285232, 1616801312.5860872]
[1616801309.9396083, 1616801312.6646352]
[1616801309.696887, 1616801312.4260652]
[1616801309.8904092, 1616801312.59944]
[1616801309.7394588, 1616801312.4776628]
[1616801309.7073705, 1616801312.505076]
[1616801309.941413, 1616801312.6758554]
[1616801309.8791547, 1616801312.6471846]
[1616801309.8347998, 1616801312.5231664]
[1616801309.7845898, 1616801312.5374265]
[1616801309.9156034, 1616801312.6056056]
[1616801309.9010944, 1616801312.560299]
[1616801309.8093665, 1616801312.544322]
[1616801309.944977, 1616801312.713774]
[1616801309.8503487, 1616801312.5402315]
[1616801309.960729, 1616801312.625047]
[1616801309.7883184, 1616801312.499741]
[1616801309.9052567, 1616801312.5428348]
[1616801309.9386108, 1616801312.6726289]
[1616801309.9169593, 1616801312.7776046]
[1616801309.9361274, 1616801312.676781]
[1616801309.8584006, 1616801312.560301]
[1616801309.956198, 1616801312.6960404]
[1616801309.9714224, 1616801312.720291]
[1616801309.8328438, 1616801312.5575135]
[1616801309.963275, 1616801312.683365]
[1616801309.9008615, 1616801312.624973]
[1616801309.9959857, 1616801312.7232387]
[1616801309.9872158, 1616801312.7573638]
[1616801309.9126785, 1616801312.6587522]
[1616801309.9855363, 1616801312.7295115]
[1616801309.7772064, 1616801312.5132513]
[1616801309.9551363, 1616801312.66134]
[1616801309.8633833, 1616801312.5788546]
[1616801309.9674954, 1616801312.7423146]
[1616801309.9919405, 1616801312.6873443]
[1616801309.9806046, 1616801312.6878278]
