[1616801112.9054348, 1616801115.669544]
[1616801113.1048493, 1616801115.8203192]
[1616801113.192176, 1616801115.9268239]
[1616801112.9603188, 1616801115.7138255]
[1616801112.9621181, 1616801115.6804717]
[1616801113.4387214, 1616801116.1617498]
[1616801113.0754967, 1616801115.8184712]
[1616801113.061183, 1616801115.8035765]
[1616801112.9192567, 1616801115.6596692]
[1616801112.866906, 1616801115.6082406]
[1616801113.2874703, 1616801115.992525]
[1616801113.3097103, 1616801116.0172958]
[1616801113.3724868, 1616801116.180125]
[1616801113.3632572, 1616801116.0127394]
[1616801113.1422365, 1616801115.9235866]
[1616801113.30581, 1616801116.0279086]
[1616801112.7346303, 1616801115.4680405]
[1616801112.7424276, 1616801115.5122082]
[1616801112.822958, 1616801115.5324628]
[1616801113.2468982, 1616801115.9558544]
[1616801113.4651122, 1616801116.1995702]
[1616801113.512013, 1616801116.2247944]
[1616801113.2210066, 1616801115.885843]
[1616801113.7083726, 1616801116.4310927]
[1616801113.5090678, 1616801116.238065]
[1616801113.125257, 1616801115.8398068]
[1616801113.7864392, 1616801116.521491]
[1616801114.2474868, 1616801116.9667184]
[1616801113.6694524, 1616801116.3898368]
[1616801114.0518582, 1616801116.746665]
[1616801114.2437923, 1616801116.960394]
[1616801114.171823, 1616801116.8994358]
[1616801114.4423995, 1616801117.171504]
[1616801114.4094791, 1616801117.1359704]
[1616801114.2713103, 1616801116.9579654]
[1616801114.6755662, 1616801117.3775804]
[1616801114.867851, 1616801117.6250732]
[1616801115.003159, 1616801117.6714275]
[1616801114.8544023, 1616801117.5192165]
[1616801114.8559833, 1616801117.5812714]
[1616801115.0942843, 1616801117.8012452]
[1616801115.456453, 1616801118.2009664]
[1616801115.4433784, 1616801118.1726215]
[1616801115.2218447, 1616801117.9842532]
[1616801115.2955823, 1616801118.0031204]
[1616801115.378466, 1616801118.0892942]
[1616801115.313567, 1616801118.025194]
[1616801115.4606664, 1616801118.171481]
[1616801115.5460873, 1616801118.2740617]
[1616801115.6801467, 1616801118.446902]
[1616801115.8428464, 1616801118.6129298]
[1616801116.1961548, 1616801118.9186056]
[1616801115.6119967, 1616801118.3401327]
[1616801116.1194108, 1616801118.8206365]
[1616801116.4066436, 1616801119.1254656]
[1616801116.3618398, 1616801119.0738528]
[1616801116.2874944, 1616801119.0750272]
[1616801116.594524, 1616801119.3198957]
[1616801116.405187, 1616801119.1177917]
[1616801116.4834902, 1616801119.2207856]
[1616801116.5873928, 1616801119.312235]
[1616801116.8647084, 1616801119.5231268]
[1616801116.976576, 1616801119.6978023]
[1616801116.7469912, 1616801119.4412208]
[1616801116.8752797, 1616801119.6123283]
[1616801116.822296, 1616801119.5145028]
[1616801116.96246, 1616801119.6545768]
[1616801117.202774, 1616801119.942064]
[1616801117.3245742, 1616801120.0807314]
[1616801117.4057372, 1616801120.109111]
[1616801117.1405334, 1616801119.8389025]
[1616801117.739467, 1616801120.4861462]
[1616801117.7332008, 1616801120.4159331]
[1616801117.5415037, 1616801120.2122993]
[1616801117.3317318, 1616801120.0849142]
[1616801117.654925, 1616801120.3884273]
[1616801117.542417, 1616801120.2497299]
[1616801117.824914, 1616801120.5225568]
[1616801117.9492135, 1616801120.710203]
[1616801117.6740987, 1616801120.399377]
[1616801118.0996199, 1616801120.8284886]
[1616801118.1641483, 1616801120.8773987]
[1616801118.356017, 1616801121.0953195]
[1616801118.3976436, 1616801121.12028]
[1616801118.4509273, 1616801121.2118123]
[1616801118.4690373, 1616801121.1852808]
[1616801118.692681, 1616801121.4036505]
[1616801118.5659912, 1616801121.261822]
[1616801118.69087, 1616801121.4096859]
[1616801118.486442, 1616801121.218979]
[1616801118.8165581, 1616801121.5673895]
[1616801119.1129758, 1616801121.8233838]
[1616801119.2373075, 1616801121.9892247]
[1616801118.990068, 1616801121.7027931]
[1616801119.0660396, 1616801121.7509232]
[1616801119.112523, 1616801121.854237]
[1616801119.1232777, 1616801121.8517985]
[1616801119.0755785, 1616801121.75947]
[1616801119.2829332, 1616801122.0059845]
[1616801119.33309, 1616801122.0500138]
[1616801119.6058037, 1616801122.3094492]
[1616801119.5813134, 1616801122.2592144]
[1616801119.5264702, 1616801122.214174]
[1616801119.7674084, 1616801122.490287]
[1616801119.678098, 1616801122.3698788]
[1616801119.8068426, 1616801122.5179284]
[1616801119.8304803, 1616801122.536318]
[1616801119.8959513, 1616801122.5873053]
[1616801120.0263295, 1616801122.7573514]
[1616801120.0571208, 1616801122.791852]
[1616801120.0904474, 1616801122.8182275]
[1616801120.2595658, 1616801122.9738472]
[1616801120.22926, 1616801122.9013588]
[1616801120.197301, 1616801122.8727837]
[1616801120.201949, 1616801122.9734676]
[1616801120.3959897, 1616801123.1243646]
[1616801120.31432, 1616801123.0911348]
[1616801120.4015362, 1616801123.1541564]
[1616801120.5065434, 1616801123.3015475]
[1616801120.6170003, 1616801123.3032153]
[1616801120.5526955, 1616801123.2544208]
[1616801120.2395031, 1616801122.977793]
[1616801120.7314484, 1616801123.490412]
[1616801120.8249018, 1616801123.5310798]
[1616801120.7853215, 1616801123.509269]
[1616801121.0189102, 1616801123.7296176]
[1616801121.2204607, 1616801123.9873555]
[1616801121.1139224, 1616801123.842153]
[1616801121.2932281, 1616801124.010918]
[1616801121.4863687, 1616801124.1977942]
[1616801121.294717, 1616801124.0331924]
[1616801121.4760358, 1616801124.2228162]
[1616801121.1902714, 1616801123.9100277]
[1616801121.5531573, 1616801124.2882204]
[1616801121.5822964, 1616801124.3119671]
[1616801121.6169212, 1616801124.3510413]
[1616801121.7289863, 1616801124.4788225]
[1616801121.7533503, 1616801124.5081604]
[1616801121.9487576, 1616801124.6827993]
[1616801122.053434, 1616801124.8053997]
[1616801122.1827579, 1616801124.8950777]
[1616801121.958067, 1616801124.699589]
[1616801122.0909004, 1616801124.8532643]
[1616801122.074871, 1616801124.7998803]
[1616801122.4290712, 1616801125.120061]
[1616801122.550913, 1616801125.239171]
[1616801122.3818376, 1616801125.0688696]
[1616801122.3543506, 1616801125.0698361]
[1616801122.6346474, 1616801125.3345172]
[1616801122.749897, 1616801125.4230912]
[1616801122.7198143, 1616801125.4542727]
[1616801122.7125604, 1616801125.4368932]
[1616801122.9362504, 1616801125.6311636]
[1616801122.733685, 1616801125.4392662]
[1616801122.9138048, 1616801125.5885448]
[1616801122.8218005, 1616801125.5220182]
[1616801122.8367488, 1616801125.5688763]
[1616801122.9997854, 1616801125.7305]
[1616801123.0956178, 1616801125.8248382]
[1616801123.0711792, 1616801125.8349688]
[1616801123.1198766, 1616801125.8603013]
[1616801123.3701715, 1616801126.057828]
[1616801123.2514262, 1616801125.9837658]
[1616801123.0640512, 1616801125.7757359]
[1616801123.1433737, 1616801125.8838077]
[1616801123.4052315, 1616801126.1517148]
[1616801123.452858, 1616801126.159218]
[1616801123.5198026, 1616801126.2423747]
[1616801123.4528952, 1616801126.2324767]
[1616801123.4305465, 1616801126.1188676]
[1616801123.6430354, 1616801126.3897038]
[1616801123.6376822, 1616801126.3597167]
[1616801123.67604, 1616801126.3994908]
[1616801123.7699647, 1616801126.504075]
[1616801123.6015801, 1616801126.3642223]
[1616801123.8999429, 1616801126.63091]
[1616801123.6007628, 1616801126.3081994]
[1616801124.060035, 1616801126.7777464]
[1616801123.9848094, 1616801126.704475]
[1616801123.960288, 1616801126.6855924]
[1616801123.9869325, 1616801126.716698]
[1616801123.8289995, 1616801126.5821326]
[1616801124.059485, 1616801126.797072]
[1616801124.2070887, 1616801126.9181678]
[1616801124.2256725, 1616801126.9875102]
[1616801124.37621, 1616801127.0901148]
[1616801124.2932057, 1616801127.0276194]
[1616801124.4359193, 1616801127.1558225]
[1616801124.3021953, 1616801127.0232484]
[1616801124.5852795, 1616801127.335495]
[1616801124.5095053, 1616801127.2532861]
[1616801124.7224042, 1616801127.4402628]
[1616801124.500661, 1616801127.2223287]
[1616801124.670117, 1616801127.4128666]
[1616801124.7370875, 1616801127.497154]
[1616801124.6546385, 1616801127.30951]
[1616801124.754531, 1616801127.5192852]
[1616801124.884066, 1616801127.6429582]
[1616801124.908254, 1616801127.625705]
[1616801125.0803907, 1616801127.773542]
[1616801125.0683658, 1616801127.7985547]
[1616801125.1868913, 1616801127.850716]
[1616801125.1792595, 1616801127.8688035]
[1616801125.0577424, 1616801127.7930439]
[1616801125.175547, 1616801127.87283]
[1616801125.4254534, 1616801128.1474771]
[1616801125.2008595, 1616801127.922421]
[1616801125.4345794, 1616801128.1233463]
[1616801125.4591627, 1616801128.151703]
[1616801125.3350513, 1616801128.027217]
[1616801125.419055, 1616801128.1480498]
[1616801125.759771, 1616801128.4656467]
[1616801125.5984364, 1616801128.294658]
[1616801125.4401076, 1616801128.1307554]
[1616801125.7561808, 1616801128.5208583]
[1616801125.7934628, 1616801128.4998963]
[1616801125.849334, 1616801128.6234503]
[1616801125.968604, 1616801128.6897223]
[1616801126.0709705, 1616801128.7622702]
[1616801125.9387856, 1616801128.6708193]
[1616801126.2931242, 1616801128.9833822]
[1616801125.9827843, 1616801128.7236795]
[1616801126.0557168, 1616801128.7770727]
[1616801126.0472317, 1616801128.7970774]
[1616801126.3327708, 1616801129.082332]
[1616801125.873096, 1616801128.6177988]
[1616801126.23921, 1616801128.9866204]
[1616801126.5203412, 1616801129.2338727]
[1616801126.3143396, 1616801129.0370016]
[1616801126.406551, 1616801129.1263568]
[1616801126.2700462, 1616801128.9972203]
[1616801126.5107002, 1616801129.2972605]
[1616801126.731827, 1616801129.487811]
[1616801126.766939, 1616801129.4939313]
[1616801126.6556752, 1616801129.4057124]
[1616801126.8163023, 1616801129.553778]
[1616801126.7199678, 1616801129.4370613]
[1616801126.6042173, 1616801129.3484776]
[1616801126.9208264, 1616801129.672519]
[1616801126.9268913, 1616801129.6428626]
[1616801126.9258497, 1616801129.6579218]
[1616801127.2288225, 1616801129.9662933]
[1616801127.036146, 1616801129.803333]
[1616801127.1581135, 1616801129.8794556]
[1616801127.1075282, 1616801129.8372965]
[1616801126.8945317, 1616801129.6202092]
[1616801127.2338614, 1616801129.9713106]
[1616801127.2077017, 1616801129.890172]
[1616801127.3702362, 1616801130.0776582]
[1616801127.3879542, 1616801130.08178]
[1616801127.3095307, 1616801130.0566592]
[1616801127.5795062, 1616801130.3170094]
[1616801127.5325785, 1616801130.3392758]
[1616801127.346734, 1616801130.0924726]
[1616801127.6621413, 1616801130.4026847]
[1616801127.7577212, 1616801130.483942]
[1616801127.763536, 1616801130.4862156]
[1616801127.6757476, 1616801130.3777187]
[1616801127.70224, 1616801130.4245827]
[1616801127.9301033, 1616801130.6508043]
[1616801127.8621514, 1616801130.5934367]
[1616801128.007442, 1616801130.6893322]
[1616801128.0873249, 1616801130.785697]
[1616801127.8991702, 1616801130.581271]
[1616801127.855999, 1616801130.5135417]
[1616801128.189465, 1616801130.8917198]
[1616801128.0485437, 1616801130.7772121]
[1616801128.0486407, 1616801130.7554672]
[1616801128.2999182, 1616801130.957443]
[1616801128.419606, 1616801131.124891]
[1616801128.4332197, 1616801131.1480463]
[1616801128.5114865, 1616801131.2146418]
[1616801128.394636, 1616801131.1173713]
[1616801128.5356312, 1616801131.270124]
[1616801128.6695812, 1616801131.4231563]
[1616801128.7121227, 1616801131.4600296]
[1616801128.5978887, 1616801131.2897434]
[1616801128.6420016, 1616801131.4202054]
[1616801128.795934, 1616801131.526748]
[1616801128.5977852, 1616801131.3004274]
[1616801128.8893902, 1616801131.5803585]
[1616801128.8916671, 1616801131.6128182]
[1616801128.86854, 1616801131.6100385]
[1616801129.0165684, 1616801131.7716286]
[1616801129.1977422, 1616801131.8891609]
[1616801129.0096262, 1616801131.733204]
[1616801128.9694607, 1616801131.7029474]
[1616801129.3527539, 1616801132.0981693]
[1616801129.1561444, 1616801131.8764403]
[1616801129.2318618, 1616801131.9334733]
[1616801129.1711547, 1616801131.9238656]
[1616801129.1926832, 1616801131.9173353]
[1616801129.3452024, 1616801132.0712218]
[1616801129.310071, 1616801132.0395162]
[1616801129.4820297, 1616801132.1994984]
[1616801129.5117006, 1616801132.2458708]
[1616801129.5666573, 1616801132.302998]
[1616801129.5645945, 1616801132.3098502]
[1616801129.5941901, 1616801132.3387332]
[1616801129.621985, 1616801132.3555765]
[1616801129.939351, 1616801132.7023032]
[1616801129.855939, 1616801132.5747879]
[1616801130.0219111, 1616801132.726892]
[1616801129.9231362, 1616801132.6026802]
[1616801129.8598304, 1616801132.6256406]
[1616801129.930261, 1616801132.6457367]
[1616801130.0291126, 1616801132.728715]
[1616801130.16222, 1616801132.8498688]
[1616801130.18508, 1616801132.8674595]
[1616801130.1553473, 1616801132.9034128]
[1616801130.2523599, 1616801132.9895175]
[1616801130.2220333, 1616801132.9840355]
[1616801130.3396268, 1616801133.1000288]
[1616801130.2737224, 1616801132.9781613]
[1616801130.3640358, 1616801133.1316547]
[1616801130.4431102, 1616801133.1634612]
[1616801130.5104585, 1616801133.2275796]
[1616801130.6223865, 1616801133.3554223]
[1616801130.5466347, 1616801133.190064]
[1616801130.4710486, 1616801133.1982386]
[1616801130.7437723, 1616801133.3801675]
[1616801130.8335078, 1616801133.5267217]
[1616801130.8730826, 1616801133.6003594]
[1616801130.7095687, 1616801133.3958528]
[1616801130.6830955, 1616801133.4062443]
[1616801131.0698404, 1616801133.8042095]
[1616801130.8957298, 1616801133.6029053]
[1616801130.9270754, 1616801133.635784]
[1616801131.0065002, 1616801133.6675844]
[1616801131.116755, 1616801133.8312478]
[1616801131.1905236, 1616801133.8966835]
[1616801131.2720988, 1616801133.9760816]
[1616801131.1231887, 1616801133.828974]
[1616801131.4389145, 1616801134.1962495]
[1616801131.3782792, 1616801134.0851686]
[1616801131.4543986, 1616801134.2299392]
[1616801131.5105128, 1616801134.2423768]
[1616801131.665949, 1616801134.3446395]
[1616801131.7196658, 1616801134.4611979]
[1616801131.6529324, 1616801134.395076]
[1616801131.5367055, 1616801134.2506802]
[1616801131.730062, 1616801134.469943]
[1616801131.671013, 1616801134.3376203]
[1616801131.6589944, 1616801134.396495]
[1616801131.802783, 1616801134.5943315]
[1616801131.7625191, 1616801134.4821756]
[1616801132.1043913, 1616801134.8305528]
[1616801131.9612708, 1616801134.6772754]
[1616801132.1092525, 1616801134.8294847]
[1616801132.2072477, 1616801134.9027252]
[1616801132.179668, 1616801134.8792534]
[1616801132.1681828, 1616801134.9296927]
[1616801132.2031806, 1616801135.014083]
[1616801132.3009255, 1616801135.02328]
[1616801132.3739264, 1616801135.1420186]
[1616801132.3542001, 1616801135.078752]
[1616801132.2945797, 1616801135.0183406]
[1616801132.0973594, 1616801134.8235185]
[1616801132.4247315, 1616801135.1636639]
[1616801132.7885394, 1616801135.4922342]
[1616801132.5474892, 1616801135.3109598]
[1616801132.6675096, 1616801135.4022546]
[1616801132.5994735, 1616801135.3193467]
[1616801132.9784896, 1616801135.6424813]
[1616801132.8560898, 1616801135.5398355]
[1616801132.7055712, 1616801135.4755285]
[1616801132.9197724, 1616801135.6571527]
[1616801133.2036328, 1616801135.921156]
[1616801133.2185726, 1616801135.8780756]
[1616801133.1630263, 1616801135.955337]
[1616801133.2999969, 1616801136.0272412]
[1616801133.4598587, 1616801136.2063549]
[1616801133.3609397, 1616801136.0928252]
[1616801133.415031, 1616801136.1405458]
[1616801133.4312027, 1616801136.1164358]
[1616801133.3718941, 1616801136.1071367]
[1616801133.6051152, 1616801136.3413322]
[1616801133.6194112, 1616801136.342599]
[1616801133.4264312, 1616801136.105197]
[1616801133.5755963, 1616801136.2935443]
[1616801133.8844535, 1616801136.6084733]
[1616801133.7582264, 1616801136.4396067]
[1616801133.8587708, 1616801136.570823]
[1616801133.5729074, 1616801136.2634978]
[1616801133.9783344, 1616801136.7111168]
[1616801133.6492422, 1616801136.3529444]
[1616801133.915718, 1616801136.6263561]
[1616801134.0512884, 1616801136.7961946]
[1616801133.9904246, 1616801136.6951516]
[1616801134.128539, 1616801136.8374412]
[1616801134.033989, 1616801136.7871397]
[1616801134.0099912, 1616801136.721763]
[1616801133.9678626, 1616801136.735852]
[1616801134.1841886, 1616801136.91327]
[1616801134.1756918, 1616801136.8758628]
[1616801134.4116824, 1616801137.137774]
[1616801134.4109228, 1616801137.1574154]
[1616801134.6703913, 1616801137.3609369]
[1616801134.597513, 1616801137.3350828]
[1616801134.5424907, 1616801137.2621274]
[1616801134.5650456, 1616801137.3108523]
[1616801134.6947289, 1616801137.401271]
[1616801134.7859778, 1616801137.52974]
[1616801134.824642, 1616801137.581101]
[1616801134.737789, 1616801137.3987265]
[1616801134.6181197, 1616801137.3876045]
[1616801134.9454672, 1616801137.6465337]
[1616801135.028768, 1616801137.7565389]
[1616801135.0023828, 1616801137.712855]
[1616801134.9406612, 1616801137.7157102]
[1616801134.8369784, 1616801137.5620618]
[1616801135.0421925, 1616801137.7702374]
[1616801135.1921778, 1616801137.9569955]
[1616801135.2104063, 1616801137.9569297]
[1616801135.3475444, 1616801138.0835786]
[1616801135.3897564, 1616801138.1018867]
[1616801135.2805445, 1616801138.010356]
[1616801135.4050138, 1616801138.1602013]
[1616801135.3224661, 1616801138.045175]
[1616801135.4330254, 1616801138.1523721]
[1616801135.4990668, 1616801138.2092104]
[1616801135.5497048, 1616801138.2364986]
[1616801135.4631603, 1616801138.1672964]
[1616801135.607563, 1616801138.3689818]
[1616801135.7024505, 1616801138.4423845]
[1616801135.6358438, 1616801138.395902]
[1616801135.7663112, 1616801138.4136074]
[1616801135.7822697, 1616801138.541943]
[1616801135.8250294, 1616801138.552035]
[1616801135.9605343, 1616801138.7269943]
[1616801135.974139, 1616801138.6191192]
[1616801135.9400904, 1616801138.6688054]
[1616801136.1095655, 1616801138.8431327]
[1616801136.0493135, 1616801138.7862463]
[1616801136.3054214, 1616801139.0632985]
[1616801136.3247614, 1616801138.9827795]
[1616801136.3915477, 1616801139.0878253]
[1616801136.3193352, 1616801139.0476227]
[1616801136.1713665, 1616801138.8960683]
[1616801136.276232, 1616801138.973813]
[1616801136.4392889, 1616801139.1561654]
[1616801136.4728563, 1616801139.1422675]
[1616801136.4834054, 1616801139.2178822]
[1616801136.6787553, 1616801139.4021912]
[1616801136.4426327, 1616801139.1762106]
[1616801136.707687, 1616801139.3976345]
[1616801136.64354, 1616801139.344485]
[1616801136.7682111, 1616801139.4767487]
[1616801136.7499363, 1616801139.4699395]
[1616801136.85282, 1616801139.5603964]
[1616801137.0907838, 1616801139.8518324]
[1616801137.054019, 1616801139.7332985]
[1616801137.169202, 1616801139.9222791]
[1616801137.0086863, 1616801139.7465844]
[1616801137.0966983, 1616801139.8251371]
[1616801137.2575388, 1616801139.9651372]
[1616801137.1825998, 1616801139.9017584]
[1616801137.3506434, 1616801140.0848484]
[1616801137.2705374, 1616801139.9906144]
[1616801137.2379377, 1616801139.9656806]
[1616801137.4519033, 1616801140.163638]
[1616801137.3067036, 1616801139.981685]
[1616801137.3116882, 1616801140.0424135]
[1616801137.4526806, 1616801140.1012]
[1616801137.646281, 1616801140.3746674]
[1616801137.546058, 1616801140.2477415]
[1616801137.6618705, 1616801140.346082]
[1616801137.6856182, 1616801140.413491]
[1616801137.9082143, 1616801140.6481168]
[1616801137.9288502, 1616801140.66709]
[1616801137.8438523, 1616801140.5520146]
[1616801137.9363854, 1616801140.661062]
[1616801137.9833543, 1616801140.7406015]
[1616801138.0798998, 1616801140.80929]
[1616801138.06236, 1616801140.7719116]
[1616801138.0803108, 1616801140.8349106]
[1616801138.2570162, 1616801140.969309]
[1616801138.168619, 1616801140.8877788]
[1616801138.2716012, 1616801140.9789298]
[1616801138.5223253, 1616801141.2825327]
[1616801138.2825854, 1616801141.004467]
[1616801138.2910388, 1616801140.999947]
[1616801138.2029772, 1616801140.9101753]
[1616801138.331258, 1616801141.0959167]
[1616801138.4757962, 1616801141.1272717]
[1616801138.4479735, 1616801141.1879418]
[1616801138.4075801, 1616801141.175294]
[1616801138.7788267, 1616801141.5291321]
[1616801138.7926295, 1616801141.4968002]
[1616801138.8250885, 1616801141.486345]
[1616801138.7066898, 1616801141.4391873]
[1616801138.8974068, 1616801141.6336305]
[1616801138.9583452, 1616801141.6801622]
[1616801138.9621923, 1616801141.7212498]
[1616801138.938204, 1616801141.6520255]
[1616801139.0686142, 1616801141.8629568]
[1616801139.1567519, 1616801141.8339612]
[1616801139.1082566, 1616801141.81944]
[1616801139.1240804, 1616801141.7951663]
[1616801139.1146998, 1616801141.8388958]
[1616801139.4277, 1616801142.162959]
[1616801139.3015208, 1616801142.0300605]
[1616801139.4220388, 1616801142.153816]
[1616801139.5764692, 1616801142.286894]
[1616801139.5139003, 1616801142.2416656]
[1616801139.5615604, 1616801142.315385]
[1616801139.4382336, 1616801142.1310346]
[1616801139.5441632, 1616801142.270157]
[1616801139.60642, 1616801142.2903094]
[1616801139.6916618, 1616801142.3795285]
[1616801139.790384, 1616801142.4845982]
[1616801139.8182044, 1616801142.59829]
[1616801139.786881, 1616801142.4907825]
[1616801139.8201578, 1616801142.6003053]
[1616801139.7866774, 1616801142.50602]
[1616801139.9739826, 1616801142.7211063]
[1616801139.9835355, 1616801142.690599]
[1616801139.844551, 1616801142.5939713]
[1616801140.0423796, 1616801142.7596061]
[1616801140.2021003, 1616801142.9211917]
[1616801140.1290684, 1616801142.7962873]
[1616801140.2387118, 1616801142.9340425]
[1616801140.144594, 1616801142.8792753]
[1616801140.199221, 1616801142.9399478]
[1616801140.2792401, 1616801143.0083308]
[1616801140.3626785, 1616801143.0908368]
[1616801140.278218, 1616801143.0030174]
[1616801140.4125855, 1616801143.1560228]
[1616801140.4367576, 1616801143.1943712]
[1616801140.6046119, 1616801143.3184717]
[1616801140.5284073, 1616801143.2490795]
[1616801140.6648083, 1616801143.3978322]
[1616801140.7824786, 1616801143.4967053]
[1616801140.7988212, 1616801143.5827506]
[1616801140.7726042, 1616801143.5027423]
[1616801140.8023713, 1616801143.501738]
[1616801140.9617364, 1616801143.6632586]
[1616801141.0031474, 1616801143.7260885]
[1616801140.981554, 1616801143.6653926]
[1616801140.9248614, 1616801143.6442008]
[1616801141.193873, 1616801143.925622]
[1616801141.3264725, 1616801144.0697103]
[1616801141.0850027, 1616801143.8139]
[1616801141.2634456, 1616801144.0075798]
[1616801141.288068, 1616801144.052715]
[1616801141.2229598, 1616801143.9711878]
[1616801141.1665525, 1616801143.8480954]
[1616801141.2857146, 1616801144.0080166]
[1616801141.42809, 1616801144.18016]
[1616801141.3209612, 1616801144.046378]
[1616801141.5755534, 1616801144.2989697]
[1616801141.5415971, 1616801144.3108478]
[1616801141.6853194, 1616801144.4069972]
[1616801141.8291802, 1616801144.5457265]
[1616801141.7591941, 1616801144.5050766]
[1616801141.7748265, 1616801144.5409718]
[1616801141.8054922, 1616801144.4691434]
[1616801141.9600914, 1616801144.683527]
[1616801141.7645512, 1616801144.4862518]
[1616801142.117843, 1616801144.8025465]
[1616801142.0191393, 1616801144.7751381]
[1616801142.0510957, 1616801144.7927651]
[1616801142.3122096, 1616801145.022095]
[1616801142.2047946, 1616801144.9126391]
[1616801142.12945, 1616801144.7966905]
[1616801142.298094, 1616801144.9836206]
[1616801142.2687154, 1616801145.0022867]
[1616801142.4380786, 1616801145.1734712]
[1616801142.3254218, 1616801145.0593555]
[1616801142.6888072, 1616801145.382163]
[1616801142.434131, 1616801145.1247203]
[1616801142.619006, 1616801145.3605773]
[1616801142.59189, 1616801145.312849]
[1616801142.6722622, 1616801145.3889904]
[1616801142.860883, 1616801145.5814214]
[1616801142.663002, 1616801145.4239173]
[1616801142.7461069, 1616801145.4800792]
[1616801143.0584757, 1616801145.7802308]
[1616801142.928473, 1616801145.6455429]
[1616801142.955075, 1616801145.6843483]
[1616801142.9769251, 1616801145.720107]
[1616801143.0272133, 1616801145.7600167]
[1616801142.97187, 1616801145.64606]
[1616801142.8566177, 1616801145.5573397]
[1616801143.192913, 1616801145.9088578]
[1616801143.0867643, 1616801145.7965655]
[1616801143.271074, 1616801145.979276]
[1616801143.1212947, 1616801145.828562]
[1616801143.375768, 1616801146.0887237]
[1616801143.1518648, 1616801145.856586]
[1616801143.1667223, 1616801145.8949602]
[1616801143.2357152, 1616801145.971071]
[1616801143.5253618, 1616801146.270438]
[1616801143.4395802, 1616801146.166357]
[1616801143.722337, 1616801146.4557118]
[1616801143.5870955, 1616801146.2892268]
[1616801143.7550936, 1616801146.4832716]
[1616801143.8151164, 1616801146.5611293]
[1616801143.8803692, 1616801146.5783033]
[1616801143.7020562, 1616801146.3892813]
[1616801143.768796, 1616801146.4968727]
[1616801143.9321272, 1616801146.6861823]
[1616801143.891156, 1616801146.6268296]
[1616801144.1596446, 1616801146.8765228]
[1616801144.0524662, 1616801146.9230313]
[1616801144.1080618, 1616801146.8785458]
[1616801144.2451446, 1616801147.0201044]
[1616801144.1886559, 1616801146.9424589]
[1616801144.0794883, 1616801146.8077726]
[1616801144.1425753, 1616801146.8745937]
[1616801144.3801126, 1616801147.1163046]
[1616801144.398172, 1616801147.1034236]
[1616801144.323533, 1616801147.0924227]
[1616801144.6789982, 1616801147.4118018]
[1616801144.6427808, 1616801147.3850877]
[1616801144.4723456, 1616801147.1899202]
[1616801144.5305629, 1616801147.269312]
[1616801144.7308166, 1616801147.4188719]
[1616801144.722903, 1616801147.4486282]
[1616801144.612566, 1616801147.3285482]
[1616801144.7854738, 1616801147.52477]
[1616801144.8826435, 1616801147.592403]
[1616801144.9939342, 1616801147.6900952]
[1616801145.0023892, 1616801147.7377632]
[1616801144.9701514, 1616801147.6964073]
[1616801145.0274394, 1616801147.7399144]
[1616801145.0300076, 1616801147.7529492]
[1616801145.222274, 1616801147.969278]
[1616801145.3441763, 1616801148.059669]
[1616801145.2556329, 1616801148.005726]
[1616801145.1887212, 1616801147.9119177]
[1616801145.2190151, 1616801148.0044]
[1616801145.233861, 1616801147.9386435]
[1616801145.512728, 1616801148.2028081]
[1616801145.4505372, 1616801148.22707]
[1616801145.3768253, 1616801148.133924]
[1616801144.9859252, 1616801147.6651294]
[1616801145.407654, 1616801148.1426203]
[1616801145.8828504, 1616801148.5689847]
[1616801145.5087216, 1616801148.2748175]
[1616801145.5971947, 1616801148.315519]
[1616801145.757297, 1616801148.4875934]
[1616801145.7077534, 1616801148.4320505]
[1616801146.0166874, 1616801148.7419486]
[1616801146.039876, 1616801148.7614472]
[1616801146.0554113, 1616801148.7572112]
[1616801145.9884176, 1616801148.7108047]
[1616801146.0073974, 1616801148.7434263]
[1616801146.029663, 1616801148.768475]
[1616801146.2622132, 1616801149.0152009]
[1616801146.2744107, 1616801148.96328]
[1616801146.254292, 1616801148.9585073]
[1616801146.0606692, 1616801148.793418]
[1616801146.485002, 1616801149.2164748]
[1616801146.3280282, 1616801149.0201957]
[1616801146.1909635, 1616801148.9187772]
[1616801146.4730945, 1616801149.2057526]
[1616801146.4415207, 1616801149.185084]
[1616801146.4141212, 1616801149.0946412]
[1616801146.5530043, 1616801149.28416]
[1616801146.6444864, 1616801149.3568077]
[1616801146.6208518, 1616801149.327317]
[1616801146.5024962, 1616801149.2441628]
[1616801146.9247384, 1616801149.67613]
[1616801147.0804162, 1616801149.8153539]
[1616801146.8688474, 1616801149.6100404]
[1616801147.0646615, 1616801149.8285482]
[1616801146.988421, 1616801149.7382936]
[1616801146.9006674, 1616801149.6710417]
[1616801146.8218167, 1616801149.556128]
[1616801146.9021645, 1616801149.6123204]
[1616801147.114846, 1616801149.9004383]
[1616801147.109647, 1616801149.8233628]
[1616801147.1732335, 1616801149.9094682]
[1616801147.2966537, 1616801150.034915]
[1616801147.4859416, 1616801150.2039907]
[1616801147.4960563, 1616801150.250104]
[1616801147.433443, 1616801150.1084678]
[1616801147.2223995, 1616801149.9357586]
[1616801147.453823, 1616801150.2144115]
[1616801147.4403918, 1616801150.1824381]
[1616801147.5849226, 1616801150.256443]
[1616801147.6287165, 1616801150.3182085]
[1616801147.4378462, 1616801150.1800609]
[1616801147.6742208, 1616801150.3404129]
[1616801147.6848392, 1616801150.4152071]
[1616801147.6680548, 1616801150.4106967]
[1616801147.951887, 1616801150.6417885]
[1616801147.8965957, 1616801150.6173968]
[1616801148.0415428, 1616801150.7568867]
[1616801147.972649, 1616801150.685695]
[1616801147.9702046, 1616801150.7005942]
[1616801148.076498, 1616801150.806254]
[1616801148.0901234, 1616801150.7695503]
[1616801148.158917, 1616801150.8801181]
[1616801147.5461574, 1616801150.2810092]
[1616801148.4594917, 1616801151.2122316]
[1616801148.6547558, 1616801151.3526437]
[1616801148.4625182, 1616801151.2079854]
[1616801148.3719635, 1616801151.0678844]
[1616801148.6204576, 1616801151.289459]
[1616801148.4416363, 1616801151.1697905]
[1616801148.7580085, 1616801151.5138934]
[1616801148.6247802, 1616801151.3642018]
[1616801148.9013484, 1616801151.6154613]
[1616801148.8374944, 1616801151.538213]
[1616801148.893489, 1616801151.5875719]
[1616801148.8075175, 1616801151.52463]
[1616801148.7855463, 1616801151.5135698]
[1616801149.024349, 1616801151.720173]
[1616801148.9303796, 1616801151.6645336]
[1616801149.2404268, 1616801151.9563615]
[1616801148.685538, 1616801151.431472]
[1616801149.1867197, 1616801151.8878174]
[1616801148.996494, 1616801151.7156694]
[1616801149.4550233, 1616801152.1808486]
[1616801149.0292583, 1616801151.7717142]
[1616801149.3171859, 1616801152.053368]
[1616801149.2295766, 1616801151.9404118]
[1616801149.4257262, 1616801152.1439476]
[1616801149.4837475, 1616801152.2185102]
[1616801149.4301684, 1616801152.1332872]
[1616801149.5657563, 1616801152.2959578]
[1616801149.4661396, 1616801152.212547]
[1616801149.6900175, 1616801152.388446]
[1616801149.681305, 1616801152.4302173]
[1616801149.530967, 1616801152.2606044]
[1616801149.7824087, 1616801152.53673]
[1616801149.8202815, 1616801152.5567768]
[1616801149.9562054, 1616801152.6751065]
[1616801149.725471, 1616801152.4906318]
[1616801150.056914, 1616801152.815779]
[1616801149.8447025, 1616801152.6099856]
[1616801149.9648962, 1616801152.688065]
[1616801150.0257719, 1616801152.7899628]
[1616801150.236952, 1616801152.9470665]
[1616801150.2670605, 1616801152.9282174]
[1616801150.4843478, 1616801153.218207]
[1616801150.2342257, 1616801152.967388]
[1616801150.3951612, 1616801153.0911872]
[1616801150.4140036, 1616801153.1071265]
[1616801150.4229057, 1616801153.140709]
[1616801150.4964528, 1616801153.2551847]
[1616801150.4493968, 1616801153.19507]
[1616801150.5497184, 1616801153.2870057]
[1616801150.686941, 1616801153.383317]
[1616801150.7457395, 1616801153.462577]
[1616801150.768192, 1616801153.4983635]
[1616801150.7566972, 1616801153.4682112]
[1616801150.828048, 1616801153.5564554]
[1616801150.899894, 1616801153.6749127]
[1616801151.0017443, 1616801153.7262282]
[1616801150.9675248, 1616801153.6606855]
[1616801151.032463, 1616801153.7506626]
[1616801151.1578832, 1616801153.852296]
[1616801151.1419203, 1616801153.8497376]
[1616801151.1644616, 1616801153.8699698]
[1616801151.2036994, 1616801153.945015]
[1616801151.2729588, 1616801154.0199196]
[1616801151.3425188, 1616801154.0324476]
[1616801151.2763314, 1616801154.002026]
[1616801151.275522, 1616801154.0575886]
[1616801151.3486907, 1616801154.1014123]
[1616801151.5379438, 1616801154.2596931]
[1616801151.3939548, 1616801154.120304]
[1616801151.6296916, 1616801154.3425267]
[1616801151.9121175, 1616801154.6064186]
[1616801151.892889, 1616801154.577072]
[1616801151.6936831, 1616801154.3998199]
[1616801151.6844974, 1616801154.405711]
[1616801151.985489, 1616801154.7073224]
[1616801151.94618, 1616801154.6573532]
[1616801151.821685, 1616801154.5496252]
[1616801151.9237506, 1616801154.6160119]
[1616801152.0924351, 1616801154.803915]
[1616801152.2689967, 1616801155.0096798]
[1616801152.0990417, 1616801154.7965019]
[1616801152.277023, 1616801154.9871886]
[1616801152.3275354, 1616801155.0787215]
[1616801152.4360368, 1616801155.1414137]
[1616801152.3134613, 1616801155.0402799]
[1616801152.4779818, 1616801155.219515]
[1616801152.4360027, 1616801155.1715443]
[1616801152.4849236, 1616801155.2085195]
[1616801152.532457, 1616801155.2899077]
[1616801152.5858436, 1616801155.3207536]
[1616801152.6723447, 1616801155.4478889]
[1616801152.5510232, 1616801155.309567]
[1616801152.5601249, 1616801155.2500331]
[1616801152.84921, 1616801155.5639265]
[1616801152.8477776, 1616801155.5884035]
[1616801152.9069555, 1616801155.659125]
[1616801152.9005866, 1616801155.6148565]
[1616801153.0046074, 1616801155.7173302]
[1616801153.0396202, 1616801155.7490184]
[1616801152.8004851, 1616801155.5709693]
[1616801153.1320884, 1616801155.796102]
[1616801153.3239229, 1616801156.0780375]
[1616801153.2315063, 1616801155.9841368]
[1616801153.3435402, 1616801156.059825]
[1616801153.2139251, 1616801155.9869463]
[1616801153.568604, 1616801156.3002305]
[1616801153.5962033, 1616801156.3019235]
[1616801153.322109, 1616801156.0587711]
[1616801153.6638277, 1616801156.328599]
[1616801153.4219186, 1616801156.115023]
[1616801153.5363965, 1616801156.2848725]
[1616801153.6512764, 1616801156.311363]
[1616801153.645745, 1616801156.3690846]
[1616801153.6659784, 1616801156.3627903]
[1616801153.8944736, 1616801156.593945]
[1616801153.853107, 1616801156.5608335]
[1616801154.0937095, 1616801156.8595786]
[1616801153.727339, 1616801156.4731305]
[1616801153.8532455, 1616801156.5761018]
[1616801154.0483549, 1616801156.7338798]
[1616801154.0037, 1616801156.731412]
[1616801154.1408637, 1616801156.884087]
[1616801154.143093, 1616801156.8880153]
[1616801154.3407826, 1616801157.0109944]
[1616801154.21192, 1616801156.9680283]
[1616801154.3817618, 1616801157.1030238]
[1616801154.2703376, 1616801156.9703953]
[1616801154.4691668, 1616801157.1993852]
[1616801154.572319, 1616801157.3281233]
[1616801154.6298187, 1616801157.3100195]
[1616801154.3312223, 1616801157.114923]
[1616801154.534924, 1616801157.2229707]
[1616801154.5935209, 1616801157.2519062]
[1616801154.7889514, 1616801157.5269737]
[1616801154.7113924, 1616801157.4076695]
[1616801154.744668, 1616801157.4529111]
[1616801154.6976147, 1616801157.4354136]
[1616801154.9001029, 1616801157.5851595]
[1616801154.7479193, 1616801157.4713364]
[1616801154.8389344, 1616801157.5449202]
[1616801154.9568396, 1616801157.699055]
[1616801154.988606, 1616801157.6891632]
[1616801155.1768832, 1616801157.9214022]
[1616801155.095075, 1616801157.8448474]
[1616801155.2753556, 1616801157.9541523]
[1616801155.341145, 1616801158.077407]
[1616801155.4204278, 1616801158.140868]
[1616801155.473472, 1616801158.2384477]
[1616801155.418119, 1616801158.1767209]
[1616801155.583233, 1616801158.3664238]
[1616801155.4009013, 1616801158.1481583]
[1616801155.6123805, 1616801158.3307118]
[1616801155.7527294, 1616801158.4738681]
[1616801155.5889773, 1616801158.3176944]
[1616801155.6038146, 1616801158.3415158]
[1616801155.6608267, 1616801158.3881881]
[1616801155.670975, 1616801158.4218943]
[1616801155.8184423, 1616801158.4715223]
[1616801155.897204, 1616801158.6376302]
[1616801156.095137, 1616801158.8588183]
[1616801156.0863771, 1616801158.8362255]
[1616801155.8398767, 1616801158.5540411]
[1616801156.1074786, 1616801158.8416104]
[1616801156.2341774, 1616801158.9596925]
[1616801156.0874705, 1616801158.802939]
[1616801156.1480258, 1616801158.836291]
[1616801156.2970579, 1616801159.016847]
[1616801156.0417747, 1616801158.7865472]
[1616801156.2120678, 1616801158.9342933]
[1616801156.1830595, 1616801158.9069507]
[1616801156.343616, 1616801159.0295365]
[1616801156.5113983, 1616801159.2600005]
[1616801156.5599635, 1616801159.2464843]
[1616801156.6689005, 1616801159.386694]
[1616801156.5404325, 1616801159.244627]
[1616801156.7215583, 1616801159.4384997]
[1616801156.528266, 1616801159.2608404]
[1616801156.823453, 1616801159.5148425]
[1616801156.9259756, 1616801159.67755]
[1616801156.624658, 1616801159.3276289]
[1616801156.82873, 1616801159.5471878]
[1616801156.8769193, 1616801159.6278949]
[1616801156.99494, 1616801159.7067077]
[1616801157.0057416, 1616801159.7361212]
[1616801157.0169275, 1616801159.7090588]
[1616801157.0748122, 1616801159.8157952]
[1616801157.124922, 1616801159.9095862]
[1616801157.152622, 1616801159.8725193]
[1616801157.2945685, 1616801159.958818]
[1616801157.3089168, 1616801159.9978948]
[1616801157.315464, 1616801160.0537276]
[1616801157.3413303, 1616801160.0882826]
[1616801157.460945, 1616801160.1670058]
[1616801157.3960705, 1616801160.0739498]
[1616801157.484894, 1616801160.1906025]
[1616801157.5902588, 1616801160.3051407]
[1616801157.648409, 1616801160.3604267]
[1616801157.663157, 1616801160.367266]
[1616801157.7639208, 1616801160.4623513]
[1616801157.7193413, 1616801160.538688]
[1616801157.8632753, 1616801160.6078615]
[1616801157.9877615, 1616801160.6636877]
[1616801158.0309293, 1616801160.7432683]
[1616801157.955282, 1616801160.6926363]
[1616801157.8712008, 1616801160.6230543]
[1616801157.9362214, 1616801160.6397848]
[1616801158.0595453, 1616801160.7902422]
[1616801158.3305779, 1616801161.0590646]
[1616801158.1402152, 1616801160.9288151]
[1616801158.3062413, 1616801161.0830884]
[1616801158.4707358, 1616801161.2245207]
[1616801158.3799918, 1616801161.1681328]
[1616801158.4551895, 1616801161.228005]
[1616801158.5005019, 1616801161.178475]
[1616801158.4538946, 1616801161.1775906]
[1616801158.5930681, 1616801161.288692]
[1616801158.535154, 1616801161.2504144]
[1616801158.489539, 1616801161.2315316]
[1616801158.7220154, 1616801161.4565678]
[1616801158.9517393, 1616801161.7019036]
[1616801158.8710759, 1616801161.6057127]
[1616801158.862378, 1616801161.626829]
[1616801159.0545495, 1616801161.7323027]
[1616801158.903226, 1616801161.644317]
[1616801158.776705, 1616801161.5411994]
[1616801158.9791155, 1616801161.7100103]
[1616801158.9680755, 1616801161.673382]
[1616801159.1643648, 1616801161.855605]
[1616801159.124821, 1616801161.8692195]
[1616801159.2298796, 1616801161.9483612]
[1616801159.3297353, 1616801162.049585]
[1616801159.3541965, 1616801162.0573094]
[1616801159.4553347, 1616801162.1707463]
[1616801159.4050648, 1616801162.1272187]
[1616801159.4787636, 1616801162.1672425]
[1616801159.4348693, 1616801162.0805705]
[1616801159.4198825, 1616801162.1469438]
[1616801159.6445959, 1616801162.41708]
[1616801159.5547848, 1616801162.2805834]
[1616801159.5800695, 1616801162.2653692]
[1616801159.7137647, 1616801162.3828642]
[1616801159.9170775, 1616801162.726441]
[1616801159.9377701, 1616801162.6656048]
[1616801160.014317, 1616801162.6980205]
[1616801160.108562, 1616801162.866128]
[1616801160.180517, 1616801162.9151745]
[1616801160.0710394, 1616801162.7960973]
[1616801160.0229568, 1616801162.710448]
[1616801160.198282, 1616801162.9311285]
[1616801160.225264, 1616801162.9650571]
[1616801160.1986878, 1616801162.8764918]
[1616801160.300809, 1616801163.0056822]
[1616801160.4428606, 1616801163.146084]
[1616801160.3583224, 1616801163.067826]
[1616801160.521565, 1616801163.211022]
[1616801160.6073518, 1616801163.3532107]
[1616801160.2769783, 1616801163.0039153]
[1616801160.595871, 1616801163.3331633]
[1616801160.6028047, 1616801163.2933352]
[1616801160.6469345, 1616801163.3808563]
[1616801160.7179859, 1616801163.4028642]
[1616801160.7967355, 1616801163.510261]
[1616801160.7070124, 1616801163.417176]
[1616801160.7309494, 1616801163.4641173]
[1616801160.65547, 1616801163.368934]
[1616801160.858535, 1616801163.609497]
[1616801160.9699306, 1616801163.708747]
[1616801160.8804302, 1616801163.6298168]
[1616801161.1686678, 1616801163.910019]
[1616801161.1444685, 1616801163.8959677]
[1616801161.0862164, 1616801163.8150518]
[1616801161.0908203, 1616801163.856634]
[1616801161.3285844, 1616801164.0972068]
[1616801161.186447, 1616801163.8926754]
[1616801161.298525, 1616801164.00353]
[1616801161.3157425, 1616801164.0416152]
[1616801161.3306367, 1616801164.0566237]
[1616801161.4065928, 1616801164.1444333]
[1616801161.422784, 1616801164.1530588]
[1616801161.5788567, 1616801164.310016]
[1616801161.546247, 1616801164.3071542]
[1616801161.6503232, 1616801164.405419]
[1616801161.8107438, 1616801164.5413659]
[1616801161.7064981, 1616801164.4036767]
[1616801161.8508878, 1616801164.656136]
[1616801161.899062, 1616801164.616976]
[1616801161.7839925, 1616801164.478431]
[1616801161.8149385, 1616801164.5362656]
[1616801162.0280974, 1616801164.716552]
[1616801161.825131, 1616801164.593362]
[1616801162.069666, 1616801164.788673]
[1616801161.9695354, 1616801164.686076]
[1616801162.1821144, 1616801164.9114842]
[1616801162.299744, 1616801165.0215611]
[1616801162.2661433, 1616801165.0122583]
[1616801162.3703988, 1616801165.0274234]
[1616801162.3703725, 1616801165.093242]
[1616801162.3508458, 1616801165.0560029]
[1616801162.4143264, 1616801165.1446998]
[1616801162.3646371, 1616801165.1098585]
[1616801162.4834726, 1616801165.2187898]
[1616801162.3763845, 1616801165.0991166]
[1616801162.6289837, 1616801165.364142]
[1616801162.7582195, 1616801165.5038986]
[1616801162.588183, 1616801165.3610632]
[1616801162.8207126, 1616801165.554758]
[1616801162.828854, 1616801165.5207083]
[1616801162.856588, 1616801165.5706513]
[1616801162.940022, 1616801165.6549618]
[1616801162.854886, 1616801165.5512524]
[1616801162.8636944, 1616801165.5790904]
[1616801162.927758, 1616801165.6498682]
[1616801163.1967921, 1616801165.9282193]
[1616801163.0169036, 1616801165.7384756]
[1616801162.9732037, 1616801165.7139008]
[1616801163.167473, 1616801165.8904]
[1616801163.1104908, 1616801165.8324356]
[1616801163.2518601, 1616801165.9503086]
[1616801163.3400874, 1616801166.0782351]
[1616801163.47984, 1616801166.249731]
[1616801163.4342277, 1616801166.151119]
[1616801163.5842369, 1616801166.2921758]
[1616801163.635306, 1616801166.3516839]
[1616801163.512109, 1616801166.1927624]
[1616801163.6248655, 1616801166.3824368]
[1616801163.6293883, 1616801166.329178]
[1616801163.7593737, 1616801166.5103445]
[1616801163.7418885, 1616801166.483304]
[1616801164.0550294, 1616801166.7772586]
[1616801164.0643218, 1616801166.8016324]
[1616801164.1236248, 1616801166.8618503]
[1616801164.2974923, 1616801167.0721612]
[1616801164.1904466, 1616801166.9278598]
[1616801164.2484438, 1616801166.977545]
[1616801164.2695591, 1616801166.9818232]
[1616801164.1918702, 1616801166.9204838]
[1616801164.489191, 1616801167.1917338]
[1616801164.4041789, 1616801167.1430614]
[1616801164.4139974, 1616801167.1702237]
[1616801164.4144423, 1616801167.133951]
[1616801164.4323351, 1616801167.1997333]
[1616801164.7169735, 1616801167.42658]
[1616801164.457385, 1616801167.1662319]
[1616801164.7221375, 1616801167.5419776]
[1616801164.7707562, 1616801167.4359474]
[1616801164.8332682, 1616801167.5357437]
[1616801164.8983781, 1616801167.6249137]
[1616801164.656376, 1616801167.390756]
[1616801164.9152508, 1616801167.676457]
[1616801164.6578434, 1616801167.4339345]
[1616801165.0187807, 1616801167.7463057]
[1616801164.9749446, 1616801167.698696]
[1616801164.9270842, 1616801167.6262858]
[1616801164.8847136, 1616801167.618865]
[1616801165.1562583, 1616801167.8393416]
[1616801165.0332367, 1616801167.6835928]
[1616801165.3898153, 1616801168.1230714]
[1616801165.2209435, 1616801167.9471843]
[1616801165.1701322, 1616801167.895314]
[1616801165.2839773, 1616801168.023177]
[1616801165.3592346, 1616801168.0711663]
[1616801165.3531332, 1616801168.070334]
[1616801165.48101, 1616801168.2397113]
[1616801165.4060245, 1616801168.2188976]
[1616801165.457826, 1616801168.1864204]
[1616801165.5344305, 1616801168.2268996]
[1616801165.6764762, 1616801168.4061215]
[1616801165.6414256, 1616801168.3579676]
[1616801165.678792, 1616801168.4163442]
[1616801165.744757, 1616801168.50631]
[1616801165.9462464, 1616801168.698502]
[1616801166.1267061, 1616801168.8332336]
[1616801166.0237405, 1616801168.722]
[1616801165.899222, 1616801168.5992668]
[1616801165.908849, 1616801168.628017]
[1616801166.3685267, 1616801169.10502]
[1616801166.1238306, 1616801168.8692265]
[1616801166.2573943, 1616801169.0481062]
[1616801166.380612, 1616801169.094228]
[1616801166.2384412, 1616801168.9262128]
[1616801166.3999257, 1616801169.1353195]
[1616801166.5584054, 1616801169.3112206]
[1616801166.533378, 1616801169.2800248]
[1616801166.3452473, 1616801169.0648382]
[1616801166.4709098, 1616801169.1986916]
[1616801166.6551852, 1616801169.3805425]
[1616801166.8407674, 1616801169.545165]
[1616801166.6456778, 1616801169.3665667]
[1616801166.746258, 1616801169.4211664]
[1616801166.7404869, 1616801169.483979]
[1616801166.705311, 1616801169.396708]
[1616801166.8886173, 1616801169.627566]
[1616801166.8266304, 1616801169.5477457]
[1616801166.846747, 1616801169.5810106]
[1616801166.8908813, 1616801169.6631944]
[1616801166.8520021, 1616801169.556702]
[1616801166.8198617, 1616801169.5419104]
[1616801167.2528458, 1616801169.9505827]
[1616801166.9386978, 1616801169.6636248]
[1616801166.9859016, 1616801169.7095985]
[1616801167.1082718, 1616801169.8730912]
[1616801167.1597993, 1616801169.9113908]
[1616801167.265166, 1616801170.0217083]
[1616801167.3938751, 1616801170.1200392]
[1616801167.3233342, 1616801170.0317118]
[1616801167.5015173, 1616801170.2222297]
[1616801167.2452228, 1616801170.0191054]
[1616801167.4895887, 1616801170.3278897]
[1616801167.3747482, 1616801170.0801826]
[1616801167.5833023, 1616801170.323506]
[1616801167.4648983, 1616801170.1549492]
[1616801167.693073, 1616801170.3625138]
[1616801167.6569905, 1616801170.369286]
[1616801167.8547626, 1616801170.53201]
[1616801167.7547717, 1616801170.4703472]
[1616801167.6586607, 1616801170.3735824]
[1616801167.766837, 1616801170.4849672]
[1616801167.7755346, 1616801170.5398097]
[1616801167.856983, 1616801170.5823667]
[1616801167.9548688, 1616801170.7125187]
[1616801168.2894104, 1616801171.0403554]
[1616801168.029855, 1616801170.7693133]
[1616801168.2301545, 1616801170.922958]
[1616801168.3014224, 1616801171.0398147]
[1616801168.3012166, 1616801171.0273752]
[1616801168.2805433, 1616801170.9989438]
[1616801168.2373505, 1616801171.2932992]
[1616801168.0959373, 1616801170.8052855]
[1616801168.404095, 1616801171.1524658]
[1616801168.4862165, 1616801171.2067683]
[1616801168.474347, 1616801171.200442]
[1616801168.6690586, 1616801171.379725]
[1616801168.6197684, 1616801171.315767]
[1616801168.590079, 1616801171.3345017]
[1616801168.7605417, 1616801171.4630601]
[1616801168.3990383, 1616801171.1171424]
[1616801168.9446106, 1616801171.6325264]
[1616801168.9632046, 1616801171.6906424]
[1616801168.8928072, 1616801171.626952]
[1616801168.9028442, 1616801171.6407685]
[1616801168.980426, 1616801171.7316186]
[1616801169.030247, 1616801171.7677395]
[1616801169.1722798, 1616801171.8896704]
[1616801169.1940398, 1616801171.9100168]
[1616801169.1700888, 1616801171.9034324]
[1616801169.3060062, 1616801172.0173173]
[1616801169.4026954, 1616801172.1154811]
[1616801169.3407962, 1616801172.0884447]
[1616801169.2916753, 1616801172.0543401]
[1616801169.2262132, 1616801171.9438477]
[1616801169.396814, 1616801172.1199648]
[1616801169.5400422, 1616801172.2944262]
[1616801169.6746826, 1616801172.4038007]
[1616801169.4880323, 1616801172.1430876]
[1616801169.7878003, 1616801172.5416381]
[1616801169.881169, 1616801172.650829]
[1616801169.7442257, 1616801172.4737487]
[1616801169.9640396, 1616801172.6474597]
[1616801170.071834, 1616801172.7628186]
[1616801169.7866054, 1616801172.5085282]
[1616801169.9452398, 1616801172.647987]
[1616801169.935914, 1616801172.6849701]
[1616801169.9498138, 1616801172.6805878]
[1616801170.1071954, 1616801172.830104]
[1616801169.920511, 1616801172.6558142]
[1616801170.1854618, 1616801172.9002714]
[1616801170.0730612, 1616801172.8130977]
[1616801170.1363232, 1616801172.8528748]
[1616801170.336028, 1616801173.1256943]
[1616801170.4011471, 1616801173.1160278]
[1616801170.4655287, 1616801173.1307054]
[1616801170.4800196, 1616801173.2052805]
[1616801170.4448364, 1616801173.155249]
[1616801170.66386, 1616801173.4223936]
[1616801170.4933097, 1616801173.219068]
[1616801170.683009, 1616801173.3444593]
[1616801170.8035355, 1616801173.5188324]
[1616801170.7992764, 1616801173.5332341]
[1616801170.8593504, 1616801173.6090388]
[1616801170.6244907, 1616801173.3398168]
[1616801171.0781674, 1616801173.8074439]
[1616801170.852613, 1616801173.5569282]
[1616801171.1550813, 1616801173.8685846]
[1616801171.221538, 1616801173.9517953]
[1616801171.0428782, 1616801173.7622588]
[1616801171.0732663, 1616801173.8074324]
[1616801171.2230904, 1616801173.9136808]
[1616801171.0646136, 1616801173.8112257]
[1616801171.1968696, 1616801173.922701]
[1616801171.2137275, 1616801173.9464893]
[1616801171.4574428, 1616801174.157226]
[1616801171.4421742, 1616801174.1858985]
[1616801171.6544476, 1616801174.353776]
[1616801171.4235864, 1616801174.1422234]
[1616801171.4646518, 1616801174.458121]
[1616801171.5942883, 1616801174.2942147]
[1616801171.6756241, 1616801174.4234886]
[1616801171.6184876, 1616801174.3324623]
[1616801171.6648602, 1616801174.3429124]
[1616801171.878277, 1616801174.6175013]
[1616801171.8678975, 1616801174.5813143]
[1616801172.2254708, 1616801174.9564583]
[1616801171.9618096, 1616801174.6708221]
[1616801172.0312462, 1616801174.7802012]
[1616801172.1917474, 1616801174.9372325]
[1616801172.1409602, 1616801174.8608203]
[1616801171.7720525, 1616801174.483183]
[1616801172.0948114, 1616801174.8295877]
[1616801172.1687534, 1616801174.8895252]
[1616801172.1536353, 1616801174.8520663]
[1616801172.4031498, 1616801175.141285]
[1616801172.2125113, 1616801174.9267304]
[1616801172.329737, 1616801175.1409612]
[1616801172.4148555, 1616801175.152441]
[1616801172.4824483, 1616801175.203861]
[1616801172.609776, 1616801175.3258755]
[1616801172.5655243, 1616801175.2527225]
[1616801172.5259929, 1616801175.2626653]
[1616801172.4649503, 1616801175.2188478]
[1616801172.9230227, 1616801175.6166334]
[1616801172.5565994, 1616801175.302601]
[1616801173.020782, 1616801175.771945]
[1616801173.0517507, 1616801175.7383442]
[1616801172.7556548, 1616801175.4966385]
[1616801173.0001388, 1616801175.705723]
[1616801172.981948, 1616801175.6881623]
[1616801173.3806477, 1616801176.1059315]
[1616801173.2398102, 1616801175.9825768]
[1616801173.1739044, 1616801175.8929005]
[1616801173.2421348, 1616801175.978758]
[1616801173.259866, 1616801175.9909763]
[1616801173.2597668, 1616801176.0071812]
[1616801173.2090917, 1616801175.8972514]
[1616801173.3778176, 1616801176.0883715]
[1616801173.3650672, 1616801176.0443385]
[1616801173.6781044, 1616801176.423581]
[1616801173.6250532, 1616801176.3620892]
[1616801173.4167018, 1616801176.1521356]
[1616801173.487076, 1616801176.260843]
[1616801173.7137425, 1616801176.445411]
[1616801173.962957, 1616801176.6862676]
[1616801174.02472, 1616801176.742614]
[1616801173.8392956, 1616801176.5912454]
[1616801173.9314854, 1616801176.6776986]
[1616801173.8687406, 1616801176.5898497]
[1616801173.9541528, 1616801176.6624808]
[1616801174.0234873, 1616801176.6896436]
[1616801173.6668556, 1616801176.3553798]
[1616801174.2489436, 1616801176.969455]
[1616801174.2015882, 1616801176.9328265]
[1616801174.1699796, 1616801176.8725736]
[1616801174.1595106, 1616801176.8722668]
[1616801174.3574817, 1616801177.0354]
[1616801174.5563822, 1616801177.2818983]
[1616801174.2774827, 1616801176.9818513]
[1616801174.408172, 1616801177.1274183]
[1616801174.3212447, 1616801177.026452]
[1616801174.7639954, 1616801177.5230153]
[1616801174.7438526, 1616801177.4572415]
[1616801174.6302695, 1616801177.3812675]
[1616801174.7446249, 1616801177.5168931]
[1616801174.6698513, 1616801177.3835113]
[1616801174.9939082, 1616801177.7036972]
[1616801174.832294, 1616801177.5439055]
[1616801174.9906137, 1616801177.6941402]
[1616801175.0019665, 1616801177.7390711]
[1616801175.0373323, 1616801177.718775]
[1616801175.0060055, 1616801177.7373204]
[1616801174.9731348, 1616801177.6967266]
[1616801175.0521977, 1616801177.8122673]
[1616801175.0904214, 1616801177.7922304]
[1616801175.2961712, 1616801177.9706907]
[1616801175.2556953, 1616801178.0022252]
[1616801175.3835654, 1616801178.105194]
[1616801175.2919598, 1616801178.0459366]
[1616801175.1834767, 1616801177.9117835]
[1616801175.5305078, 1616801178.2725875]
[1616801175.5377557, 1616801178.2943249]
[1616801175.5767844, 1616801178.2473006]
[1616801175.444208, 1616801178.1804328]
[1616801175.4838197, 1616801178.1895185]
[1616801175.501095, 1616801178.24444]
[1616801175.7179902, 1616801178.4191358]
[1616801175.4505444, 1616801178.1664758]
[1616801175.717235, 1616801178.4162645]
[1616801175.7001283, 1616801178.4094744]
[1616801175.7894573, 1616801178.535819]
[1616801175.8120542, 1616801178.504216]
[1616801175.9075963, 1616801178.5701816]
[1616801176.0038295, 1616801178.71051]
[1616801176.095182, 1616801178.8070846]
[1616801176.0041065, 1616801178.7561107]
[1616801176.097191, 1616801178.7706451]
[1616801176.1952019, 1616801178.9320593]
[1616801176.1308877, 1616801178.8756242]
[1616801176.345717, 1616801179.071711]
[1616801176.1710718, 1616801178.9179237]
[1616801176.375508, 1616801179.1275537]
[1616801176.397681, 1616801179.0774446]
[1616801176.647074, 1616801179.4046245]
[1616801176.306741, 1616801179.068869]
[1616801176.5117788, 1616801179.2358434]
[1616801176.6579754, 1616801179.3778994]
[1616801176.7486308, 1616801179.4637306]
[1616801176.6959724, 1616801179.3858666]
[1616801176.6755052, 1616801179.4087362]
[1616801176.8343148, 1616801179.5652947]
[1616801176.6920638, 1616801179.388323]
[1616801176.9309003, 1616801179.6392024]
[1616801176.9104862, 1616801179.6565795]
[1616801177.0696266, 1616801179.7630074]
[1616801177.0392766, 1616801179.7624378]
[1616801176.9076061, 1616801179.6164718]
[1616801176.8834062, 1616801179.5938046]
[1616801177.1676812, 1616801179.8641634]
[1616801177.2663653, 1616801179.922972]
[1616801177.0879135, 1616801179.8222108]
[1616801176.9946048, 1616801179.702592]
[1616801177.1973789, 1616801179.8674757]
[1616801177.185458, 1616801179.9608314]
[1616801177.4139836, 1616801180.1415107]
[1616801177.4050643, 1616801180.1477175]
[1616801177.5366905, 1616801180.2738905]
[1616801177.3539486, 1616801180.069877]
[1616801177.523512, 1616801180.2979195]
[1616801177.4506545, 1616801180.2109976]
[1616801177.4786465, 1616801180.189471]
[1616801177.4336438, 1616801180.197623]
[1616801177.4590588, 1616801180.1538682]
[1616801177.548143, 1616801180.3464034]
[1616801177.6393206, 1616801180.3317752]
[1616801177.6444013, 1616801180.3382235]
[1616801177.869236, 1616801180.5868204]
[1616801177.811484, 1616801180.5089946]
[1616801177.786022, 1616801180.5836184]
[1616801177.834684, 1616801180.6108778]
[1616801177.9952543, 1616801180.6901107]
[1616801177.9977713, 1616801180.7014842]
[1616801178.0865982, 1616801180.8194158]
[1616801177.955539, 1616801180.6775842]
[1616801178.0060706, 1616801180.7289457]
[1616801178.0468998, 1616801180.7810576]
[1616801178.0392208, 1616801180.793029]
[1616801178.3860412, 1616801181.1533296]
[1616801178.1795268, 1616801180.8781104]
[1616801178.2047915, 1616801180.9064267]
[1616801178.225943, 1616801180.9843764]
[1616801178.1651342, 1616801180.891861]
[1616801178.2559054, 1616801180.9289846]
[1616801178.3208642, 1616801181.0750577]
[1616801178.1723454, 1616801180.8898304]
[1616801178.4116685, 1616801181.139767]
[1616801178.2969894, 1616801181.0280185]
[1616801178.3747268, 1616801181.1678326]
[1616801178.5273728, 1616801181.2558968]
[1616801178.5373032, 1616801181.2278328]
[1616801178.5792143, 1616801181.2428164]
[1616801178.5895762, 1616801181.2990017]
[1616801178.6579804, 1616801181.317312]
[1616801178.6503413, 1616801181.3675327]
[1616801178.5806956, 1616801181.3240733]
[1616801178.7094042, 1616801181.3587592]
[1616801178.7892816, 1616801181.4937625]
[1616801178.6976671, 1616801181.4154165]
[1616801178.6536212, 1616801181.3626516]
[1616801178.8075256, 1616801181.5507731]
[1616801178.7596018, 1616801181.4781578]
[1616801178.8472228, 1616801181.5613506]
[1616801178.7871318, 1616801181.4705238]
[1616801178.8810546, 1616801181.6314888]
[1616801178.9964309, 1616801181.6972907]
[1616801178.8870242, 1616801181.6181214]
[1616801179.022366, 1616801181.787557]
[1616801178.937459, 1616801181.6774204]
[1616801178.9805942, 1616801181.72525]
[1616801179.0722942, 1616801181.7989945]
[1616801179.1380782, 1616801181.8550053]
[1616801179.1426654, 1616801181.900089]
[1616801179.1495345, 1616801181.902476]
[1616801179.037798, 1616801181.7847593]
[1616801179.0866184, 1616801181.7507293]
[1616801179.1603947, 1616801181.8845425]
[1616801179.2709563, 1616801181.9832633]
[1616801179.135135, 1616801181.871598]
[1616801179.229989, 1616801181.9587922]
[1616801179.1646204, 1616801181.872268]
[1616801179.2665298, 1616801182.0323515]
[1616801179.3074384, 1616801182.0423682]
[1616801179.3337147, 1616801182.0587611]
[1616801179.226832, 1616801181.9462297]
[1616801179.4534278, 1616801182.1711383]
[1616801179.2929296, 1616801182.0270982]
[1616801179.4405558, 1616801182.1864274]
[1616801179.393659, 1616801182.106635]
[1616801179.39921, 1616801182.0749302]
[1616801179.4973087, 1616801182.244621]
[1616801179.5588226, 1616801182.2656443]
[1616801179.4293046, 1616801182.1461635]
[1616801179.51277, 1616801182.2282703]
[1616801179.5330064, 1616801182.2404912]
[1616801179.5151672, 1616801182.242728]
[1616801179.6834538, 1616801182.442198]
[1616801179.597207, 1616801182.3276176]
[1616801179.5994892, 1616801182.3084502]
[1616801179.607982, 1616801182.3629065]
[1616801179.6371872, 1616801182.3325202]
[1616801179.7996862, 1616801182.4842458]
[1616801179.7168295, 1616801182.4212425]
[1616801179.7308557, 1616801182.4669647]
[1616801179.7339404, 1616801182.4361732]
[1616801179.6907628, 1616801182.411896]
[1616801179.80187, 1616801182.5251656]
[1616801179.791484, 1616801182.4823022]
[1616801179.8173566, 1616801182.5417988]
[1616801179.8737452, 1616801182.5746927]
[1616801180.0077252, 1616801182.7261527]
[1616801179.8525343, 1616801182.5734684]
[1616801180.0776715, 1616801182.8305974]
[1616801179.9414701, 1616801182.5978649]
[1616801180.0375974, 1616801182.7245195]
[1616801180.0274217, 1616801182.7226586]
[1616801179.9193158, 1616801182.6398842]
[1616801179.9525468, 1616801182.7028844]
[1616801179.9162114, 1616801182.594465]
[1616801180.1623209, 1616801182.8546238]
[1616801179.9571373, 1616801182.6777859]
[1616801180.069879, 1616801182.8027058]
[1616801180.2107465, 1616801182.9530468]
[1616801180.1253119, 1616801182.79139]
[1616801180.0921707, 1616801182.8030694]
[1616801180.0821695, 1616801182.7757099]
[1616801180.2536473, 1616801182.9743786]
[1616801180.2570548, 1616801183.0007708]
[1616801180.2290678, 1616801182.9238431]
[1616801179.8963845, 1616801182.615372]
[1616801180.0356014, 1616801182.738517]
[1616801180.0439644, 1616801182.7596178]
[1616801180.3410122, 1616801183.0852118]
[1616801180.333549, 1616801183.0562708]
[1616801180.2218745, 1616801182.94758]
[1616801180.258332, 1616801182.9690218]
[1616801180.33034, 1616801183.0524058]
[1616801180.2868216, 1616801183.0119598]
[1616801180.303596, 1616801183.0894163]
[1616801180.4060674, 1616801183.164562]
[1616801180.3404434, 1616801183.0535176]
[1616801180.3638513, 1616801183.193414]
[1616801180.4175951, 1616801183.1316094]
[1616801180.4512155, 1616801183.193175]
[1616801180.431197, 1616801183.1748202]
[1616801180.3865952, 1616801183.1055698]
[1616801180.4779737, 1616801183.18056]
[1616801180.4302785, 1616801183.1634624]
[1616801180.1240852, 1616801182.8371804]
[1616801180.353039, 1616801183.0388758]
[1616801180.427207, 1616801183.16187]
[1616801180.421552, 1616801183.1355445]
[1616801180.447504, 1616801183.1580245]
[1616801180.54015, 1616801183.196521]
[1616801180.4398148, 1616801183.1262891]
[1616801180.4510806, 1616801183.1728106]
[1616801180.5241132, 1616801183.2663813]
[1616801180.3493016, 1616801183.070246]
[1616801180.4666255, 1616801183.17705]
[1616801180.5908155, 1616801183.297413]
[1616801180.6173458, 1616801183.3866181]
[1616801180.5393753, 1616801183.2555304]
[1616801180.5447104, 1616801183.2166514]
[1616801180.6224852, 1616801183.3460212]
[1616801180.6117973, 1616801183.3294523]
[1616801180.6083403, 1616801183.3279686]
[1616801180.546234, 1616801183.2502413]
[1616801180.5170004, 1616801183.1948044]
[1616801180.653759, 1616801183.3828747]
[1616801180.5397205, 1616801183.246026]
[1616801180.5150118, 1616801183.1866963]
[1616801180.5737028, 1616801183.3318818]
[1616801180.5429919, 1616801183.2867532]
[1616801180.375233, 1616801183.081657]
[1616801180.6019115, 1616801183.3023076]
[1616801180.6732733, 1616801183.3921716]
[1616801180.6449182, 1616801183.37678]
[1616801180.679022, 1616801183.3732235]
[1616801180.665381, 1616801183.394818]
[1616801180.6150453, 1616801183.2802298]
[1616801180.604446, 1616801183.2999647]
[1616801180.598561, 1616801183.3277328]
[1616801180.6660187, 1616801183.3697615]
[1616801180.607286, 1616801183.2694962]
[1616801180.6581109, 1616801183.3224683]
[1616801180.6562395, 1616801183.3904126]
[1616801180.6747794, 1616801183.5086474]
[1616801180.5868356, 1616801183.3437319]
[1616801180.6646833, 1616801183.387454]
[1616801180.6659188, 1616801183.3691351]
[1616801180.657707, 1616801183.423767]
[1616801180.6939697, 1616801183.4133832]
[1616801180.7019103, 1616801183.4034941]
[1616801180.512426, 1616801183.2328472]
[1616801180.6954336, 1616801183.3751807]
[1616801180.649496, 1616801183.3822792]
[1616801180.716601, 1616801183.518406]
[1616801180.7340374, 1616801183.4223642]
[1616801180.7142084, 1616801183.4000685]
