[1616809614.2312956, 1616809635.9111125]
[1616809614.1072903, 1616809626.3217578]
[1616809614.3059354, 1616809630.2741213]
[1616809614.3314853, 1616809634.9977016]
[1616809614.847266, 1616809634.544637]
[1616809614.08664, 1616809635.6458623]
[1616809614.680063, 1616809630.275635]
[1616809614.0793715, 1616809623.6507483]
[1616809614.1028473, 1616809632.4336984]
[1616809614.7069912, 1616809633.7285988]
[1616809614.691742, 1616809632.5336928]
[1616809614.677472, 1616809636.2953274]
[1616809614.37253, 1616809635.9909265]
[1616809614.3241696, 1616809635.4439077]
[1616809614.1029642, 1616809633.757364]
[1616809613.9483182, 1616809627.0760903]
[1616809614.208526, 1616809633.769071]
[1616809614.4451356, 1616809633.6037474]
[1616809614.7761073, 1616809636.038959]
[1616809614.5089567, 1616809634.3184307]
[1616809614.6039145, 1616809634.2078376]
[1616809614.9377398, 1616809634.9747028]
[1616809614.9582503, 1616809635.5892467]
[1616809614.9090304, 1616809632.9140847]
[1616809615.0456047, 1616809636.8859246]
[1616809614.8602133, 1616809633.1328702]
[1616809615.5137281, 1616809634.168008]
[1616809615.4401777, 1616809638.1012893]
[1616809615.6743078, 1616809631.6457226]
[1616809615.5454524, 1616809637.4435127]
[1616809615.6427848, 1616809630.1546578]
[1616809615.7758558, 1616809636.1914937]
[1616809615.8981276, 1616809637.4427185]
[1616809616.022706, 1616809635.912259]
[1616809615.839766, 1616809635.267133]
[1616809616.3978844, 1616809637.8468583]
[1616809616.43388, 1616809636.621201]
[1616809616.46269, 1616809635.319526]
[1616809615.9231765, 1616809636.6239638]
[1616809616.3522553, 1616809636.505262]
[1616809616.6528382, 1616809635.699015]
[1616809616.5185297, 1616809636.6261108]
[1616809616.6000044, 1616809633.892491]
[1616809616.4469464, 1616809635.2684946]
[1616809616.5951195, 1616809637.1151068]
[1616809616.9074216, 1616809630.5588915]
[1616809616.8312116, 1616809635.2165844]
[1616809617.1826472, 1616809634.9424236]
[1616809616.891759, 1616809633.2013721]
[1616809616.9763439, 1616809639.1878297]
[1616809617.167615, 1616809636.7678294]
[1616809617.3217797, 1616809637.6270502]
[1616809617.5512435, 1616809635.6574552]
[1616809617.3555102, 1616809631.3279858]
[1616809617.497008, 1616809636.606371]
[1616809617.7155704, 1616809640.198033]
[1616809617.807852, 1616809635.3969471]
[1616809617.7514384, 1616809636.5961552]
[1616809617.7906961, 1616809639.1041293]
[1616809617.7643998, 1616809637.1272213]
[1616809618.0526812, 1616809636.057597]
[1616809618.121726, 1616809639.9611468]
[1616809618.2929685, 1616809637.4589498]
[1616809618.1340547, 1616809635.9759877]
[1616809618.3181098, 1616809634.8464074]
[1616809618.529514, 1616809637.7086194]
[1616809618.4758964, 1616809640.9659975]
[1616809618.6145992, 1616809637.2479188]
[1616809618.5609653, 1616809634.9274864]
[1616809618.4035559, 1616809637.7187378]
[1616809618.6408217, 1616809641.0517294]
[1616809618.5730999, 1616809640.9457228]
[1616809618.4544632, 1616809638.916273]
[1616809618.5244706, 1616809638.6063044]
[1616809618.503285, 1616809638.712845]
[1616809618.7952058, 1616809637.3105927]
[1616809618.9672425, 1616809640.2868063]
[1616809619.057857, 1616809635.364667]
[1616809619.0122511, 1616809640.0921307]
[1616809619.2047055, 1616809639.2991555]
[1616809619.2360296, 1616809636.3445494]
[1616809619.3666184, 1616809632.1107888]
[1616809619.2739098, 1616809635.5927815]
[1616809619.400975, 1616809639.970141]
[1616809619.4523754, 1616809641.8600223]
[1616809619.4888854, 1616809639.7596443]
[1616809619.7719214, 1616809632.491269]
[1616809619.800781, 1616809638.542804]
[1616809619.9523587, 1616809634.038661]
[1616809619.881992, 1616809639.567168]
[1616809620.0187716, 1616809640.9851882]
[1616809620.05986, 1616809640.7367392]
[1616809619.9055314, 1616809640.6857948]
[1616809620.1854882, 1616809640.235205]
[1616809620.1153903, 1616809639.2310987]
[1616809619.8859901, 1616809641.192609]
[1616809620.1453416, 1616809643.1405683]
[1616809620.177946, 1616809640.185225]
[1616809620.245665, 1616809642.3223495]
[1616809620.4514997, 1616809641.8691149]
[1616809620.5720623, 1616809638.3356173]
[1616809620.3737953, 1616809642.0813015]
[1616809620.7002892, 1616809640.6358778]
[1616809620.603396, 1616809639.4874258]
[1616809620.739687, 1616809635.4884167]
[1616809620.684565, 1616809641.9046073]
[1616809620.9488862, 1616809640.7073193]
[1616809620.809753, 1616809640.7641506]
[1616809620.8823092, 1616809641.6993098]
[1616809621.1553135, 1616809643.0624974]
[1616809621.0138657, 1616809639.1546917]
[1616809620.9152534, 1616809637.744089]
[1616809621.2155502, 1616809642.6914446]
[1616809621.1756372, 1616809642.2183712]
[1616809621.0951684, 1616809644.079547]
[1616809621.1253388, 1616809637.9224699]
[1616809621.5018673, 1616809638.6115844]
[1616809621.4385257, 1616809642.092387]
[1616809621.5636046, 1616809643.1660273]
[1616809621.7509403, 1616809638.586531]
[1616809621.5312603, 1616809643.5915418]
[1616809621.64464, 1616809642.7664375]
[1616809621.6964147, 1616809643.0454402]
[1616809621.6186016, 1616809642.4728496]
[1616809621.8522983, 1616809641.3850496]
[1616809621.7350447, 1616809641.5184267]
[1616809621.862336, 1616809641.536347]
[1616809621.9659648, 1616809644.9865468]
[1616809621.854188, 1616809641.8733654]
[1616809621.8521852, 1616809643.605294]
[1616809622.1054096, 1616809641.9301744]
[1616809621.8484995, 1616809641.9347372]
[1616809622.1547055, 1616809642.660334]
[1616809622.1835759, 1616809640.0653806]
[1616809622.1126401, 1616809639.8729565]
[1616809622.0471904, 1616809641.8424256]
[1616809622.2497427, 1616809642.1139889]
[1616809622.1603484, 1616809642.915829]
[1616809622.255149, 1616809641.9046254]
[1616809622.3659623, 1616809640.2601168]
[1616809622.4480107, 1616809645.028621]
[1616809622.4597373, 1616809641.9930196]
[1616809622.6069446, 1616809640.3655503]
[1616809622.629396, 1616809642.460974]
[1616809622.6745632, 1616809643.3965538]
[1616809622.6409721, 1616809636.9338675]
[1616809622.7607522, 1616809641.787367]
[1616809622.8262196, 1616809644.4624383]
[1616809622.5980217, 1616809645.5422697]
[1616809622.8691077, 1616809641.369511]
[1616809622.8918412, 1616809645.3648129]
[1616809622.7688005, 1616809644.25625]
[1616809622.8618357, 1616809642.206244]
[1616809622.8710861, 1616809642.9348516]
[1616809622.8760645, 1616809641.0694766]
[1616809623.0551784, 1616809644.3026857]
[1616809623.1100876, 1616809643.2472456]
[1616809623.0307996, 1616809642.2751005]
[1616809622.9531376, 1616809644.3591673]
[1616809623.0402699, 1616809644.1623843]
[1616809623.1506, 1616809637.6081977]
[1616809623.1148894, 1616809644.2684755]
[1616809623.2349179, 1616809643.7595172]
[1616809623.1952257, 1616809643.0733302]
[1616809623.2288015, 1616809644.74111]
[1616809623.2339516, 1616809642.4369142]
[1616809623.447295, 1616809643.943172]
[1616809623.4465008, 1616809644.956045]
[1616809623.2599955, 1616809643.559323]
[1616809623.2325258, 1616809644.3170915]
[1616809623.2879856, 1616809643.0707207]
[1616809623.4860616, 1616809643.1590583]
[1616809623.445764, 1616809644.5244668]
[1616809623.4675572, 1616809645.7234247]
[1616809623.548532, 1616809638.20134]
[1616809623.4579196, 1616809645.2352352]
[1616809623.577373, 1616809643.700674]
[1616809623.6303115, 1616809644.9653752]
[1616809623.6560886, 1616809643.98017]
[1616809623.6955826, 1616809643.9100354]
[1616809623.6246922, 1616809645.161141]
[1616809623.6832817, 1616809642.980084]
[1616809623.6646554, 1616809644.9823465]
[1616809623.7310503, 1616809643.7523787]
[1616809623.6957815, 1616809645.2224152]
[1616809623.8094828, 1616809645.4270048]
[1616809623.7920418, 1616809642.4191513]
[1616809623.8754041, 1616809647.7087214]
[1616809623.8948863, 1616809642.3871021]
[1616809623.915757, 1616809642.3230917]
[1616809623.8508809, 1616809641.829481]
[1616809623.91698, 1616809644.3341515]
[1616809623.9371114, 1616809644.750391]
[1616809624.001141, 1616809645.0860093]
[1616809624.0416608, 1616809644.5170105]
[1616809623.932331, 1616809640.06603]
[1616809623.9588633, 1616809647.464284]
[1616809624.1374497, 1616809644.2293913]
[1616809624.1934137, 1616809642.1376698]
[1616809624.2237506, 1616809644.5979717]
[1616809624.2975938, 1616809645.286668]
[1616809624.2100782, 1616809646.5245497]
[1616809624.2159443, 1616809643.3002656]
[1616809624.1220577, 1616809642.5052066]
[1616809624.1103985, 1616809644.3830876]
[1616809624.2704315, 1616809644.8409822]
[1616809624.3014286, 1616809648.0038326]
[1616809624.3469658, 1616809643.9814446]
[1616809624.2976332, 1616809642.9346774]
[1616809624.3861208, 1616809647.70154]
[1616809624.2113485, 1616809642.5512311]
[1616809624.3960187, 1616809646.9567063]
[1616809624.3098407, 1616809643.709342]
[1616809624.2115772, 1616809640.6730156]
[1616809624.3732228, 1616809644.8211858]
[1616809624.5163395, 1616809646.6472492]
[1616809624.4622324, 1616809644.691487]
[1616809624.4360747, 1616809642.2462168]
[1616809624.568128, 1616809644.007571]
[1616809624.5421305, 1616809644.601601]
[1616809624.6005955, 1616809646.4694014]
[1616809624.487987, 1616809644.1714587]
[1616809624.5065625, 1616809643.7219152]
[1616809624.7051156, 1616809643.9384866]
[1616809624.6997387, 1616809646.5850937]
[1616809624.5407255, 1616809642.3871293]
[1616809624.6276913, 1616809644.5395656]
[1616809624.6223588, 1616809641.15333]
[1616809624.614987, 1616809645.2996943]
[1616809624.6837368, 1616809643.9392672]
[1616809624.5935214, 1616809645.7801003]
[1616809624.6891568, 1616809645.714459]
[1616809624.643091, 1616809646.5531855]
[1616809624.739536, 1616809644.593395]
[1616809624.686601, 1616809645.9816132]
[1616809624.8085456, 1616809646.309153]
[1616809624.755605, 1616809642.0203364]
[1616809624.7733138, 1616809644.5429254]
[1616809624.8110425, 1616809646.2960486]
[1616809624.6684558, 1616809646.7745876]
[1616809624.7731023, 1616809639.1979182]
[1616809624.780155, 1616809645.1838515]
[1616809624.7924595, 1616809646.7271526]
[1616809624.8263543, 1616809644.6693988]
[1616809624.8789952, 1616809645.7766254]
[1616809624.8303638, 1616809644.2445855]
[1616809624.7716923, 1616809646.1737874]
[1616809624.8797264, 1616809644.9712136]
[1616809624.8480084, 1616809638.3217413]
[1616809624.7731383, 1616809644.4420516]
[1616809624.8479235, 1616809645.7496324]
[1616809624.9437985, 1616809645.5916038]
[1616809625.0639904, 1616809644.9937387]
[1616809624.9229722, 1616809642.9160285]
[1616809625.073019, 1616809641.3217535]
[1616809625.0714326, 1616809642.016809]
[1616809625.0244317, 1616809646.1732364]
[1616809625.01078, 1616809645.0957153]
[1616809625.0176978, 1616809644.357178]
[1616809625.0684798, 1616809642.4224737]
[1616809625.1196864, 1616809646.1444664]
[1616809625.0588524, 1616809640.9407685]
[1616809625.0496485, 1616809640.356652]
[1616809625.0691235, 1616809643.7599902]
[1616809625.02087, 1616809643.2858815]
[1616809625.063467, 1616809644.302003]
[1616809624.980609, 1616809644.8077724]
[1616809625.118206, 1616809642.254685]
[1616809624.9625962, 1616809638.0961509]
[1616809625.1209717, 1616809645.8313491]
[1616809625.0405407, 1616809647.0156896]
[1616809625.0511765, 1616809646.6663744]
[1616809625.0495753, 1616809646.5314286]
[1616809625.1030982, 1616809645.885127]
[1616809624.9795115, 1616809645.4163184]
[1616809625.1069548, 1616809645.4918017]
[1616809625.1176922, 1616809644.5467124]
[1616809625.1385758, 1616809643.8080027]
[1616809625.1114728, 1616809645.3372457]
[1616809625.1501207, 1616809645.3951406]
[1616809625.0930898, 1616809648.2326736]
[1616809625.1318905, 1616809643.2499454]
[1616809625.1286976, 1616809644.5549543]
[1616809625.1349478, 1616809645.3997355]
[1616809625.0269518, 1616809645.7768118]
[1616809625.075588, 1616809642.7735746]
[1616809625.067781, 1616809646.9868944]
[1616809625.1320386, 1616809645.3360322]
[1616809625.0405228, 1616809643.96871]
[1616809625.0975714, 1616809644.351402]
[1616809625.1566174, 1616809645.977069]
[1616809625.1869388, 1616809643.133846]
[1616809625.1567647, 1616809643.943303]
[1616809625.1955135, 1616809643.1785905]
[1616809625.1851013, 1616809644.5249453]
[1616809625.2267637, 1616809647.059806]
[1616809625.1878548, 1616809644.7830527]
[1616809624.9464908, 1616809639.7448893]
[1616809625.216576, 1616809644.6719072]
[1616809625.2223825, 1616809643.6133645]
