[1616810790.2336378, 1616810790.9438224]
[1616810789.7913888, 1616810790.5044475]
[1616810790.2440956, 1616810790.9674811]
[1616810790.5244603, 1616810791.2424498]
[1616810790.0674744, 1616810790.7078574]
[1616810790.0870175, 1616810791.770915]
[1616810790.516144, 1616810791.7234735]
[1616810789.9754765, 1616810791.186867]
[1616810790.3967464, 1616810793.5123594]
[1616810790.4968362, 1616810791.1524596]
[1616810790.1356678, 1616810793.0135875]
[1616810790.4832537, 1616810792.4974754]
[1616810790.3792937, 1616810791.0729203]
[1616810790.1895123, 1616810790.8943853]
[1616810790.2677689, 1616810790.9675088]
[1616810790.1411493, 1616810790.7789352]
[1616810790.5791028, 1616810791.287326]
[1616810790.3087232, 1616810790.9664304]
[1616810790.4673522, 1616810791.7070978]
[1616810790.3934324, 1616810791.093988]
[1616810790.7769728, 1616810791.451825]
[1616810790.7333126, 1616810791.401741]
[1616810791.0843318, 1616810792.1246097]
[1616810790.5221279, 1616810791.2394605]
[1616810791.025905, 1616810792.028186]
[1616810791.160406, 1616810791.8061748]
[1616810790.850275, 1616810791.5106623]
[1616810791.4405134, 1616810792.0907004]
[1616810791.2952256, 1616810791.994335]
[1616810791.7186966, 1616810793.1481998]
[1616810791.7444727, 1616810792.39377]
[1616810791.3936353, 1616810792.067402]
[1616810791.7643135, 1616810793.1534753]
[1616810791.7971985, 1616810795.438802]
[1616810792.0754335, 1616810792.7532783]
[1616810792.0850742, 1616810792.7462633]
[1616810791.6690066, 1616810792.3099535]
[1616810792.2264636, 1616810792.903964]
[1616810791.9297485, 1616810792.5809884]
[1616810792.1531332, 1616810793.383823]
[1616810792.2279456, 1616810792.9541266]
[1616810792.7308486, 1616810793.4888964]
[1616810792.6498473, 1616810793.4170487]
[1616810792.8726737, 1616810793.5108545]
[1616810792.4369195, 1616810793.1298215]
[1616810792.4988663, 1616810793.1548586]
[1616810793.0472515, 1616810793.7764678]
[1616810793.1360693, 1616810793.856026]
[1616810793.0291612, 1616810793.7358668]
[1616810793.278199, 1616810794.0530574]
[1616810793.448722, 1616810794.2451284]
[1616810793.4374971, 1616810794.08251]
[1616810793.7002919, 1616810798.8641899]
[1616810793.2692237, 1616810793.9010606]
[1616810793.5588765, 1616810794.2803042]
[1616810793.7304337, 1616810794.3862529]
[1616810794.046815, 1616810794.8009124]
[1616810794.1778994, 1616810794.8452506]
[1616810794.1544635, 1616810794.8105206]
[1616810794.245252, 1616810794.8743474]
[1616810794.4529595, 1616810795.1247656]
[1616810794.4844332, 1616810795.2408128]
[1616810794.5223248, 1616810795.2061615]
[1616810794.7752323, 1616810796.2400212]
[1616810794.6659286, 1616810795.3698509]
[1616810794.7934465, 1616810795.491218]
[1616810794.7159014, 1616810795.3879943]
[1616810794.890199, 1616810795.5818272]
[1616810794.8217375, 1616810795.4635353]
[1616810795.0445118, 1616810799.552948]
[1616810794.9160738, 1616810795.54704]
[1616810795.2259166, 1616810795.921335]
[1616810795.1195943, 1616810796.6471255]
[1616810795.1662064, 1616810795.8153193]
[1616810795.0705533, 1616810795.765619]
[1616810795.3441257, 1616810797.0427487]
[1616810795.5305297, 1616810796.1951146]
[1616810795.314266, 1616810796.0572624]
[1616810795.4723024, 1616810796.0858731]
[1616810795.4008, 1616810796.0841606]
[1616810795.7457867, 1616810796.3826065]
[1616810795.9621274, 1616810796.6363046]
[1616810795.8697596, 1616810796.5128644]
[1616810795.9656756, 1616810796.693804]
[1616810795.8712249, 1616810796.51758]
[1616810796.0461183, 1616810796.733519]
[1616810796.2395065, 1616810796.990282]
[1616810796.1329653, 1616810797.7861083]
[1616810796.387749, 1616810797.0479882]
[1616810796.3270864, 1616810797.0507576]
[1616810796.398128, 1616810797.0862446]
[1616810796.3726003, 1616810801.670611]
[1616810796.2861526, 1616810798.1515589]
[1616810796.5989618, 1616810797.290794]
[1616810796.599975, 1616810797.292106]
[1616810796.4801216, 1616810797.1815007]
[1616810796.7249599, 1616810797.4587097]
[1616810796.6456444, 1616810797.363744]
[1616810796.9824872, 1616810798.8071332]
[1616810796.745207, 1616810797.4652393]
[1616810797.0188808, 1616810797.7400165]
[1616810797.095577, 1616810797.7857244]
[1616810797.257411, 1616810797.921962]
[1616810797.1533134, 1616810797.813411]
[1616810797.3075793, 1616810798.019223]
[1616810797.158207, 1616810798.5731525]
[1616810797.0039723, 1616810797.6908395]
[1616810797.4240901, 1616810798.1504161]
[1616810797.5309722, 1616810798.2139835]
[1616810797.4903073, 1616810799.153008]
[1616810797.6525505, 1616810798.2797837]
[1616810797.9238946, 1616810798.6993895]
[1616810797.8021398, 1616810798.4354658]
[1616810797.7129266, 1616810798.3959572]
[1616810797.90038, 1616810798.605132]
[1616810797.9627438, 1616810798.6499398]
[1616810797.9639513, 1616810798.633135]
[1616810798.1733232, 1616810798.8092482]
[1616810798.1489968, 1616810798.7821972]
[1616810798.202735, 1616810798.8384352]
[1616810798.2990074, 1616810798.9940813]
[1616810798.3441737, 1616810799.0956473]
[1616810798.682527, 1616810799.365772]
[1616810798.3736038, 1616810799.1190763]
[1616810798.5316758, 1616810799.2102704]
[1616810798.4538581, 1616810799.1490993]
[1616810798.815431, 1616810799.485448]
[1616810798.670076, 1616810799.3251913]
[1616810798.7231169, 1616810799.4077017]
[1616810798.6829174, 1616810799.3423555]
[1616810798.7280755, 1616810799.3889737]
[1616810798.649612, 1616810799.294435]
[1616810799.1111147, 1616810799.7842581]
[1616810799.0759096, 1616810799.7901008]
[1616810799.0698445, 1616810799.737683]
[1616810799.2556577, 1616810799.9209282]
[1616810799.351788, 1616810800.0372171]
[1616810799.2292545, 1616810799.9417796]
[1616810799.2972643, 1616810800.2019706]
[1616810799.2985103, 1616810800.6369328]
[1616810799.3860645, 1616810800.082185]
[1616810799.3289843, 1616810799.9706256]
[1616810799.517546, 1616810801.2745893]
[1616810799.4983206, 1616810800.1996481]
[1616810799.789363, 1616810800.5398247]
[1616810799.6239293, 1616810800.283021]
[1616810799.5834334, 1616810801.0213697]
[1616810799.8632152, 1616810806.5804543]
[1616810799.8978622, 1616810800.5811121]
[1616810799.8732111, 1616810800.552609]
[1616810799.989754, 1616810801.5888424]
[1616810800.0219214, 1616810801.7051942]
[1616810800.046019, 1616810800.7189]
[1616810799.9796743, 1616810800.6615648]
[1616810800.2901108, 1616810801.0139275]
[1616810800.0976005, 1616810800.7705069]
[1616810800.066976, 1616810800.7492976]
[1616810800.0789242, 1616810801.77649]
[1616810800.1583934, 1616810800.809237]
[1616810800.3001726, 1616810801.3620567]
[1616810800.5536604, 1616810801.8106282]
[1616810800.41612, 1616810801.0858188]
[1616810800.3088117, 1616810800.9506147]
[1616810800.5694675, 1616810801.3032017]
[1616810800.4461846, 1616810801.084267]
[1616810800.4471855, 1616810801.76803]
[1616810800.56918, 1616810801.2189777]
[1616810800.7567983, 1616810801.8679352]
[1616810800.9209285, 1616810801.6379817]
[1616810800.7692301, 1616810801.4372468]
[1616810800.8813567, 1616810801.5635765]
[1616810801.0030432, 1616810802.0544825]
[1616810800.9873545, 1616810802.167133]
[1616810801.1545825, 1616810801.871961]
[1616810801.0973706, 1616810801.786976]
[1616810801.2192893, 1616810801.9446442]
[1616810801.1632795, 1616810801.8459892]
[1616810801.09937, 1616810801.8716185]
[1616810801.1791632, 1616810802.9422674]
[1616810801.3397675, 1616810802.0499365]
[1616810801.2353935, 1616810801.8930955]
[1616810801.276117, 1616810801.996935]
[1616810801.4474263, 1616810802.831783]
[1616810801.4669528, 1616810802.1287665]
[1616810801.5195122, 1616810802.1984687]
[1616810801.616592, 1616810802.3183525]
[1616810801.6098342, 1616810802.2836044]
[1616810801.777918, 1616810802.4222443]
[1616810801.6288981, 1616810802.3037963]
[1616810801.9208632, 1616810802.5647786]
[1616810801.7154357, 1616810802.3425276]
[1616810801.788739, 1616810803.6599178]
[1616810801.9271119, 1616810802.637184]
[1616810801.9929473, 1616810802.9007936]
[1616810801.9579163, 1616810803.151465]
[1616810802.2228572, 1616810802.9040225]
[1616810801.91984, 1616810802.7094185]
[1616810802.010115, 1616810802.7162802]
[1616810802.2865503, 1616810803.0412395]
[1616810802.1928542, 1616810802.8796916]
[1616810802.0963862, 1616810802.7884061]
[1616810802.399046, 1616810803.0669243]
[1616810802.3650696, 1616810803.0963647]
[1616810802.42768, 1616810803.0843587]
[1616810802.5466523, 1616810803.2444968]
[1616810802.5243502, 1616810803.2491162]
[1616810802.5409756, 1616810803.2220292]
[1616810802.5833087, 1616810803.2516062]
[1616810802.691868, 1616810803.3799822]
[1616810802.6944914, 1616810803.3857758]
[1616810802.773927, 1616810803.5206177]
[1616810802.8604174, 1616810803.5615823]
[1616810803.0189133, 1616810803.6833448]
[1616810803.0487452, 1616810804.9160523]
[1616810802.8805795, 1616810804.4403586]
[1616810802.938209, 1616810803.5969603]
[1616810803.078926, 1616810803.7231128]
[1616810803.1151073, 1616810803.7567854]
[1616810803.0351706, 1616810803.7159433]
[1616810803.0937164, 1616810803.757333]
[1616810803.0055275, 1616810803.902728]
[1616810803.3370645, 1616810804.017515]
[1616810803.2709136, 1616810803.9780307]
[1616810803.3197978, 1616810804.0103316]
[1616810803.400971, 1616810804.1100929]
[1616810803.4755409, 1616810804.1273618]
[1616810803.6464512, 1616810804.332092]
[1616810803.4644291, 1616810804.1257172]
[1616810803.412007, 1616810804.1205933]
[1616810803.7814896, 1616810805.4807756]
[1616810803.876678, 1616810804.5326505]
[1616810803.6648226, 1616810804.34362]
[1616810803.7153375, 1616810804.4177954]
[1616810804.0154858, 1616810804.6804595]
[1616810803.790415, 1616810804.4387867]
[1616810804.0041494, 1616810804.7470174]
[1616810804.1669445, 1616810805.4056125]
[1616810804.1419852, 1616810804.8208916]
[1616810804.077005, 1616810804.783878]
[1616810804.3613143, 1616810805.0371225]
[1616810804.3117242, 1616810805.2172]
[1616810804.1916764, 1616810804.881301]
[1616810804.3982165, 1616810805.0880847]
[1616810804.2354379, 1616810804.9175637]
[1616810804.3649879, 1616810805.0527318]
[1616810804.580394, 1616810805.245109]
[1616810804.5607111, 1616810805.9442973]
[1616810804.6278343, 1616810805.3194888]
[1616810804.6878169, 1616810805.3759074]
[1616810804.6765206, 1616810805.3708644]
[1616810804.8079119, 1616810805.5376987]
[1616810804.7622032, 1616810805.4581897]
[1616810804.8857403, 1616810805.591852]
[1616810804.764557, 1616810805.9446657]
[1616810804.9502642, 1616810806.5150137]
[1616810804.493275, 1616810805.2422273]
[1616810805.0819774, 1616810805.7868705]
[1616810805.1002057, 1616810806.2531729]
[1616810804.9812975, 1616810805.78444]
[1616810805.2600658, 1616810806.7334185]
[1616810805.1249561, 1616810805.8429303]
[1616810805.4493616, 1616810806.0980728]
[1616810805.2840817, 1616810806.0045898]
[1616810805.4659896, 1616810806.1433702]
[1616810805.3579686, 1616810806.0909064]
[1616810805.442868, 1616810808.8366234]
[1616810805.592571, 1616810806.3142636]
[1616810805.4999356, 1616810806.172207]
[1616810805.7093463, 1616810806.3497438]
[1616810805.554038, 1616810807.1565886]
[1616810805.7639172, 1616810806.5339906]
[1616810805.7120702, 1616810806.4698453]
[1616810805.884496, 1616810806.610313]
[1616810805.7887442, 1616810806.4677587]
[1616810805.8850496, 1616810806.5907438]
[1616810805.8645592, 1616810806.552694]
[1616810805.784047, 1616810806.48561]
[1616810805.962397, 1616810806.6893158]
[1616810806.1187062, 1616810806.7963367]
[1616810806.11892, 1616810806.7655814]
[1616810806.068342, 1616810806.7297485]
[1616810806.272935, 1616810806.9880788]
[1616810806.4392745, 1616810807.2118428]
[1616810806.3999522, 1616810807.0613623]
[1616810806.4387121, 1616810807.1163561]
[1616810806.40552, 1616810807.0949223]
[1616810806.2009652, 1616810806.8480632]
[1616810806.4312484, 1616810807.1160798]
[1616810806.3264182, 1616810807.0371735]
[1616810806.385293, 1616810807.5755408]
[1616810806.56583, 1616810807.2578132]
[1616810806.6427896, 1616810808.2341633]
[1616810806.6870718, 1616810807.3646832]
[1616810806.8272378, 1616810807.742368]
[1616810806.831152, 1616810807.504791]
[1616810807.0007956, 1616810808.1334383]
[1616810806.7707317, 1616810807.4599771]
[1616810806.775303, 1616810807.4104948]
[1616810806.9793227, 1616810807.6557245]
[1616810807.0716832, 1616810807.7652664]
[1616810807.2053885, 1616810807.8898373]
[1616810807.1436148, 1616810807.8647194]
[1616810807.0289464, 1616810807.720193]
[1616810807.094041, 1616810807.7933457]
[1616810807.031015, 1616810807.6760461]
[1616810807.2697134, 1616810807.9558787]
[1616810807.3077166, 1616810808.1068318]
[1616810807.2793102, 1616810808.0720925]
[1616810807.157706, 1616810807.8201945]
[1616810807.368092, 1616810808.1288645]
[1616810807.5866818, 1616810808.3274696]
[1616810807.622164, 1616810808.3450294]
[1616810807.7442281, 1616810808.3964007]
[1616810807.7322338, 1616810808.473108]
[1616810807.860916, 1616810809.353517]
[1616810807.6796582, 1616810808.3506937]
[1616810807.8633282, 1616810808.5062678]
[1616810807.8060343, 1616810808.5033455]
[1616810807.8817208, 1616810808.5481503]
[1616810808.031506, 1616810808.715321]
[1616810807.9527724, 1616810808.6146417]
[1616810808.0803134, 1616810809.0289438]
[1616810807.9309888, 1616810808.801699]
[1616810808.1436446, 1616810809.0490155]
[1616810808.391946, 1616810809.0867486]
[1616810808.4698558, 1616810809.577432]
[1616810808.456368, 1616810809.1589594]
[1616810808.495333, 1616810810.513966]
[1616810808.4819596, 1616810810.1221855]
[1616810808.5505507, 1616810809.2794225]
[1616810808.6217248, 1616810809.2968895]
[1616810808.5123825, 1616810809.1570065]
[1616810808.8186986, 1616810813.5279348]
[1616810808.837158, 1616810809.52102]
[1616810808.7976518, 1616810809.5061123]
[1616810808.5501602, 1616810809.2026145]
[1616810808.548225, 1616810809.2186496]
[1616810809.0576153, 1616810810.0955746]
[1616810808.9947176, 1616810809.6546664]
[1616810808.9446018, 1616810809.60128]
[1616810809.0207763, 1616810809.6815581]
[1616810809.1648707, 1616810809.8616]
[1616810809.156663, 1616810809.9210093]
[1616810809.4143705, 1616810811.6322856]
[1616810809.4367404, 1616810810.087737]
[1616810809.2505715, 1616810810.0137548]
[1616810809.2440066, 1616810809.961112]
[1616810809.1297727, 1616810809.76497]
[1616810809.2611768, 1616810809.9420443]
[1616810809.172257, 1616810809.8279855]
[1616810809.4863074, 1616810810.9399621]
[1616810809.3958566, 1616810810.08637]
[1616810809.6838536, 1616810810.3984504]
[1616810809.6166382, 1616810810.2401867]
[1616810809.7627819, 1616810810.413544]
[1616810809.848348, 1616810810.5871134]
[1616810809.786368, 1616810810.4883118]
[1616810809.9684741, 1616810810.9354308]
[1616810809.94224, 1616810810.6524434]
[1616810809.9284782, 1616810811.9771807]
[1616810810.1474936, 1616810810.8161616]
[1616810808.89083, 1616810809.5354643]
[1616810810.2797863, 1616810811.7329082]
[1616810810.2360642, 1616810812.120234]
[1616810810.2650428, 1616810810.9218423]
[1616810810.0974991, 1616810810.7820706]
[1616810810.4314759, 1616810811.087213]
[1616810810.3929193, 1616810811.1934574]
[1616810810.414579, 1616810811.0563967]
[1616810810.5417662, 1616810815.8810565]
[1616810810.6669497, 1616810811.3510115]
[1616810810.5084388, 1616810811.193871]
[1616810810.6255386, 1616810811.2806323]
[1616810810.6881766, 1616810812.3267646]
[1616810810.8287349, 1616810811.5293632]
[1616810810.7833326, 1616810816.7448542]
[1616810810.5505195, 1616810811.2506554]
[1616810810.9450061, 1616810811.670168]
[1616810810.9226449, 1616810812.1187134]
[1616810810.803654, 1616810816.2799473]
[1616810811.0104568, 1616810811.6867971]
[1616810811.0933313, 1616810811.7570996]
[1616810811.1304095, 1616810811.8314786]
[1616810811.0734768, 1616810811.6867788]
[1616810811.0171177, 1616810811.6860833]
[1616810811.399446, 1616810812.0802834]
[1616810811.2875674, 1616810811.9236338]
[1616810811.3133569, 1616810812.938492]
[1616810811.2383337, 1616810811.8750196]
[1616810811.484666, 1616810812.1558068]
[1616810811.5289629, 1616810812.2123008]
[1616810811.4786642, 1616810814.0642548]
[1616810811.534227, 1616810812.2464564]
[1616810811.463326, 1616810814.497017]
[1616810811.753181, 1616810812.4992902]
[1616810811.465265, 1616810814.3015556]
[1616810811.7176955, 1616810813.3119445]
[1616810811.9143057, 1616810812.5492997]
[1616810811.611087, 1616810812.2758343]
[1616810811.9512732, 1616810812.5851815]
[1616810812.0541363, 1616810812.7678378]
[1616810811.7663841, 1616810812.3980844]
[1616810812.0078473, 1616810812.721444]
[1616810812.288408, 1616810812.977503]
[1616810812.1518555, 1616810812.8870277]
[1616810812.1503317, 1616810812.8010557]
[1616810812.4565885, 1616810813.0840843]
[1616810812.3725643, 1616810813.04152]
[1616810812.356443, 1616810812.9973085]
[1616810812.3679094, 1616810815.0137436]
[1616810812.5151577, 1616810813.9278827]
[1616810812.6776655, 1616810813.3137527]
[1616810812.4234824, 1616810813.071691]
[1616810812.5542858, 1616810813.3928843]
[1616810812.6768997, 1616810813.376241]
[1616810812.8339028, 1616810813.5194635]
[1616810812.8653102, 1616810813.6277306]
[1616810812.5862663, 1616810813.235608]
[1616810812.6503007, 1616810813.5079124]
[1616810812.6990323, 1616810815.250075]
[1616810812.9278255, 1616810813.6067429]
[1616810813.030468, 1616810813.7093508]
[1616810812.9294367, 1616810813.6213832]
[1616810813.0219407, 1616810813.7412016]
[1616810813.2553408, 1616810813.9498205]
[1616810813.146799, 1616810813.7858384]
[1616810813.1945894, 1616810813.8732052]
[1616810813.1262329, 1616810813.8064733]
[1616810813.3245056, 1616810814.040663]
[1616810813.2284544, 1616810813.886029]
[1616810813.4940429, 1616810814.2194464]
[1616810813.4264424, 1616810814.1362221]
[1616810813.3614163, 1616810814.040099]
[1616810813.4954963, 1616810816.750044]
[1616810813.310772, 1616810814.0357761]
[1616810813.5823815, 1616810814.3436477]
[1616810813.452109, 1616810814.1525047]
[1616810813.4949188, 1616810814.2508972]
[1616810813.5253086, 1616810814.1601229]
[1616810813.7009487, 1616810814.427635]
[1616810813.7547696, 1616810814.8487196]
[1616810813.6672583, 1616810814.3698347]
[1616810813.958744, 1616810815.778881]
[1616810813.884203, 1616810814.621601]
[1616810814.0303555, 1616810814.6621075]
[1616810813.9898448, 1616810815.2664163]
[1616810813.764042, 1616810814.4017842]
[1616810813.9913106, 1616810815.2010212]
[1616810814.2512684, 1616810814.9876847]
[1616810814.3352184, 1616810815.015109]
[1616810814.1176805, 1616810814.7855544]
[1616810814.1496723, 1616810814.9398546]
[1616810814.214709, 1616810814.871687]
[1616810814.6548603, 1616810815.360905]
[1616810814.2370908, 1616810814.9494705]
[1616810814.458217, 1616810816.4854631]
[1616810814.354308, 1616810820.7590508]
[1616810814.434889, 1616810815.1579282]
[1616810814.569292, 1616810815.2818472]
[1616810814.5608435, 1616810815.2155452]
[1616810814.1237533, 1616810815.771178]
[1616810814.4726675, 1616810818.0980175]
[1616810814.5013494, 1616810817.9295437]
[1616810814.5797246, 1616810815.2999327]
[1616810814.6769044, 1616810815.471314]
[1616810814.9356585, 1616810815.5869067]
[1616810815.0640087, 1616810815.739739]
[1616810814.876329, 1616810815.5459864]
[1616810815.0196853, 1616810816.7765138]
[1616810815.0024478, 1616810815.7154107]
[1616810815.1470675, 1616810815.843306]
[1616810815.061384, 1616810815.7473505]
[1616810815.1213489, 1616810815.8449605]
[1616810815.4194815, 1616810816.0728579]
[1616810815.2348137, 1616810815.9647942]
[1616810815.2436976, 1616810817.5490153]
[1616810815.2573519, 1616810815.9421744]
[1616810815.3188324, 1616810816.0080762]
[1616810815.2836275, 1616810815.9845426]
[1616810815.5421507, 1616810816.2021942]
[1616810815.6079507, 1616810817.3043988]
[1616810815.6741455, 1616810816.3573904]
[1616810815.5628743, 1616810816.261488]
[1616810815.9067576, 1616810816.572655]
[1616810815.6649942, 1616810817.0668187]
[1616810815.6802032, 1616810816.3359587]
[1616810815.7072265, 1616810816.3993535]
[1616810815.7675028, 1616810816.4254181]
[1616810815.8610308, 1616810816.6017282]
[1616810815.6735003, 1616810816.557284]
[1616810816.0337813, 1616810817.1423347]
[1616810816.0533497, 1616810816.7120728]
[1616810816.0961301, 1616810816.778279]
[1616810816.2186396, 1616810816.8823519]
[1616810816.3145626, 1616810828.0282757]
[1616810816.3462963, 1616810817.0064182]
[1616810816.3241212, 1616810820.802187]
[1616810816.3142047, 1616810816.9767814]
[1616810816.3389952, 1616810817.0012877]
[1616810816.2587852, 1616810816.9784951]
[1616810816.4078445, 1616810817.1028686]
[1616810816.4977949, 1616810817.6037316]
[1616810816.606223, 1616810817.3717372]
[1616810816.494564, 1616810817.1573222]
[1616810816.5952723, 1616810817.3195999]
[1616810816.6163995, 1616810817.3056028]
[1616810816.7891, 1616810818.5223086]
[1616810816.8221145, 1616810817.4725149]
[1616810816.8826933, 1616810817.5492332]
[1616810816.950124, 1616810817.611633]
[1616810816.735976, 1616810817.3721588]
[1616810816.99242, 1616810817.6738334]
[1616810816.9980686, 1616810819.9255445]
[1616810817.046597, 1616810817.722434]
[1616810817.1073425, 1616810817.8150334]
[1616810817.0498388, 1616810817.6930108]
[1616810817.267064, 1616810817.9548588]
[1616810817.2961397, 1616810817.959371]
[1616810817.2286232, 1616810817.8968818]
[1616810817.150053, 1616810817.8363907]
[1616810817.3802178, 1616810818.023111]
[1616810817.4827888, 1616810818.1256425]
[1616810817.5714912, 1616810819.5125053]
[1616810817.5575402, 1616810818.2033067]
[1616810817.7223556, 1616810818.3787413]
[1616810817.6494362, 1616810818.3118372]
[1616810817.6231189, 1616810818.4816833]
[1616810817.6247277, 1616810818.3150084]
[1616810817.8276024, 1616810818.5296159]
[1616810817.541659, 1616810818.948215]
[1616810817.7184398, 1616810818.3672793]
[1616810817.808534, 1616810818.4802504]
[1616810817.6737268, 1616810821.517916]
[1616810817.8666213, 1616810818.5421581]
[1616810817.8488944, 1616810819.1599002]
[1616810817.8473341, 1616810818.5374608]
[1616810818.0053768, 1616810818.7020266]
[1616810818.115697, 1616810818.7684698]
[1616810818.0309393, 1616810818.7429478]
[1616810818.191906, 1616810818.9438472]
[1616810818.2632494, 1616810819.7140203]
[1616810818.3603358, 1616810819.0677407]
[1616810818.1389546, 1616810818.8142884]
[1616810818.3640504, 1616810819.0271783]
[1616810818.4642775, 1616810819.2161746]
[1616810818.5958712, 1616810819.5769088]
[1616810818.6833038, 1616810819.5791368]
[1616810818.631547, 1616810819.2859883]
[1616810818.6271381, 1616810819.2784805]
[1616810818.8500452, 1616810819.4724252]
[1616810818.6309392, 1616810819.3270783]
[1616810818.7839804, 1616810819.4336894]
[1616810818.9254398, 1616810820.4273293]
[1616810818.8516214, 1616810819.7655938]
[1616810818.696557, 1616810819.403316]
[1616810818.7923615, 1616810819.4615908]
[1616810818.9548945, 1616810819.6221616]
[1616810819.1278381, 1616810819.794355]
[1616810819.2884047, 1616810819.9774337]
[1616810819.0872092, 1616810820.3466804]
[1616810819.1917202, 1616810822.2091818]
[1616810819.2447217, 1616810820.0007339]
[1616810819.2259967, 1616810819.8647342]
[1616810819.281497, 1616810819.9568613]
[1616810819.2043326, 1616810820.0003893]
[1616810819.3670762, 1616810821.0860987]
[1616810819.5127678, 1616810820.1881838]
[1616810819.5488603, 1616810820.290651]
[1616810819.4791627, 1616810820.1332078]
[1616810819.6243162, 1616810821.3466985]
[1616810819.6962266, 1616810821.2790134]
[1616810819.613318, 1616810820.3461063]
[1616810819.715635, 1616810822.8476481]
[1616810819.783536, 1616810820.468127]
[1616810819.8858576, 1616810820.5940824]
[1616810819.786118, 1616810820.4140196]
[1616810820.0161457, 1616810820.6652744]
[1616810820.1007562, 1616810828.8018332]
[1616810820.0408165, 1616810820.7638953]
[1616810819.9856243, 1616810821.746818]
[1616810820.069932, 1616810826.5635536]
[1616810820.2057495, 1616810820.8650627]
[1616810820.204481, 1616810821.0680733]
[1616810820.317379, 1616810821.0062685]
[1616810820.3114955, 1616810825.965657]
[1616810820.2043521, 1616810820.8656714]
[1616810820.263691, 1616810820.9814627]
[1616810820.3893027, 1616810821.0145347]
[1616810820.5640228, 1616810821.2692108]
[1616810820.4443858, 1616810821.1455917]
[1616810820.5892816, 1616810821.2274501]
[1616810820.5274699, 1616810821.1747773]
[1616810820.7176957, 1616810821.3696504]
[1616810820.5796015, 1616810821.9024022]
[1616810820.6280496, 1616810821.3269985]
[1616810820.7351959, 1616810821.3821828]
[1616810820.8936014, 1616810821.5496633]
[1616810821.0077646, 1616810821.7026336]
[1616810821.0443223, 1616810821.745073]
[1616810820.9844487, 1616810821.665861]
[1616810820.8699882, 1616810821.5340018]
[1616810821.1157463, 1616810821.9086945]
[1616810821.3888834, 1616810822.0271509]
[1616810821.240115, 1616810821.9743896]
[1616810821.1739423, 1616810822.5218573]
[1616810821.4677503, 1616810822.111001]
[1616810821.339312, 1616810822.0048628]
[1616810821.48331, 1616810822.1397445]
[1616810821.4910185, 1616810822.24066]
[1616810821.4684513, 1616810822.213967]
[1616810821.4824202, 1616810822.2589443]
[1616810821.387133, 1616810822.0442884]
[1616810821.6939852, 1616810822.4707148]
[1616810821.690878, 1616810822.36154]
[1616810821.7099197, 1616810822.444073]
[1616810821.6317308, 1616810822.33302]
[1616810821.7210212, 1616810822.5209372]
[1616810821.9747245, 1616810822.6222935]
[1616810821.7490706, 1616810823.0410593]
[1616810821.9659708, 1616810822.641393]
[1616810821.9202843, 1616810822.6991916]
[1616810822.2113035, 1616810822.9256365]
[1616810822.2883708, 1616810822.9828885]
[1616810822.221699, 1616810823.4704635]
[1616810822.3065162, 1616810826.4615917]
[1616810822.3035283, 1616810823.0376263]
[1616810822.3804932, 1616810823.0630572]
[1616810822.424742, 1616810823.9949214]
[1616810822.3519964, 1616810823.0027359]
[1616810822.6506586, 1616810823.2858398]
[1616810822.4250326, 1616810823.0641134]
[1616810822.4002693, 1616810823.262935]
[1616810822.4638984, 1616810823.1576164]
[1616810822.7836547, 1616810823.497018]
[1616810822.8846326, 1616810823.872406]
[1616810822.7130735, 1616810823.3644524]
[1616810822.9226348, 1616810823.7422614]
[1616810822.8870955, 1616810823.569589]
[1616810822.8947861, 1616810823.5660877]
[1616810822.8832211, 1616810823.5303621]
[1616810822.944095, 1616810823.5966349]
[1616810822.9528072, 1616810823.6354387]
[1616810822.9755716, 1616810823.6380794]
[1616810822.9912136, 1616810823.7072763]
[1616810823.051312, 1616810823.7784889]
[1616810823.2156677, 1616810823.9322946]
[1616810823.2757514, 1616810823.9900758]
[1616810823.356241, 1616810824.8563247]
[1616810823.3418128, 1616810824.0455685]
[1616810823.439323, 1616810824.0976307]
[1616810823.4046474, 1616810824.2090406]
[1616810823.6672754, 1616810825.1194336]
[1616810823.5658836, 1616810824.250629]
[1616810823.4342434, 1616810824.1618521]
[1616810823.667956, 1616810824.3127043]
[1616810823.6760204, 1616810824.3354661]
[1616810823.7461996, 1616810824.4935665]
[1616810823.7796755, 1616810825.0547037]
[1616810823.8327708, 1616810824.5164835]
[1616810824.0960176, 1616810826.2661257]
[1616810824.040428, 1616810826.5705438]
[1616810824.2195547, 1616810824.9031932]
[1616810824.051165, 1616810824.7560706]
[1616810824.047816, 1616810825.5532815]
[1616810824.0966096, 1616810824.7532291]
[1616810824.261664, 1616810824.9661155]
[1616810824.3395588, 1616810825.048587]
[1616810824.3325658, 1616810825.0303907]
[1616810824.2749949, 1616810824.9434369]
[1616810824.492998, 1616810825.2857215]
[1616810824.6492052, 1616810825.3095713]
[1616810824.5392244, 1616810825.270897]
[1616810824.4983938, 1616810825.1799505]
[1616810824.641919, 1616810825.3378108]
[1616810824.7843316, 1616810825.4741015]
[1616810824.7736826, 1616810826.9020154]
[1616810824.782113, 1616810825.4241352]
[1616810824.946494, 1616810826.3481216]
[1616810824.8500302, 1616810826.3759804]
[1616810824.6920776, 1616810825.3659735]
[1616810824.9873602, 1616810825.6939888]
[1616810824.9279778, 1616810825.588914]
[1616810824.8716974, 1616810825.521676]
[1616810825.0765212, 1616810825.832218]
[1616810824.9477534, 1616810825.6261408]
[1616810825.060362, 1616810825.7847233]
[1616810825.1250806, 1616810825.8061173]
[1616810825.109991, 1616810825.9057562]
[1616810825.2843108, 1616810825.9401226]
[1616810825.4802933, 1616810826.1408875]
[1616810825.2824373, 1616810827.0208664]
[1616810825.4324985, 1616810826.1429691]
[1616810825.5271883, 1616810826.3002806]
[1616810825.6394873, 1616810826.3305094]
[1616810825.515341, 1616810826.1749423]
[1616810825.5094347, 1616810826.2452977]
[1616810825.706531, 1616810826.4258008]
[1616810825.4013855, 1616810826.0733964]
[1616810825.6593044, 1616810826.5952976]
[1616810825.7282643, 1616810826.4081192]
[1616810825.8147664, 1616810826.4576933]
[1616810825.9231722, 1616810828.7875907]
[1616810825.9583397, 1616810826.6014037]
[1616810826.2576635, 1616810827.889481]
[1616810826.011136, 1616810826.6443882]
[1616810826.0537124, 1616810826.7130191]
[1616810826.1996183, 1616810826.8425581]
[1616810826.0981297, 1616810826.7905428]
[1616810826.2668052, 1616810826.9264345]
[1616810826.1324186, 1616810826.8364332]
[1616810826.2595894, 1616810827.0784562]
[1616810826.322011, 1616810827.0533268]
[1616810826.4479914, 1616810827.198203]
[1616810826.3046088, 1616810826.931127]
[1616810826.5963523, 1616810827.2296765]
[1616810826.6209447, 1616810827.2518134]
[1616810826.6282792, 1616810827.2996845]
[1616810826.7232928, 1616810827.3442452]
[1616810826.6433375, 1616810827.303188]
[1616810826.7839007, 1616810827.5028784]
[1616810826.7827322, 1616810827.44849]
[1616810826.960513, 1616810827.5828762]
[1616810826.8353033, 1616810827.546921]
[1616810826.9980624, 1616810827.6631527]
[1616810826.989856, 1616810827.6579716]
[1616810826.9830837, 1616810827.638775]
[1616810827.1377652, 1616810827.7925096]
[1616810827.2178342, 1616810827.9062183]
[1616810827.0919816, 1616810828.7459083]
[1616810827.205937, 1616810828.914092]
[1616810827.1152933, 1616810827.8190672]
[1616810827.1721773, 1616810827.8252416]
[1616810827.3186991, 1616810828.033455]
[1616810827.5378191, 1616810828.2531788]
[1616810827.5730033, 1616810828.644504]
[1616810827.476108, 1616810828.0952625]
[1616810827.4641407, 1616810828.4911795]
[1616810827.666218, 1616810829.2219136]
[1616810827.6710274, 1616810829.5598848]
[1616810827.6858017, 1616810828.3323147]
[1616810827.7660139, 1616810828.433166]
[1616810827.7872055, 1616810828.4540365]
[1616810827.9560208, 1616810828.6466126]
[1616810827.802351, 1616810828.4897149]
[1616810828.1691377, 1616810828.8132632]
[1616810827.8768466, 1616810828.5777924]
[1616810828.055001, 1616810828.732784]
[1616810828.2938995, 1616810829.0165758]
[1616810828.136354, 1616810828.778775]
[1616810828.3717067, 1616810829.0512552]
[1616810828.209516, 1616810828.9011915]
[1616810828.2137177, 1616810828.9376328]
[1616810828.4121652, 1616810829.129306]
[1616810828.3297381, 1616810829.0349557]
[1616810828.4881992, 1616810829.1551669]
[1616810828.5888677, 1616810830.599631]
[1616810828.722747, 1616810829.3824282]
[1616810828.7023246, 1616810829.3650272]
[1616810828.7538722, 1616810830.836543]
[1616810828.7274506, 1616810829.6054149]
[1616810828.5885863, 1616810829.271316]
[1616810828.5884395, 1616810829.2687216]
[1616810828.7908418, 1616810829.4538245]
[1616810828.6864548, 1616810829.3594947]
[1616810828.9746966, 1616810829.6953218]
[1616810828.9486067, 1616810829.642759]
[1616810828.99902, 1616810829.693515]
[1616810829.0267768, 1616810830.8296678]
[1616810829.175651, 1616810830.849551]
[1616810829.2502134, 1616810829.8958457]
[1616810829.0958662, 1616810829.7950218]
[1616810829.2007532, 1616810830.5453708]
[1616810829.1327493, 1616810830.3237264]
[1616810829.2959707, 1616810829.9610615]
[1616810829.2892249, 1616810829.9720063]
[1616810829.28619, 1616810829.9312499]
[1616810829.6223943, 1616810830.3934371]
[1616810829.459963, 1616810830.2215612]
[1616810829.3949225, 1616810830.065062]
[1616810829.7650497, 1616810830.4161932]
[1616810829.497444, 1616810830.1981595]
[1616810829.8711135, 1616810830.5450184]
[1616810829.8065388, 1616810832.8297362]
[1616810829.8030457, 1616810830.450665]
[1616810829.9425623, 1616810830.6145315]
[1616810830.0024807, 1616810830.729902]
[1616810829.9677749, 1616810831.375341]
[1616810829.726517, 1616810830.4233005]
[1616810830.1054766, 1616810830.7624693]
[1616810830.0947213, 1616810830.7393045]
[1616810830.0533264, 1616810830.6843572]
[1616810830.35128, 1616810831.030573]
[1616810830.2787817, 1616810830.917931]
[1616810830.154249, 1616810830.8831148]
[1616810830.3170662, 1616810831.0901244]
[1616810830.2065458, 1616810831.7597897]
[1616810830.2121851, 1616810830.9048872]
[1616810830.2456863, 1616810830.9679127]
[1616810830.3838978, 1616810831.909764]
[1616810830.494358, 1616810834.3267243]
[1616810830.5694284, 1616810831.2200408]
[1616810830.3885322, 1616810831.0346]
[1616810830.372358, 1616810831.0450976]
[1616810830.6832786, 1616810831.344184]
[1616810830.782585, 1616810831.4101715]
[1616810830.4952543, 1616810831.2545576]
[1616810830.8475418, 1616810831.496522]
[1616810830.9123244, 1616810832.533923]
[1616810830.8023365, 1616810831.489555]
[1616810830.7673392, 1616810831.7684636]
[1616810830.9024606, 1616810831.5647275]
[1616810830.8886027, 1616810831.5643961]
[1616810831.0161076, 1616810831.733275]
[1616810830.9458745, 1616810831.6454587]
[1616810830.8274062, 1616810831.523844]
[1616810831.0245671, 1616810834.0922387]
[1616810831.2196312, 1616810832.3557193]
[1616810831.286386, 1616810831.984587]
[1616810831.137784, 1616810831.866298]
[1616810831.2079117, 1616810831.879462]
[1616810831.4303854, 1616810832.0692043]
[1616810831.2033913, 1616810832.704586]
[1616810831.2542925, 1616810831.9885364]
[1616810831.4073052, 1616810832.1323674]
[1616810831.5041924, 1616810832.14719]
[1616810831.350598, 1616810832.0056567]
[1616810831.3880405, 1616810832.0714698]
[1616810831.5900376, 1616810832.3105109]
[1616810831.4887109, 1616810832.2149909]
[1616810831.5515635, 1616810832.2377915]
[1616810831.759703, 1616810832.7418535]
[1616810831.6148577, 1616810832.308674]
[1616810831.8660707, 1616810832.5107272]
[1616810831.6864455, 1616810832.9314847]
[1616810831.6551578, 1616810832.3568716]
[1616810831.8619833, 1616810832.5123658]
[1616810831.8438082, 1616810832.4836822]
[1616810831.7316628, 1616810832.3847058]
[1616810831.9205182, 1616810832.613271]
[1616810831.893384, 1616810832.5311706]
[1616810831.8622868, 1616810832.6190073]
[1616810831.9989178, 1616810836.2133098]
[1616810832.0004432, 1616810832.7095988]
[1616810831.95791, 1616810832.9345133]
[1616810832.060727, 1616810832.9631484]
[1616810832.1655214, 1616810832.8054917]
[1616810832.1348615, 1616810836.5299723]
[1616810832.1141984, 1616810832.8088312]
[1616810832.1730375, 1616810832.9157505]
[1616810832.1524441, 1616810832.8584163]
[1616810832.2778077, 1616810832.9394534]
[1616810832.3826444, 1616810833.0265357]
[1616810832.3650005, 1616810833.028905]
[1616810832.3891945, 1616810833.022444]
[1616810832.3431811, 1616810834.1849978]
[1616810832.4268265, 1616810833.2017515]
[1616810832.519531, 1616810833.205951]
[1616810832.5201077, 1616810833.2633762]
[1616810832.561276, 1616810833.252751]
[1616810832.470643, 1616810833.194983]
[1616810832.5256975, 1616810833.2074018]
[1616810832.5556536, 1616810836.6122963]
[1616810832.7556186, 1616810833.4321065]
[1616810832.8087752, 1616810838.7191393]
[1616810832.7901757, 1616810833.4445286]
[1616810832.8978953, 1616810833.5683303]
[1616810832.681167, 1616810833.4088514]
[1616810832.8322308, 1616810833.464523]
[1616810832.781043, 1616810834.8419209]
[1616810832.8849626, 1616810833.5096543]
[1616810832.8556259, 1616810833.6072469]
[1616810832.8244145, 1616810834.4157178]
[1616810833.1799905, 1616810834.4583936]
[1616810832.8988464, 1616810833.8940437]
[1616810832.917731, 1616810833.6123126]
[1616810833.022212, 1616810834.289608]
[1616810832.9002376, 1616810834.9594057]
[1616810832.8786378, 1616810833.591001]
[1616810832.9845076, 1616810833.6497443]
[1616810833.033948, 1616810833.6658995]
[1616810833.1538112, 1616810833.8212545]
[1616810833.1758723, 1616810834.8670306]
[1616810833.2320862, 1616810833.9261963]
[1616810833.2170637, 1616810833.8499713]
[1616810833.2429638, 1616810833.9518983]
[1616810833.2273679, 1616810833.9051163]
[1616810833.223422, 1616810833.8532517]
[1616810833.2337518, 1616810834.7261128]
[1616810833.2292905, 1616810834.9813898]
[1616810833.42657, 1616810834.068789]
[1616810833.3284533, 1616810834.0230289]
[1616810833.4167476, 1616810838.619179]
[1616810833.5068276, 1616810834.873037]
[1616810833.4106789, 1616810834.668581]
[1616810833.383117, 1616810834.1624324]
[1616810833.4381375, 1616810839.195791]
[1616810833.47021, 1616810834.1036606]
[1616810833.5508454, 1616810834.290923]
[1616810833.565195, 1616810834.1996467]
[1616810833.5020943, 1616810834.1465955]
[1616810833.5750284, 1616810834.2772546]
[1616810833.7251663, 1616810836.8968694]
[1616810833.754488, 1616810834.8271432]
[1616810833.7117248, 1616810835.7103195]
[1616810833.7091582, 1616810834.3655124]
[1616810833.6637475, 1616810834.3245718]
[1616810833.716438, 1616810836.9272258]
[1616810833.698143, 1616810835.974946]
[1616810833.7760632, 1616810845.0029185]
[1616810833.8470788, 1616810834.4966648]
[1616810833.8698053, 1616810834.5599084]
[1616810833.809563, 1616810834.7039096]
[1616810833.9087389, 1616810835.2556634]
[1616810833.8581862, 1616810835.4323854]
[1616810833.940495, 1616810834.6684191]
[1616810833.8937314, 1616810834.604937]
[1616810833.818223, 1616810835.201049]
[1616810833.9254894, 1616810834.5813708]
[1616810833.8997102, 1616810834.6422236]
[1616810833.9013572, 1616810835.003642]
[1616810833.9477134, 1616810834.6179857]
[1616810833.932786, 1616810835.8112059]
[1616810834.0060642, 1616810835.77517]
[1616810833.998838, 1616810837.134831]
[1616810833.9370706, 1616810834.6392682]
[1616810833.8582025, 1616810837.5607965]
[1616810834.053534, 1616810834.923524]
[1616810834.068723, 1616810834.7288015]
[1616810834.049192, 1616810834.7530322]
[1616810834.1370993, 1616810834.7745528]
[1616810834.2424293, 1616810836.2685027]
[1616810834.053722, 1616810834.7272608]
[1616810834.0876994, 1616810835.2823222]
[1616810834.0906205, 1616810835.1929226]
[1616810834.2540581, 1616810834.9681175]
[1616810834.2771688, 1616810835.3412282]
[1616810834.3500133, 1616810835.7716734]
[1616810834.1930547, 1616810834.848349]
[1616810834.3785582, 1616810836.7948854]
[1616810834.3664231, 1616810835.66991]
[1616810834.4582465, 1616810835.6696372]
[1616810834.376986, 1616810835.1010993]
[1616810834.2210195, 1616810835.0078394]
[1616810834.2727883, 1616810834.9827735]
[1616810834.2005653, 1616810834.8369136]
[1616810834.3556242, 1616810834.9899013]
[1616810834.4647052, 1616810836.7258637]
[1616810834.5162332, 1616810837.496284]
[1616810834.4509141, 1616810836.532866]
[1616810834.45119, 1616810835.112864]
[1616810834.384947, 1616810835.0448487]
[1616810834.433353, 1616810835.0734615]
[1616810834.3414133, 1616810835.4352949]
[1616810834.382935, 1616810836.1281953]
[1616810834.3488507, 1616810835.7700706]
[1616810834.4499831, 1616810835.3954072]
[1616810834.570302, 1616810835.200502]
[1616810834.3927379, 1616810836.233924]
[1616810834.5033836, 1616810836.1290474]
[1616810834.5769618, 1616810836.731839]
[1616810834.609968, 1616810835.7643604]
[1616810834.5408916, 1616810836.0620096]
[1616810834.5457299, 1616810839.0556102]
[1616810834.5344846, 1616810835.975492]
[1616810834.5270154, 1616810835.5526564]
[1616810834.5731375, 1616810839.1044157]
[1616810834.5859587, 1616810836.295216]
[1616810834.6546416, 1616810836.1519399]
[1616810834.5913577, 1616810836.5624638]
[1616810834.594247, 1616810836.2651074]
[1616810834.547707, 1616810835.1824386]
[1616810834.591875, 1616810835.918078]
[1616810834.615549, 1616810836.4105656]
[1616810834.6505618, 1616810835.8565729]
[1616810834.5783935, 1616810836.166765]
[1616810834.495621, 1616810835.8508973]
[1616810834.6520655, 1616810836.2072453]
[1616810834.5669994, 1616810836.2592914]
[1616810834.6230266, 1616810835.5598722]
[1616810834.6232882, 1616810835.258497]
[1616810834.7004557, 1616810835.384829]
[1616810834.6703265, 1616810836.0773187]
[1616810834.5498571, 1616810835.2197728]
[1616810834.424342, 1616810835.758905]
[1616810834.7045598, 1616810835.5969822]
[1616810834.6376302, 1616810836.1820729]
[1616810834.500487, 1616810835.1410508]
[1616810834.6719677, 1616810835.341786]
[1616810834.7093842, 1616810836.630523]
[1616810834.5541995, 1616810836.058933]
[1616810834.5661435, 1616810835.8533902]
[1616810834.683654, 1616810835.3297713]
[1616810834.6742563, 1616810836.69662]
[1616810834.536045, 1616810835.8273404]
[1616810834.5506756, 1616810836.0325143]
[1616810834.6790795, 1616810835.6459095]
[1616810834.6702135, 1616810835.3602755]
[1616810834.6815019, 1616810835.32889]
[1616810834.6628952, 1616810836.4350965]
[1616810834.7140362, 1616810835.4110484]
