[1616793814.6644487, 1616793817.354152]
[1616793814.4426355, 1616793817.1579459]
[1616793814.2959785, 1616793817.0221343]
[1616793814.7935455, 1616793817.506861]
[1616793814.3393574, 1616793817.044061]
[1616793814.4022136, 1616793817.113642]
[1616793814.8082125, 1616793817.504102]
[1616793814.7371464, 1616793817.4689398]
[1616793814.5227268, 1616793817.243681]
[1616793814.5407162, 1616793817.2573917]
[1616793814.8564742, 1616793817.5667412]
[1616793815.079045, 1616793817.787157]
[1616793814.6495526, 1616793817.3607183]
[1616793814.5159767, 1616793817.2315755]
[1616793814.6132154, 1616793817.321204]
[1616793814.6610398, 1616793817.367495]
[1616793814.6789002, 1616793817.4063683]
[1616793814.8775916, 1616793817.5851479]
[1616793814.7474566, 1616793817.4443483]
[1616793815.061365, 1616793817.7601]
[1616793815.1574538, 1616793817.8547857]
[1616793815.3140478, 1616793818.0150757]
[1616793815.2304158, 1616793817.9176955]
[1616793815.0879493, 1616793817.7972198]
[1616793815.611239, 1616793818.2954366]
[1616793815.5489285, 1616793818.2288287]
[1616793815.866235, 1616793818.565569]
[1616793816.09964, 1616793818.8113008]
[1616793816.055154, 1616793818.7691586]
[1616793816.2862954, 1616793819.0089574]
[1616793816.1863968, 1616793818.8986578]
[1616793816.0745726, 1616793818.840523]
[1616793816.0208156, 1616793818.7213256]
[1616793816.0209913, 1616793818.7275727]
[1616793816.2534318, 1616793818.9806643]
[1616793816.4127066, 1616793819.1330793]
[1616793816.652522, 1616793819.3887568]
[1616793816.5731745, 1616793819.2856042]
[1616793816.2328143, 1616793818.9072948]
[1616793816.7391238, 1616793819.4428954]
[1616793817.0113328, 1616793819.7711346]
[1616793816.8176856, 1616793819.539807]
[1616793817.250009, 1616793819.9808261]
[1616793817.2218244, 1616793819.929974]
[1616793817.3144941, 1616793820.012331]
[1616793817.324511, 1616793820.027033]
[1616793817.2335684, 1616793819.9317484]
[1616793817.1595178, 1616793819.8776052]
[1616793817.6017163, 1616793820.3015711]
[1616793817.4492574, 1616793820.1626592]
[1616793817.719691, 1616793820.4574633]
[1616793817.941568, 1616793820.669975]
[1616793817.6920686, 1616793820.3997958]
[1616793817.7513669, 1616793820.446431]
[1616793817.9566364, 1616793820.6166034]
[1616793818.2926893, 1616793820.9929364]
[1616793818.362736, 1616793821.0407639]
[1616793818.3835044, 1616793821.083429]
[1616793818.5930493, 1616793821.287157]
[1616793818.42086, 1616793821.129177]
[1616793818.4635587, 1616793821.1614773]
[1616793818.5962121, 1616793821.3064504]
[1616793818.654729, 1616793821.3936462]
[1616793818.8810322, 1616793821.5928829]
[1616793818.952392, 1616793821.6188517]
[1616793818.874961, 1616793821.6330533]
[1616793819.17323, 1616793821.8876154]
[1616793819.0589752, 1616793821.809525]
[1616793819.248083, 1616793821.9599454]
[1616793818.9036417, 1616793821.625972]
[1616793819.2786386, 1616793821.9675052]
[1616793819.242849, 1616793822.131921]
[1616793819.2623003, 1616793821.9606743]
[1616793819.2608042, 1616793821.959656]
[1616793819.3751264, 1616793822.0978968]
[1616793819.5316963, 1616793822.261817]
[1616793819.5312314, 1616793822.2526104]
[1616793819.650252, 1616793822.3721573]
[1616793819.7634587, 1616793822.4700065]
[1616793819.8315911, 1616793822.5399156]
[1616793819.8010378, 1616793822.5510652]
[1616793820.0706527, 1616793822.7550159]
[1616793820.1060107, 1616793822.829217]
[1616793820.058761, 1616793822.771578]
[1616793819.9945612, 1616793822.7177806]
[1616793820.169469, 1616793822.9067204]
[1616793820.029698, 1616793822.7317421]
[1616793820.222788, 1616793822.9069562]
[1616793820.4407556, 1616793823.1473138]
[1616793820.5250533, 1616793823.223317]
[1616793820.638254, 1616793823.3154528]
[1616793820.5212283, 1616793823.2120416]
[1616793820.5609472, 1616793823.2683742]
[1616793820.498177, 1616793823.2198403]
[1616793820.6465359, 1616793823.3576822]
[1616793820.7198439, 1616793823.448941]
[1616793820.7178974, 1616793823.3962793]
[1616793821.2273076, 1616793823.9228303]
[1616793820.7931592, 1616793823.510418]
[1616793820.997849, 1616793823.6850696]
[1616793820.9997783, 1616793823.6954844]
[1616793821.2459872, 1616793823.9464722]
[1616793821.1539316, 1616793823.8742442]
[1616793821.5458567, 1616793824.256812]
[1616793821.4537895, 1616793824.1545837]
[1616793821.5352397, 1616793824.2208385]
[1616793821.355905, 1616793824.2460918]
[1616793821.6803772, 1616793824.4287682]
[1616793821.4516187, 1616793824.2305415]
[1616793821.5903091, 1616793824.352985]
[1616793821.6137068, 1616793824.328966]
[1616793821.7465754, 1616793824.4671168]
[1616793821.957846, 1616793824.6876426]
[1616793822.0451093, 1616793824.7459676]
[1616793822.0665963, 1616793824.7909157]
[1616793822.1465414, 1616793824.8903637]
[1616793822.064638, 1616793824.7641387]
[1616793822.0688584, 1616793824.7760487]
[1616793822.1704965, 1616793824.8611248]
[1616793822.2625277, 1616793825.220132]
[1616793822.5305443, 1616793825.2436752]
[1616793822.3015747, 1616793825.0332737]
[1616793822.4857004, 1616793825.2097547]
[1616793822.4850006, 1616793825.197117]
[1616793822.627923, 1616793825.3738601]
[1616793822.6821227, 1616793825.383419]
[1616793822.729942, 1616793825.455221]
[1616793822.750366, 1616793825.4471133]
[1616793822.9019523, 1616793825.6143522]
[1616793822.9987211, 1616793825.700574]
[1616793823.153844, 1616793825.8760393]
[1616793823.173238, 1616793825.882616]
[1616793823.1295462, 1616793825.8518982]
[1616793823.2587001, 1616793825.9968343]
[1616793823.3026414, 1616793825.9900239]
[1616793823.280708, 1616793825.979889]
[1616793823.5416777, 1616793826.2748756]
[1616793823.2518165, 1616793825.9510002]
[1616793823.557574, 1616793826.2807899]
[1616793823.4214175, 1616793826.1020322]
[1616793823.6462536, 1616793826.3244948]
[1616793823.694163, 1616793826.3838823]
[1616793823.75358, 1616793826.4736958]
[1616793823.6241088, 1616793826.3624191]
[1616793823.853358, 1616793826.549385]
[1616793823.9718487, 1616793826.68316]
[1616793823.868972, 1616793826.5604224]
[1616793823.81434, 1616793826.516789]
[1616793823.9841778, 1616793826.6676795]
[1616793824.085264, 1616793826.7948828]
[1616793824.1106973, 1616793826.832506]
[1616793824.2453263, 1616793827.017343]
[1616793824.1877496, 1616793826.8963099]
[1616793824.1711533, 1616793826.8728294]
[1616793824.2602873, 1616793826.9796286]
[1616793824.4373767, 1616793827.194247]
[1616793824.4463873, 1616793827.1323297]
[1616793824.310858, 1616793827.0221267]
[1616793824.3562932, 1616793827.0725203]
[1616793824.3694022, 1616793827.1253643]
[1616793824.6003866, 1616793827.285272]
[1616793824.5688612, 1616793827.2657871]
[1616793824.7578268, 1616793827.4527977]
[1616793824.7209446, 1616793827.4059546]
[1616793824.5438251, 1616793827.2788737]
[1616793824.8579457, 1616793827.5745409]
[1616793824.7129025, 1616793827.425491]
[1616793824.8321056, 1616793827.541445]
[1616793824.953217, 1616793827.6588323]
[1616793824.940592, 1616793827.7951732]
[1616793825.033633, 1616793827.7569585]
[1616793825.1652503, 1616793827.83686]
[1616793825.1102986, 1616793827.847989]
[1616793825.3338754, 1616793828.0776215]
[1616793825.181285, 1616793827.8330548]
[1616793825.2337573, 1616793828.082076]
[1616793825.404523, 1616793828.1052766]
[1616793825.2129867, 1616793827.939394]
[1616793825.4288542, 1616793828.163271]
[1616793825.5836306, 1616793828.323286]
[1616793825.7006671, 1616793828.421053]
[1616793825.609342, 1616793828.3146899]
[1616793825.4466581, 1616793828.1696928]
[1616793825.6356037, 1616793828.346824]
[1616793825.672664, 1616793828.3120692]
[1616793825.8009884, 1616793828.522622]
[1616793825.786178, 1616793828.483865]
[1616793825.8764544, 1616793828.610118]
[1616793825.9222605, 1616793828.6223037]
[1616793825.9641566, 1616793828.6762888]
[1616793825.8848925, 1616793828.5965874]
[1616793826.0439327, 1616793828.717636]
[1616793826.0252354, 1616793828.7663598]
[1616793826.1212182, 1616793828.7519486]
[1616793826.2251794, 1616793828.936565]
[1616793826.0498576, 1616793828.754531]
[1616793826.3574505, 1616793829.043873]
[1616793826.1136553, 1616793828.8016555]
[1616793826.4803236, 1616793829.2078798]
[1616793826.3686037, 1616793829.0828247]
[1616793826.4027755, 1616793829.0885417]
[1616793826.502204, 1616793829.1993587]
[1616793826.501436, 1616793829.2178774]
[1616793826.5250957, 1616793829.2278268]
[1616793826.509282, 1616793829.1183856]
[1616793826.6080666, 1616793829.2984507]
[1616793826.566987, 1616793829.270344]
[1616793826.8079329, 1616793829.527108]
[1616793826.7405562, 1616793829.4313269]
[1616793826.7600589, 1616793829.4005718]
[1616793826.7888498, 1616793829.4612286]
[1616793826.7010942, 1616793829.4124222]
[1616793826.9754307, 1616793829.672288]
[1616793826.9050374, 1616793829.6289437]
[1616793827.1201212, 1616793829.8377993]
[1616793827.1291325, 1616793829.8735073]
[1616793827.0476863, 1616793829.7563992]
[1616793827.2372363, 1616793830.0051913]
[1616793827.2593927, 1616793830.0103896]
[1616793827.2048628, 1616793829.9691448]
[1616793827.1635458, 1616793829.84589]
[1616793827.3100522, 1616793830.0126352]
[1616793827.518227, 1616793830.2048993]
[1616793827.411884, 1616793830.1384144]
[1616793827.3154857, 1616793830.0255895]
[1616793827.6774843, 1616793830.383771]
[1616793827.3953714, 1616793830.0891297]
[1616793827.5558512, 1616793830.2706156]
[1616793827.7329724, 1616793830.4853024]
[1616793827.654882, 1616793830.3586597]
[1616793827.7157643, 1616793830.4351642]
[1616793827.727578, 1616793830.4485466]
[1616793827.7422402, 1616793830.4847653]
[1616793827.9335952, 1616793830.677473]
[1616793828.0104852, 1616793830.653314]
[1616793827.934678, 1616793830.6558754]
[1616793828.187747, 1616793830.9026513]
[1616793828.2062237, 1616793830.9047575]
[1616793828.0053353, 1616793830.7119641]
[1616793828.1971247, 1616793830.9376748]
[1616793828.3611267, 1616793831.0751352]
[1616793828.2836015, 1616793831.0010645]
[1616793828.269071, 1616793830.9947398]
[1616793828.629972, 1616793831.3398175]
[1616793828.487427, 1616793831.2075248]
[1616793828.3503246, 1616793831.0700417]
[1616793828.489975, 1616793831.1999376]
[1616793828.8695803, 1616793831.5577254]
[1616793828.5859516, 1616793831.2895153]
[1616793828.5505302, 1616793831.2804692]
[1616793828.6502612, 1616793831.3729203]
[1616793828.711779, 1616793831.428961]
[1616793828.8731248, 1616793831.5168352]
[1616793828.7769918, 1616793831.484249]
[1616793828.7740278, 1616793831.4815629]
[1616793828.9957638, 1616793831.7128875]
[1616793828.9976726, 1616793831.682925]
[1616793829.2453616, 1616793831.974836]
[1616793829.1829412, 1616793831.8740387]
[1616793829.1598318, 1616793831.759193]
[1616793829.2250972, 1616793831.9596686]
[1616793829.4905984, 1616793832.1693163]
[1616793829.413364, 1616793832.0652952]
[1616793829.609917, 1616793832.3229406]
[1616793829.6140285, 1616793832.2853804]
[1616793829.610506, 1616793832.3205066]
[1616793829.6181834, 1616793832.3438509]
[1616793829.5135672, 1616793832.1983328]
[1616793829.795601, 1616793832.493984]
[1616793829.833274, 1616793832.5521693]
[1616793829.872374, 1616793832.5617607]
[1616793829.7723374, 1616793832.4873967]
[1616793830.023341, 1616793832.6988401]
[1616793829.8400655, 1616793832.5810156]
[1616793829.9710226, 1616793832.6841407]
[1616793830.2229517, 1616793832.9376225]
[1616793829.9379013, 1616793832.7597928]
[1616793830.1747127, 1616793832.8773704]
[1616793830.1051767, 1616793832.8062158]
[1616793830.2325656, 1616793832.9742901]
[1616793830.2064736, 1616793832.9426298]
[1616793830.2232058, 1616793832.900573]
[1616793830.2725291, 1616793833.0277276]
[1616793830.4669209, 1616793833.185337]
[1616793830.5450168, 1616793833.2880266]
[1616793830.5396059, 1616793833.2594447]
[1616793830.857778, 1616793833.543029]
[1616793830.9207919, 1616793833.6301246]
[1616793830.6654618, 1616793833.346153]
[1616793830.6892529, 1616793833.4236856]
[1616793830.582464, 1616793833.2934875]
[1616793830.7046256, 1616793833.3632472]
[1616793830.748572, 1616793833.4715092]
[1616793830.9734352, 1616793833.697085]
[1616793831.0338037, 1616793833.7766104]
[1616793831.0722234, 1616793833.7728574]
[1616793830.9644177, 1616793833.7123594]
[1616793831.1480722, 1616793833.8671043]
[1616793831.2130158, 1616793833.9025223]
[1616793831.06204, 1616793833.7923307]
[1616793831.1426404, 1616793833.8563879]
[1616793831.2977016, 1616793834.0060813]
[1616793831.286848, 1616793833.9969928]
[1616793831.7156985, 1616793834.407729]
[1616793831.1522546, 1616793833.867071]
[1616793831.2289784, 1616793833.9471433]
[1616793831.3948994, 1616793834.1306999]
[1616793831.728218, 1616793834.4404619]
[1616793831.563345, 1616793834.254568]
[1616793831.5998137, 1616793834.231714]
[1616793831.8572683, 1616793834.5766802]
[1616793831.9695237, 1616793834.7048635]
[1616793831.837996, 1616793834.4578156]
[1616793831.873275, 1616793834.567572]
[1616793831.9707065, 1616793834.6692626]
[1616793831.8548217, 1616793834.5660737]
[1616793832.0240898, 1616793834.7324626]
[1616793832.0417829, 1616793834.7599978]
[1616793832.06924, 1616793834.7262726]
[1616793831.9391358, 1616793834.6344688]
[1616793832.1104927, 1616793834.7701979]
[1616793832.016065, 1616793834.7197123]
[1616793832.1208766, 1616793834.8276176]
[1616793832.4410725, 1616793835.1474054]
[1616793832.35676, 1616793835.0445845]
[1616793832.615445, 1616793835.3645215]
[1616793832.473365, 1616793835.1805384]
[1616793832.6532426, 1616793835.340707]
[1616793832.8816466, 1616793835.6202803]
[1616793832.8651721, 1616793835.5634513]
[1616793832.6927104, 1616793835.4325836]
[1616793832.8889778, 1616793835.5836556]
[1616793832.9885173, 1616793835.7301848]
[1616793832.9689395, 1616793835.7001774]
[1616793833.0314007, 1616793835.7365115]
[1616793833.0639393, 1616793835.8045356]
[1616793833.3484325, 1616793836.062214]
[1616793832.8898532, 1616793835.5704231]
[1616793833.236594, 1616793835.9358022]
[1616793833.1569943, 1616793835.8696213]
[1616793833.0913036, 1616793835.7623208]
[1616793833.2272565, 1616793835.9504488]
[1616793833.5488517, 1616793836.2242937]
[1616793833.564051, 1616793836.3193254]
[1616793833.3620515, 1616793836.0413494]
[1616793833.3811336, 1616793836.0415063]
[1616793833.651455, 1616793836.3564658]
[1616793833.7777863, 1616793836.5243182]
[1616793833.5475495, 1616793836.26003]
[1616793833.585469, 1616793836.3166976]
[1616793833.8286054, 1616793836.5398877]
[1616793834.0216553, 1616793836.73337]
[1616793833.6150255, 1616793836.3398356]
[1616793834.104452, 1616793836.8001602]
[1616793833.9820597, 1616793836.692989]
[1616793834.028845, 1616793836.7381582]
[1616793834.2115204, 1616793836.9385986]
[1616793834.2235472, 1616793836.948984]
[1616793834.1314223, 1616793836.8491023]
[1616793834.329526, 1616793837.0548134]
[1616793834.3689156, 1616793836.9962418]
[1616793834.4009244, 1616793837.1106534]
[1616793834.5335727, 1616793837.146505]
[1616793834.6558907, 1616793837.3459585]
[1616793834.5526395, 1616793837.2440627]
[1616793834.669251, 1616793837.3666399]
[1616793834.546113, 1616793837.270728]
[1616793834.7701263, 1616793837.4935772]
[1616793834.611759, 1616793837.3188808]
[1616793834.6096609, 1616793837.3417137]
[1616793834.8287377, 1616793837.49559]
[1616793835.0858169, 1616793837.8251538]
[1616793834.9738588, 1616793837.704937]
[1616793834.9925988, 1616793837.6991982]
[1616793835.0033634, 1616793837.6426234]
[1616793835.0331666, 1616793837.7294664]
[1616793835.0711572, 1616793837.768044]
[1616793835.2118165, 1616793837.9353242]
[1616793835.2938027, 1616793837.9874501]
[1616793835.3336034, 1616793838.0632522]
[1616793835.5419881, 1616793838.277793]
[1616793835.257594, 1616793837.974976]
[1616793835.535886, 1616793838.2495675]
[1616793835.6367922, 1616793838.4060607]
[1616793835.8449957, 1616793838.53626]
[1616793835.8043451, 1616793838.5325801]
[1616793835.7628267, 1616793838.4893272]
[1616793835.807438, 1616793838.5056694]
[1616793836.0498767, 1616793838.701695]
[1616793835.5770433, 1616793838.3137584]
[1616793835.61024, 1616793838.2881818]
[1616793835.8375041, 1616793838.584787]
[1616793835.7850006, 1616793838.4748912]
[1616793835.8044767, 1616793838.5347023]
[1616793836.0266306, 1616793838.7379131]
[1616793836.0080287, 1616793838.71052]
[1616793836.1945431, 1616793838.9198864]
[1616793836.207457, 1616793838.9410353]
[1616793836.001768, 1616793838.739179]
[1616793836.049184, 1616793838.7408164]
[1616793836.190676, 1616793838.9000435]
[1616793836.2880244, 1616793839.0082772]
[1616793836.224356, 1616793838.8921874]
[1616793836.1607056, 1616793838.874299]
[1616793836.4695227, 1616793839.206903]
[1616793836.3631046, 1616793839.0661554]
[1616793836.458085, 1616793839.2164593]
[1616793836.3874454, 1616793839.1072636]
[1616793836.545553, 1616793839.264048]
[1616793836.7859008, 1616793839.500877]
[1616793836.7342513, 1616793839.4732401]
[1616793836.9454203, 1616793839.6683075]
[1616793836.8560803, 1616793839.6101904]
[1616793836.868447, 1616793839.5414047]
[1616793836.7062314, 1616793839.4207733]
[1616793837.0972886, 1616793839.7154167]
[1616793837.1533163, 1616793839.8478723]
[1616793836.9203494, 1616793839.6077685]
[1616793837.0617464, 1616793839.7496798]
[1616793837.1527884, 1616793839.7659748]
[1616793837.171463, 1616793839.883768]
[1616793837.6219976, 1616793840.2886844]
[1616793837.3292315, 1616793840.0411186]
[1616793837.2457225, 1616793839.926638]
[1616793837.4392614, 1616793840.1609788]
[1616793837.52357, 1616793840.1734688]
[1616793837.463162, 1616793840.1454136]
[1616793837.5862136, 1616793840.2964802]
[1616793837.4835114, 1616793840.2277572]
[1616793837.7158265, 1616793840.4361784]
[1616793837.7204483, 1616793840.4326544]
[1616793837.9698908, 1616793840.6739573]
[1616793837.739772, 1616793840.4365997]
[1616793837.618043, 1616793840.324734]
[1616793837.7946477, 1616793840.5069473]
[1616793837.8236609, 1616793840.5108595]
[1616793837.8052785, 1616793840.453726]
[1616793837.9905748, 1616793840.692774]
[1616793838.0131302, 1616793840.725396]
[1616793838.1114876, 1616793840.8059072]
[1616793838.0168338, 1616793840.7509315]
[1616793838.1043015, 1616793840.8346639]
[1616793838.5053005, 1616793841.20858]
[1616793838.4203374, 1616793841.0554757]
[1616793838.4083252, 1616793841.1365607]
[1616793838.4098847, 1616793841.1371765]
[1616793838.450735, 1616793841.184531]
[1616793838.4726949, 1616793841.16481]
[1616793838.3424428, 1616793841.056229]
[1616793838.417569, 1616793841.177071]
[1616793838.4783332, 1616793841.1343358]
[1616793838.4071105, 1616793841.0952394]
[1616793838.6987672, 1616793841.4417048]
[1616793838.8273845, 1616793841.563288]
[1616793838.7861013, 1616793841.4641316]
[1616793838.995991, 1616793841.6781843]
[1616793838.8732314, 1616793841.6129198]
[1616793838.9646585, 1616793841.6912014]
[1616793838.9937336, 1616793841.7201676]
[1616793839.0012178, 1616793841.7059216]
[1616793838.9895241, 1616793841.7107875]
[1616793839.2560627, 1616793842.054347]
[1616793839.3567746, 1616793842.084123]
[1616793839.2978847, 1616793842.0278475]
[1616793839.3990035, 1616793842.1073875]
[1616793839.2073495, 1616793841.9264503]
[1616793839.282252, 1616793842.0014744]
[1616793839.4148278, 1616793842.1083558]
[1616793839.5414004, 1616793842.2531457]
[1616793839.4273283, 1616793842.062109]
[1616793839.6362352, 1616793842.359464]
[1616793839.5755253, 1616793842.2638361]
[1616793839.7660952, 1616793842.3981054]
[1616793839.6555517, 1616793842.3558233]
[1616793840.0165608, 1616793842.7345092]
[1616793839.8567328, 1616793842.5600424]
[1616793840.0875864, 1616793842.813617]
[1616793839.8693864, 1616793842.4675655]
[1616793839.7625165, 1616793842.4494817]
[1616793839.870124, 1616793842.5974607]
[1616793839.9500208, 1616793842.6287744]
[1616793840.2048712, 1616793842.8743773]
[1616793840.2372644, 1616793842.9746082]
[1616793840.2590928, 1616793842.9663382]
[1616793840.353577, 1616793843.038357]
[1616793840.340417, 1616793843.0449848]
[1616793840.2051678, 1616793842.904159]
[1616793840.2215827, 1616793842.92668]
[1616793840.1466613, 1616793842.8839035]
[1616793840.3108978, 1616793843.0177703]
[1616793840.4577565, 1616793843.1800385]
[1616793840.6456552, 1616793843.3524559]
[1616793840.6079724, 1616793843.2696786]
[1616793840.5651622, 1616793843.271871]
[1616793840.7552376, 1616793843.4919765]
[1616793840.7898438, 1616793843.5038538]
[1616793840.7020197, 1616793843.4048924]
[1616793840.5293558, 1616793843.2038023]
[1616793840.7945032, 1616793843.4772832]
[1616793840.9865415, 1616793843.6565368]
[1616793840.7772436, 1616793843.480364]
[1616793840.7560444, 1616793843.4802408]
[1616793840.862004, 1616793843.585353]
[1616793841.052521, 1616793843.7822356]
[1616793841.0098102, 1616793843.7313929]
[1616793841.1455858, 1616793843.8669355]
[1616793841.3732553, 1616793844.0507867]
[1616793841.3429115, 1616793844.0930986]
[1616793841.13333, 1616793843.813718]
[1616793841.2679906, 1616793844.0176182]
[1616793841.338372, 1616793844.0305884]
[1616793841.2319667, 1616793843.9522493]
[1616793841.4010518, 1616793844.0719771]
[1616793841.2181287, 1616793844.055138]
[1616793841.4807813, 1616793844.1561697]
[1616793841.5980248, 1616793844.3127234]
[1616793841.6324499, 1616793844.3440704]
[1616793841.7209103, 1616793844.475314]
[1616793841.9644172, 1616793844.6077528]
[1616793841.5621595, 1616793844.3135273]
[1616793841.796183, 1616793844.5026665]
[1616793841.9281785, 1616793844.5970361]
[1616793841.898411, 1616793844.6153784]
[1616793841.9419875, 1616793844.6651018]
[1616793841.9047961, 1616793844.6182513]
[1616793841.9869113, 1616793844.688638]
[1616793842.1641507, 1616793844.8560772]
[1616793842.0859106, 1616793844.7138307]
[1616793842.4843698, 1616793845.0958374]
[1616793842.272515, 1616793844.9588213]
[1616793842.2403955, 1616793844.9481802]
[1616793842.3077362, 1616793845.0240552]
[1616793842.3520367, 1616793845.0557652]
[1616793842.5354958, 1616793845.2783477]
[1616793842.5697365, 1616793845.2644627]
[1616793842.63447, 1616793845.3485153]
[1616793842.4032671, 1616793845.136194]
[1616793842.5748966, 1616793845.2113047]
[1616793842.5918384, 1616793845.3351982]
[1616793842.7919781, 1616793845.5155177]
[1616793842.6420147, 1616793845.3436115]
[1616793842.5745447, 1616793845.2659192]
[1616793843.00646, 1616793845.7288535]
[1616793843.0085394, 1616793845.7217944]
[1616793843.180851, 1616793845.9417565]
[1616793842.910319, 1616793845.6212368]
[1616793842.9463706, 1616793845.6259756]
[1616793843.1444244, 1616793845.8758674]
[1616793843.105811, 1616793845.817258]
[1616793843.2264266, 1616793845.9084895]
[1616793843.3130863, 1616793845.9569485]
[1616793843.1153145, 1616793845.7965844]
[1616793843.3103328, 1616793846.02755]
[1616793843.7619514, 1616793846.5100563]
[1616793843.4811554, 1616793846.1891825]
[1616793843.5260205, 1616793846.2291791]
[1616793843.5299377, 1616793846.2313638]
[1616793843.4939804, 1616793846.2321315]
[1616793843.6409645, 1616793846.3612683]
[1616793843.587033, 1616793846.2786226]
[1616793843.72398, 1616793846.388999]
[1616793843.600298, 1616793846.3197527]
[1616793843.5677872, 1616793846.2785587]
[1616793843.8712223, 1616793846.6062827]
[1616793843.965003, 1616793846.6906748]
[1616793844.0087476, 1616793846.7208836]
[1616793844.0602963, 1616793846.7237504]
[1616793844.014528, 1616793846.7545538]
[1616793844.0182924, 1616793846.7146368]
[1616793844.2493966, 1616793846.9824405]
[1616793844.0917397, 1616793846.7672796]
[1616793844.2462223, 1616793846.9418395]
[1616793844.2885191, 1616793846.9620295]
[1616793844.208773, 1616793846.9539998]
[1616793844.1751456, 1616793846.8521686]
[1616793844.208935, 1616793846.9192133]
[1616793844.4242482, 1616793847.1479154]
[1616793844.4519634, 1616793847.151944]
[1616793844.6487887, 1616793847.361828]
[1616793844.412622, 1616793847.161751]
[1616793844.7057872, 1616793847.4219232]
[1616793844.3758814, 1616793847.1064796]
[1616793844.8522596, 1616793847.4797652]
[1616793844.787092, 1616793847.4972684]
[1616793844.9301662, 1616793847.609263]
[1616793844.9048135, 1616793847.6066806]
[1616793844.700285, 1616793847.3934722]
[1616793844.7697232, 1616793847.40698]
[1616793845.3520663, 1616793848.0427997]
[1616793845.0121226, 1616793847.7167587]
[1616793845.1264796, 1616793847.7647462]
[1616793845.0826075, 1616793847.7862365]
[1616793845.0830178, 1616793847.791904]
[1616793845.1897988, 1616793847.9326587]
[1616793844.9385335, 1616793847.6418064]
[1616793845.3913753, 1616793848.128722]
[1616793845.2608664, 1616793847.9181952]
[1616793845.3918338, 1616793848.1083097]
[1616793845.4068604, 1616793848.114967]
[1616793845.3350177, 1616793848.0260515]
[1616793845.3553734, 1616793848.079825]
[1616793845.5625162, 1616793848.2995434]
[1616793845.553419, 1616793848.277802]
[1616793845.5666442, 1616793848.2937899]
[1616793845.6889243, 1616793848.4156945]
[1616793845.5387325, 1616793848.2681031]
[1616793845.809634, 1616793848.4790797]
[1616793845.984001, 1616793848.6282163]
[1616793845.6766138, 1616793848.354049]
[1616793845.9428244, 1616793848.6509814]
[1616793845.783912, 1616793848.5018072]
[1616793845.9264984, 1616793848.6336725]
[1616793846.0940988, 1616793848.788402]
[1616793845.9205308, 1616793848.609216]
[1616793846.1674693, 1616793848.935171]
[1616793846.2268171, 1616793848.9336452]
[1616793846.3853974, 1616793849.101798]
[1616793846.29903, 1616793849.0198195]
[1616793846.4427385, 1616793849.1057634]
[1616793846.5152812, 1616793849.284065]
[1616793846.297367, 1616793848.9728496]
[1616793846.640807, 1616793849.3612168]
[1616793846.6646137, 1616793849.3775077]
[1616793846.5526123, 1616793849.2589867]
[1616793846.6575642, 1616793849.3564353]
[1616793846.869163, 1616793849.557281]
[1616793846.560949, 1616793849.291964]
[1616793846.9397655, 1616793849.6958687]
[1616793847.113709, 1616793849.832272]
[1616793846.972851, 1616793849.6179814]
[1616793847.0127327, 1616793849.699872]
[1616793846.7933555, 1616793849.4767382]
[1616793846.9277394, 1616793849.621426]
[1616793846.990107, 1616793849.7167966]
[1616793847.148317, 1616793849.823231]
[1616793847.0181406, 1616793849.675529]
[1616793846.9901958, 1616793849.7276192]
[1616793847.448631, 1616793850.088367]
[1616793847.3542337, 1616793850.073053]
[1616793847.435338, 1616793850.1679647]
[1616793847.2681808, 1616793850.0061986]
[1616793847.3477948, 1616793850.0611594]
[1616793847.5924554, 1616793850.3130348]
[1616793847.8644886, 1616793850.5793865]
[1616793847.714792, 1616793850.3573446]
[1616793847.6823735, 1616793850.3584425]
[1616793847.7589972, 1616793850.442864]
[1616793847.6925929, 1616793850.3803155]
[1616793847.6764526, 1616793850.3822885]
[1616793847.8643057, 1616793850.5689173]
[1616793848.0570343, 1616793850.7350104]
[1616793847.7751184, 1616793850.3996024]
[1616793847.9693193, 1616793850.6833074]
[1616793847.8909757, 1616793850.5889487]
[1616793848.2191079, 1616793850.9192424]
[1616793847.9242213, 1616793850.5643494]
[1616793848.1077569, 1616793850.8293974]
[1616793848.2623358, 1616793850.9601734]
[1616793848.1704922, 1616793850.9083688]
[1616793848.4320836, 1616793851.1338634]
[1616793848.2716541, 1616793850.9856267]
[1616793848.3419344, 1616793851.0676851]
[1616793848.1901934, 1616793850.9109137]
[1616793848.4296587, 1616793851.1225915]
[1616793848.356992, 1616793851.1034086]
[1616793848.4784677, 1616793851.1975574]
[1616793848.5798516, 1616793851.287497]
[1616793848.560701, 1616793851.2391589]
[1616793848.859002, 1616793851.561905]
[1616793848.6145606, 1616793851.3106382]
[1616793848.6702979, 1616793851.384495]
[1616793848.768378, 1616793851.4260974]
[1616793848.689286, 1616793851.4086137]
[1616793848.778002, 1616793851.462509]
[1616793848.8785076, 1616793851.5954459]
[1616793848.906511, 1616793851.611464]
[1616793848.9593155, 1616793851.7099028]
[1616793848.9810934, 1616793851.6594856]
[1616793849.2517836, 1616793851.9545112]
[1616793849.2030683, 1616793851.8992033]
[1616793849.1549628, 1616793851.854103]
[1616793849.1401756, 1616793851.8284802]
[1616793849.4637175, 1616793852.1807618]
[1616793848.928481, 1616793851.6318073]
[1616793849.3692877, 1616793852.075663]
[1616793849.3265955, 1616793852.0413136]
[1616793849.4086976, 1616793852.0948188]
[1616793849.3887954, 1616793852.1092458]
[1616793849.5371385, 1616793852.2269318]
[1616793849.479649, 1616793852.1847243]
[1616793849.6760778, 1616793852.4411895]
[1616793849.761128, 1616793852.5085964]
[1616793849.613165, 1616793852.3231428]
[1616793849.6068072, 1616793852.2757885]
[1616793849.9332066, 1616793852.6742513]
[1616793849.731936, 1616793852.4644156]
[1616793848.529245, 1616793851.2651885]
[1616793849.8051353, 1616793852.5034535]
[1616793850.1261036, 1616793852.766536]
[1616793850.0157359, 1616793852.7439966]
[1616793850.0265486, 1616793852.705997]
[1616793850.2453334, 1616793852.9616308]
[1616793850.2437932, 1616793852.965821]
[1616793850.3262732, 1616793853.03603]
[1616793850.2754374, 1616793853.0666778]
[1616793850.5045042, 1616793853.1439564]
[1616793850.5603583, 1616793853.264498]
[1616793850.5879428, 1616793853.3087537]
[1616793850.6884453, 1616793853.405751]
[1616793850.509569, 1616793853.2161336]
[1616793850.4527555, 1616793853.1541998]
[1616793850.9409184, 1616793853.6597304]
[1616793850.7812734, 1616793853.4560199]
[1616793850.7099571, 1616793853.4200716]
[1616793850.9044569, 1616793853.5464635]
[1616793850.8770788, 1616793853.6032856]
[1616793850.877114, 1616793853.5843606]
[1616793850.9386706, 1616793853.681107]
[1616793851.1650147, 1616793853.8623075]
[1616793850.9175384, 1616793853.629891]
[1616793851.2605195, 1616793853.9685843]
[1616793851.3082585, 1616793854.0271094]
[1616793851.252279, 1616793853.9449856]
[1616793851.0089164, 1616793853.7097204]
[1616793851.5255682, 1616793854.2348628]
[1616793851.5175486, 1616793854.2057183]
[1616793851.1790786, 1616793853.8509257]
[1616793851.5228243, 1616793854.192679]
[1616793851.3561866, 1616793854.0458283]
[1616793851.6745393, 1616793854.3594315]
[1616793851.824686, 1616793854.5575266]
[1616793851.5684755, 1616793854.2776158]
[1616793851.8053136, 1616793854.5463345]
[1616793851.7020485, 1616793854.4108427]
[1616793851.6850119, 1616793854.3831038]
[1616793851.8771515, 1616793854.5887117]
[1616793851.9797266, 1616793854.6813831]
[1616793851.8343086, 1616793854.5030713]
[1616793852.123474, 1616793854.8396878]
[1616793852.1461337, 1616793854.8523695]
[1616793852.0386944, 1616793854.7443452]
[1616793852.083114, 1616793854.7984035]
[1616793851.9762642, 1616793854.6659508]
[1616793852.175914, 1616793854.8876555]
[1616793852.2275245, 1616793854.9363942]
[1616793852.1674035, 1616793854.8970711]
[1616793852.2143533, 1616793854.9317489]
[1616793852.2513218, 1616793854.9340317]
[1616793852.2877011, 1616793854.9500332]
[1616793852.3400335, 1616793855.0728507]
[1616793852.3335462, 1616793855.0353916]
[1616793852.4264457, 1616793855.1686537]
[1616793852.4376898, 1616793855.1253889]
[1616793852.710849, 1616793855.401948]
[1616793852.7721496, 1616793855.4218843]
[1616793852.7138257, 1616793855.4318075]
[1616793852.7389424, 1616793855.4728231]
[1616793852.7650383, 1616793855.5118616]
[1616793852.8179288, 1616793855.5038855]
[1616793852.9540377, 1616793855.6863828]
[1616793853.0283535, 1616793855.7418196]
[1616793852.9854693, 1616793855.7027783]
[1616793853.101563, 1616793855.7896113]
[1616793853.0438704, 1616793855.7467628]
[1616793853.059943, 1616793855.7683308]
[1616793853.3370829, 1616793856.0477703]
[1616793853.3549469, 1616793856.0619261]
[1616793853.3411188, 1616793856.0306094]
[1616793853.5226011, 1616793856.2385926]
[1616793853.646833, 1616793856.3326068]
[1616793853.4860954, 1616793856.1778436]
[1616793853.5095148, 1616793856.2090983]
[1616793853.6101694, 1616793856.3291593]
[1616793853.5288846, 1616793856.2232234]
[1616793853.5391884, 1616793856.1709566]
[1616793853.6409783, 1616793856.3525407]
[1616793853.6941993, 1616793856.4640393]
[1616793853.7708387, 1616793856.4824328]
[1616793853.899768, 1616793856.5799174]
[1616793854.020729, 1616793856.6976392]
[1616793854.0472867, 1616793856.772869]
[1616793854.0789168, 1616793856.7721639]
[1616793853.8836188, 1616793856.6091456]
[1616793854.1172028, 1616793856.7539372]
[1616793854.2352376, 1616793856.9242854]
[1616793854.0839834, 1616793856.8068676]
[1616793853.990431, 1616793856.7025871]
[1616793854.15649, 1616793856.8430228]
[1616793854.2022467, 1616793856.8617783]
[1616793854.2393808, 1616793856.8904214]
[1616793854.4584167, 1616793857.1360028]
[1616793854.396644, 1616793857.0876174]
[1616793854.4712307, 1616793857.182798]
[1616793854.4413245, 1616793857.1591408]
[1616793854.463927, 1616793857.1569853]
[1616793854.5744863, 1616793857.3054273]
[1616793854.6810224, 1616793857.4080443]
[1616793854.785043, 1616793857.4893098]
[1616793854.6289103, 1616793857.3360703]
[1616793854.6673815, 1616793857.4051428]
[1616793854.7564902, 1616793857.4833822]
[1616793854.673123, 1616793857.3532805]
[1616793854.6712449, 1616793857.3792365]
[1616793854.896123, 1616793857.6235313]
[1616793854.816146, 1616793857.5255766]
[1616793854.9461174, 1616793857.6574347]
[1616793854.976507, 1616793857.6360211]
[1616793855.2763186, 1616793857.9667287]
[1616793855.1291854, 1616793857.8718674]
[1616793854.8169274, 1616793857.4841275]
[1616793855.1298413, 1616793857.8034458]
[1616793855.3056664, 1616793857.9889]
[1616793855.319637, 1616793858.0439904]
[1616793855.5355093, 1616793858.2923317]
[1616793855.5351567, 1616793858.2212749]
[1616793855.2757022, 1616793857.99128]
[1616793855.4368262, 1616793858.0798702]
[1616793855.3471305, 1616793858.0694964]
[1616793855.6960723, 1616793858.4357123]
[1616793855.723579, 1616793858.4572914]
[1616793855.590597, 1616793858.3426309]
[1616793855.7700856, 1616793858.485359]
[1616793855.833468, 1616793858.5289283]
[1616793855.7295918, 1616793858.4604738]
[1616793855.985804, 1616793858.6680193]
[1616793855.8477318, 1616793858.5474122]
[1616793855.9154975, 1616793858.6277575]
[1616793856.1181748, 1616793858.8266997]
[1616793856.1567533, 1616793858.8668487]
[1616793856.2156634, 1616793858.915225]
[1616793856.190233, 1616793858.8730345]
[1616793856.2636633, 1616793858.9450617]
[1616793856.252557, 1616793858.964325]
[1616793856.326013, 1616793859.0103023]
[1616793856.2722266, 1616793858.8935573]
[1616793856.378196, 1616793859.0923462]
[1616793856.4048784, 1616793859.1064804]
[1616793856.430942, 1616793859.21772]
[1616793856.6344688, 1616793859.2998846]
[1616793856.629333, 1616793859.3462331]
[1616793856.666399, 1616793859.3952146]
[1616793856.4619784, 1616793859.172428]
[1616793856.7046585, 1616793859.3831766]
[1616793856.4986255, 1616793859.2205136]
[1616793857.119109, 1616793859.8035946]
[1616793856.8221748, 1616793859.5118177]
[1616793857.1082597, 1616793859.8020947]
[1616793856.8004909, 1616793859.5206041]
[1616793857.3203638, 1616793859.9766374]
[1616793857.2464993, 1616793859.9311407]
[1616793857.2129447, 1616793859.9259489]
[1616793857.3920734, 1616793860.0816135]
[1616793857.2197933, 1616793859.9113495]
[1616793857.3474674, 1616793859.999875]
[1616793857.3066125, 1616793859.9573069]
[1616793857.165411, 1616793859.8551972]
[1616793857.3756638, 1616793860.0522819]
[1616793857.468548, 1616793860.2332568]
[1616793857.3120313, 1616793860.032753]
[1616793857.388531, 1616793860.0930755]
[1616793857.5821216, 1616793860.2920167]
[1616793857.3464682, 1616793860.0470495]
[1616793857.4291193, 1616793860.162899]
[1616793857.766437, 1616793860.5068307]
[1616793857.9767022, 1616793860.6682112]
[1616793857.7978964, 1616793860.5251527]
[1616793857.8979833, 1616793860.6410403]
[1616793858.0022845, 1616793860.722675]
[1616793857.9614923, 1616793860.6389446]
[1616793858.2537446, 1616793860.9560547]
[1616793857.9792542, 1616793860.6874194]
[1616793858.1675663, 1616793860.87483]
[1616793858.196443, 1616793860.9035647]
[1616793858.1226869, 1616793860.7592926]
[1616793858.3800077, 1616793861.1122017]
[1616793858.0471184, 1616793860.7237587]
[1616793858.1432552, 1616793860.8689525]
[1616793858.5057247, 1616793861.2109742]
[1616793858.3154855, 1616793861.0651426]
[1616793858.4647534, 1616793861.1828148]
[1616793858.6509688, 1616793861.3448946]
[1616793858.608612, 1616793861.3109095]
[1616793858.4871657, 1616793861.2151616]
[1616793858.6474319, 1616793861.3595667]
[1616793858.6818314, 1616793861.3596556]
[1616793858.8266127, 1616793861.4876275]
[1616793858.8645005, 1616793861.5652456]
[1616793858.7981803, 1616793861.546765]
[1616793858.966794, 1616793861.6460614]
[1616793859.0845444, 1616793861.7962608]
[1616793858.896197, 1616793861.5550494]
[1616793859.20426, 1616793861.9202373]
[1616793859.1258178, 1616793861.827875]
[1616793859.1939018, 1616793861.8946595]
[1616793859.015574, 1616793861.698001]
[1616793859.1178703, 1616793861.8145804]
[1616793859.1033185, 1616793861.8136473]
[1616793859.2492416, 1616793861.9691093]
[1616793859.1680937, 1616793861.793691]
[1616793859.237615, 1616793861.9561691]
[1616793859.4527287, 1616793862.2008824]
[1616793859.5136786, 1616793862.183738]
[1616793859.5583189, 1616793862.2700005]
[1616793859.5998747, 1616793862.3019214]
[1616793859.80266, 1616793862.437093]
[1616793859.6544962, 1616793862.314444]
[1616793859.892714, 1616793862.5850494]
[1616793859.795292, 1616793862.5127485]
[1616793859.89732, 1616793862.5869684]
[1616793859.6474004, 1616793862.3433716]
[1616793859.8326275, 1616793862.51812]
[1616793860.1924, 1616793862.9197586]
[1616793859.8343961, 1616793862.540416]
[1616793859.9093137, 1616793862.6176062]
[1616793860.1070554, 1616793862.803265]
[1616793860.0396473, 1616793862.7567515]
[1616793860.251731, 1616793862.9848871]
[1616793860.4143064, 1616793863.0938754]
[1616793860.5397453, 1616793863.214828]
[1616793860.302848, 1616793863.018978]
[1616793860.3549635, 1616793863.0440834]
[1616793860.425385, 1616793863.139075]
[1616793860.5195544, 1616793863.2490644]
[1616793860.4612362, 1616793863.1281664]
[1616793860.7682905, 1616793863.3934631]
[1616793860.872487, 1616793863.5662293]
[1616793860.705974, 1616793863.4443562]
[1616793860.9622047, 1616793863.6628888]
[1616793860.6914368, 1616793863.3734303]
[1616793860.9513843, 1616793863.663831]
[1616793861.0025635, 1616793863.7170842]
[1616793861.0341852, 1616793863.7605093]
[1616793861.0337703, 1616793863.7734702]
[1616793860.953263, 1616793863.6775606]
[1616793861.2471163, 1616793863.9620695]
[1616793861.327955, 1616793864.028864]
[1616793861.489607, 1616793864.1823719]
[1616793861.3348427, 1616793864.0565965]
[1616793861.3705316, 1616793864.0587988]
[1616793861.1899865, 1616793863.916763]
[1616793861.3895755, 1616793864.0983672]
[1616793861.4335237, 1616793864.1738317]
[1616793861.5462651, 1616793864.2148266]
[1616793861.3868656, 1616793864.1094365]
[1616793861.4240167, 1616793864.1445534]
[1616793861.5585735, 1616793864.3069432]
[1616793861.6266544, 1616793864.331836]
[1616793861.6543012, 1616793864.33004]
[1616793861.9075046, 1616793864.5990207]
[1616793861.9884298, 1616793864.7073226]
[1616793861.8303359, 1616793864.5085077]
[1616793861.8366315, 1616793864.5446227]
[1616793861.771107, 1616793864.4711943]
[1616793862.1012537, 1616793864.809516]
[1616793862.0250442, 1616793864.7303061]
[1616793862.065463, 1616793864.7770245]
[1616793862.1859486, 1616793864.8515427]
[1616793862.1395328, 1616793864.8474467]
[1616793862.469208, 1616793865.1180797]
[1616793862.1579764, 1616793864.7585137]
[1616793862.3476038, 1616793865.0149796]
[1616793862.2325149, 1616793864.9854274]
[1616793862.3837767, 1616793865.1121552]
[1616793862.7508318, 1616793865.4598505]
[1616793862.6725912, 1616793865.3753078]
[1616793862.4999728, 1616793865.1917915]
[1616793862.7458215, 1616793865.451414]
[1616793862.6224563, 1616793865.3331072]
[1616793862.5752532, 1616793865.2703445]
[1616793862.733008, 1616793865.4199634]
[1616793862.7245085, 1616793865.4132435]
[1616793862.8129392, 1616793865.5107906]
[1616793862.9891152, 1616793865.6875253]
[1616793862.943283, 1616793865.6767354]
[1616793863.1024554, 1616793865.7648623]
[1616793862.9465942, 1616793865.6625178]
[1616793863.0046625, 1616793865.738567]
[1616793863.0865755, 1616793865.767303]
[1616793863.0455663, 1616793865.7565877]
[1616793863.1627557, 1616793865.8725107]
[1616793863.1816704, 1616793865.8522663]
[1616793863.2067819, 1616793865.8591177]
[1616793863.248463, 1616793865.9446938]
[1616793863.5048304, 1616793866.1923153]
[1616793863.4531085, 1616793866.1807926]
[1616793863.5417736, 1616793866.2542996]
[1616793863.4386578, 1616793866.076165]
[1616793863.3947423, 1616793866.0804064]
[1616793863.5188768, 1616793866.2137365]
[1616793863.6254044, 1616793866.33824]
[1616793863.4843946, 1616793866.2010574]
[1616793863.9583461, 1616793866.6833003]
[1616793863.6113703, 1616793866.2810357]
[1616793863.7829459, 1616793866.5428407]
[1616793864.0387573, 1616793866.7402105]
[1616793864.145967, 1616793866.8584428]
[1616793863.8328443, 1616793866.5518925]
[1616793864.0148487, 1616793866.7417293]
[1616793863.942834, 1616793866.721876]
[1616793864.1713336, 1616793866.9056675]
[1616793864.2203124, 1616793866.916553]
[1616793864.4409935, 1616793867.119693]
[1616793864.4209688, 1616793867.0947301]
[1616793864.2607753, 1616793866.9273815]
[1616793864.352321, 1616793867.0511236]
[1616793864.27812, 1616793867.01958]
[1616793864.4889708, 1616793867.1812222]
[1616793864.4259133, 1616793867.1665938]
[1616793864.5184493, 1616793867.217233]
[1616793864.6679518, 1616793867.38239]
[1616793864.2971413, 1616793866.98114]
[1616793864.749281, 1616793867.4639676]
[1616793864.9836156, 1616793867.6974401]
[1616793864.9020915, 1616793867.6180277]
[1616793864.9642177, 1616793867.5787714]
[1616793864.949, 1616793867.6495554]
[1616793864.979541, 1616793867.6786153]
[1616793864.8979378, 1616793867.5642045]
[1616793865.1499329, 1616793867.770438]
[1616793865.0403116, 1616793867.6998441]
[1616793864.94882, 1616793867.67503]
[1616793865.0769718, 1616793867.8195257]
[1616793864.9728484, 1616793867.6929874]
[1616793865.5599535, 1616793868.2846246]
[1616793865.1140838, 1616793867.8230958]
[1616793865.2230453, 1616793867.9350736]
[1616793865.412865, 1616793868.130217]
[1616793865.5612473, 1616793868.2780967]
[1616793865.5575767, 1616793868.2659066]
[1616793865.4228232, 1616793868.125101]
[1616793865.4301147, 1616793868.1113007]
[1616793865.7290897, 1616793868.408337]
[1616793865.6090019, 1616793868.3030787]
[1616793865.5616748, 1616793868.278853]
[1616793865.8643248, 1616793868.5332608]
[1616793865.6856942, 1616793868.4250026]
[1616793865.752438, 1616793868.4909382]
[1616793866.0927467, 1616793868.8016136]
[1616793866.106471, 1616793868.7431543]
[1616793866.0211413, 1616793868.700229]
[1616793866.107988, 1616793868.7775028]
[1616793866.2213895, 1616793868.9109478]
[1616793866.0746212, 1616793868.7867048]
[1616793866.289551, 1616793868.9618368]
[1616793866.1431463, 1616793868.809557]
[1616793866.25989, 1616793868.970555]
[1616793866.3491058, 1616793869.0772867]
[1616793866.3690102, 1616793869.0808785]
[1616793866.418318, 1616793869.0560308]
[1616793866.7455752, 1616793869.4962687]
[1616793866.4410574, 1616793869.16534]
[1616793866.7640343, 1616793869.4548092]
[1616793866.7788582, 1616793869.4413881]
[1616793866.6607637, 1616793869.3896694]
[1616793866.8578012, 1616793869.5637095]
[1616793866.7188034, 1616793869.449001]
[1616793866.7181492, 1616793869.4218974]
[1616793866.8381805, 1616793869.5611646]
[1616793866.7570505, 1616793869.5151079]
[1616793867.042951, 1616793869.7795424]
[1616793867.1259696, 1616793869.7963946]
[1616793866.9737697, 1616793869.6383271]
[1616793867.1501951, 1616793869.8451624]
[1616793867.0238059, 1616793869.7364457]
[1616793867.3111432, 1616793870.0046315]
[1616793867.3104792, 1616793870.0112145]
[1616793867.5096471, 1616793870.2188103]
[1616793867.5151837, 1616793870.2285662]
[1616793867.6579134, 1616793870.37488]
[1616793867.8481047, 1616793870.5969646]
[1616793867.84153, 1616793870.56587]
[1616793867.5999978, 1616793870.2087762]
[1616793867.5188591, 1616793870.2597682]
[1616793867.580122, 1616793870.2648642]
[1616793867.6504862, 1616793870.3650844]
[1616793867.7295268, 1616793870.4023628]
[1616793867.7467792, 1616793870.4569387]
[1616793867.9239721, 1616793870.5709324]
[1616793868.2250264, 1616793870.9037507]
[1616793868.180736, 1616793870.8999958]
[1616793868.1990716, 1616793870.889112]
[1616793868.0859072, 1616793870.799184]
[1616793868.3063753, 1616793871.0128818]
[1616793868.263316, 1616793870.9609394]
[1616793868.2995183, 1616793871.0101018]
[1616793868.3013077, 1616793870.9838064]
[1616793868.2472198, 1616793870.9792228]
[1616793868.4458287, 1616793871.1836574]
[1616793868.5242841, 1616793871.2640839]
[1616793868.381682, 1616793871.0854304]
[1616793868.6923137, 1616793871.3935394]
[1616793868.546406, 1616793871.2003715]
[1616793868.6977408, 1616793871.3977938]
[1616793869.0085669, 1616793871.6907177]
[1616793868.6809027, 1616793871.3578892]
[1616793868.6960642, 1616793871.4048626]
[1616793868.8139749, 1616793871.4980972]
[1616793868.8310077, 1616793871.508011]
[1616793868.9990153, 1616793871.671625]
[1616793869.0035965, 1616793871.69159]
[1616793868.8875048, 1616793871.5806859]
[1616793869.235687, 1616793871.9295397]
[1616793869.1739142, 1616793871.8873198]
[1616793869.2741818, 1616793871.989839]
[1616793869.077426, 1616793871.7178745]
[1616793869.1081028, 1616793871.819388]
[1616793868.9978697, 1616793871.7063758]
[1616793869.2050893, 1616793871.8969026]
[1616793869.371946, 1616793872.090741]
[1616793869.178255, 1616793871.8865638]
[1616793869.1794033, 1616793871.8323348]
[1616793869.555881, 1616793872.286716]
[1616793869.3423626, 1616793872.0598645]
[1616793869.4674435, 1616793872.1849167]
[1616793869.7088263, 1616793872.37189]
[1616793869.4682539, 1616793872.1942437]
[1616793869.9461992, 1616793872.7114804]
[1616793869.625085, 1616793872.3369615]
[1616793869.841824, 1616793872.5238962]
[1616793869.8691885, 1616793872.5740058]
[1616793870.0358024, 1616793872.7804463]
[1616793870.1047006, 1616793872.819674]
[1616793870.2848141, 1616793873.0292413]
[1616793869.971138, 1616793872.6692717]
[1616793870.0850036, 1616793872.8031673]
[1616793870.0494263, 1616793872.7386208]
[1616793870.2868106, 1616793873.0022562]
[1616793870.3295138, 1616793873.0453603]
[1616793870.2812243, 1616793872.9704237]
[1616793870.2521079, 1616793872.93886]
[1616793870.3723876, 1616793873.0772474]
[1616793870.1535864, 1616793872.8243058]
[1616793870.3210046, 1616793873.04264]
[1616793870.3699484, 1616793873.0890946]
[1616793870.3081715, 1616793872.9323204]
[1616793870.3989048, 1616793873.1030989]
[1616793870.5571744, 1616793873.2379718]
[1616793870.5493996, 1616793873.2785993]
[1616793870.788295, 1616793873.4586227]
[1616793870.6914499, 1616793873.4605005]
[1616793870.771734, 1616793873.4638972]
[1616793870.8155208, 1616793873.5353947]
[1616793870.708244, 1616793873.3484604]
[1616793870.8424058, 1616793873.5258253]
[1616793870.7597, 1616793873.4779863]
[1616793871.0655923, 1616793873.7918525]
[1616793870.976745, 1616793873.67764]
[1616793871.0948143, 1616793873.7924623]
[1616793871.0895863, 1616793873.751616]
[1616793871.0821383, 1616793873.7918024]
[1616793871.1053681, 1616793873.832269]
[1616793871.1734781, 1616793873.8480463]
[1616793871.4274607, 1616793874.139909]
[1616793871.5918508, 1616793874.3008137]
[1616793871.5593498, 1616793874.2440674]
[1616793871.4993865, 1616793874.205239]
[1616793871.434417, 1616793874.1399782]
[1616793871.578405, 1616793874.248598]
[1616793871.5964491, 1616793874.3406832]
[1616793871.5215747, 1616793874.208647]
[1616793871.7190466, 1616793874.4323642]
[1616793871.8369842, 1616793874.485776]
[1616793871.8626041, 1616793874.5697033]
[1616793871.6234949, 1616793874.274455]
[1616793871.625945, 1616793874.3451471]
[1616793872.1152604, 1616793874.8061628]
[1616793871.9423912, 1616793874.6375046]
[1616793872.034546, 1616793874.7586908]
[1616793872.0757186, 1616793874.7623994]
[1616793872.2822244, 1616793874.986323]
[1616793872.275668, 1616793874.9607527]
[1616793872.069034, 1616793874.783919]
[1616793872.2627876, 1616793874.9853394]
[1616793872.3207755, 1616793875.0548558]
[1616793872.4507813, 1616793875.1755655]
[1616793872.2813168, 1616793875.0247664]
[1616793872.4375138, 1616793875.1003726]
[1616793872.5196214, 1616793875.2067761]
[1616793872.4867232, 1616793875.1289682]
[1616793872.5735486, 1616793875.2503233]
[1616793872.7508614, 1616793875.4986937]
[1616793872.528042, 1616793875.2084184]
[1616793872.9924276, 1616793875.6824129]
[1616793872.8448231, 1616793875.522751]
[1616793872.7489283, 1616793875.4452841]
[1616793872.9289234, 1616793875.648265]
[1616793872.826618, 1616793875.542017]
[1616793873.1174095, 1616793875.8281894]
[1616793873.1609607, 1616793875.8704584]
[1616793872.9634223, 1616793875.6597903]
[1616793873.4155354, 1616793876.1161115]
[1616793873.454828, 1616793876.1420991]
[1616793873.024967, 1616793875.6342916]
[1616793873.0235603, 1616793875.7353332]
[1616793873.674604, 1616793876.3655124]
[1616793873.5619333, 1616793876.2737098]
[1616793873.81466, 1616793876.5455482]
[1616793873.3835075, 1616793876.019165]
[1616793873.5074852, 1616793876.223054]
[1616793873.7066164, 1616793876.4171336]
[1616793873.5849395, 1616793876.3442492]
[1616793873.854854, 1616793876.5359418]
[1616793873.8982506, 1616793876.6085944]
[1616793873.7880142, 1616793876.441728]
[1616793873.8217695, 1616793876.5658362]
[1616793873.9167902, 1616793876.6542966]
[1616793874.0763443, 1616793876.7961583]
[1616793873.896821, 1616793876.6159225]
[1616793873.9310567, 1616793876.5718915]
[1616793874.0530417, 1616793876.7464032]
[1616793874.0704627, 1616793876.7914252]
[1616793874.2239099, 1616793876.908529]
[1616793874.3423653, 1616793876.9874215]
[1616793874.4996743, 1616793877.1360784]
[1616793874.3322754, 1616793877.045036]
[1616793874.1455822, 1616793876.8470504]
[1616793874.394381, 1616793877.1437833]
[1616793874.5562036, 1616793877.2246392]
[1616793874.4822779, 1616793877.1848497]
[1616793874.6152697, 1616793877.29861]
[1616793874.536181, 1616793877.2986689]
[1616793874.614321, 1616793877.3257792]
[1616793874.8744047, 1616793877.6113641]
[1616793874.8124511, 1616793877.5118117]
[1616793874.8177314, 1616793877.500136]
[1616793874.9112773, 1616793877.602013]
[1616793874.9573982, 1616793877.6660244]
[1616793874.9211018, 1616793877.6096525]
[1616793874.793156, 1616793877.507209]
[1616793875.0235708, 1616793877.764764]
[1616793875.0399206, 1616793877.7467396]
[1616793875.0164459, 1616793877.7082305]
[1616793875.0838964, 1616793877.833648]
[1616793875.2748077, 1616793877.9527786]
[1616793875.5413275, 1616793878.2254565]
[1616793875.1526296, 1616793877.796587]
[1616793875.3940706, 1616793878.1085138]
[1616793875.3860576, 1616793878.0750515]
[1616793875.3584087, 1616793878.0380118]
[1616793875.7617714, 1616793878.480449]
[1616793875.7124841, 1616793878.4049587]
[1616793875.4879637, 1616793878.1818]
[1616793875.7519464, 1616793878.4751506]
[1616793875.6186175, 1616793878.3343248]
[1616793875.817814, 1616793878.4461088]
[1616793875.9787824, 1616793878.6866288]
[1616793875.7356362, 1616793878.4331424]
[1616793875.9260488, 1616793878.63575]
[1616793875.986694, 1616793878.7177153]
[1616793876.2005494, 1616793878.8863783]
[1616793876.080285, 1616793878.7190204]
[1616793876.1279914, 1616793878.8766484]
[1616793876.261226, 1616793878.9327002]
[1616793876.2842655, 1616793878.9900517]
[1616793876.2956896, 1616793878.992059]
[1616793876.2448254, 1616793878.9642541]
[1616793876.3999443, 1616793879.0968568]
[1616793876.4461658, 1616793879.1394448]
[1616793876.358016, 1616793879.023482]
[1616793876.581809, 1616793879.226767]
[1616793876.6087239, 1616793879.3472474]
[1616793876.5610173, 1616793879.2722232]
[1616793876.626082, 1616793879.3591614]
[1616793876.7177753, 1616793879.427497]
[1616793876.698744, 1616793879.4759169]
[1616793876.8586507, 1616793879.5600197]
[1616793876.7737932, 1616793879.500015]
[1616793876.9879937, 1616793879.6976855]
[1616793876.9782681, 1616793879.6623404]
[1616793876.94821, 1616793879.616714]
[1616793876.9562593, 1616793879.6706064]
[1616793876.9528296, 1616793879.6814394]
[1616793877.0616987, 1616793879.790441]
[1616793877.1696486, 1616793879.893484]
[1616793877.0429273, 1616793879.7047226]
[1616793877.229169, 1616793879.9396174]
[1616793877.510172, 1616793880.248815]
[1616793877.329215, 1616793880.0615861]
[1616793877.4654446, 1616793880.1579459]
[1616793877.406727, 1616793880.1380303]
[1616793877.2425544, 1616793879.9072428]
[1616793877.6555047, 1616793880.3882115]
[1616793877.6020484, 1616793880.2675886]
[1616793877.6088526, 1616793880.3016696]
[1616793877.7443502, 1616793880.4424906]
[1616793877.529354, 1616793880.2269726]
[1616793877.9152002, 1616793880.6692038]
[1616793878.0436108, 1616793880.7235324]
[1616793877.815398, 1616793880.4509647]
[1616793877.9753852, 1616793880.6523821]
[1616793877.863068, 1616793880.6425865]
[1616793877.911498, 1616793880.6485908]
[1616793878.1857252, 1616793880.8739712]
[1616793878.2128053, 1616793880.9275475]
[1616793878.1502795, 1616793880.8730311]
[1616793878.2421937, 1616793880.9478495]
[1616793878.0892358, 1616793880.7902296]
[1616793878.1742887, 1616793880.9046807]
[1616793878.2978108, 1616793880.930179]
[1616793878.5512702, 1616793881.1665719]
[1616793878.3679452, 1616793881.1076515]
[1616793878.4833612, 1616793881.1954498]
[1616793878.553288, 1616793881.2992115]
[1616793878.5294168, 1616793881.257616]
[1616793878.4210124, 1616793881.116311]
[1616793878.4402828, 1616793881.1319141]
[1616793878.6914864, 1616793881.4003985]
[1616793878.684909, 1616793881.3979228]
[1616793878.7187417, 1616793881.4157116]
[1616793878.9546516, 1616793881.6236212]
[1616793878.8680835, 1616793881.571584]
[1616793878.841974, 1616793881.5891037]
[1616793878.733789, 1616793881.367698]
[1616793879.0623446, 1616793881.7272375]
[1616793879.0240653, 1616793881.7531028]
[1616793879.1169834, 1616793881.8158805]
[1616793879.1793203, 1616793881.889551]
[1616793879.1436992, 1616793881.8599555]
[1616793879.0232198, 1616793881.7208295]
[1616793879.3489833, 1616793882.076384]
[1616793879.4410713, 1616793882.1580858]
[1616793879.4059365, 1616793882.1384635]
[1616793879.3513296, 1616793882.0017004]
[1616793879.5727158, 1616793882.2622228]
[1616793879.1905818, 1616793881.8697178]
[1616793879.6464212, 1616793882.3270245]
[1616793879.54235, 1616793882.2407358]
[1616793879.739581, 1616793882.467809]
[1616793879.7144988, 1616793882.3394675]
[1616793879.850788, 1616793882.5783546]
[1616793879.9008915, 1616793882.6609185]
[1616793879.9802887, 1616793882.6880286]
[1616793879.939246, 1616793882.7228968]
[1616793879.5948856, 1616793882.3518136]
[1616793880.0454895, 1616793882.7776246]
[1616793879.9781666, 1616793882.6868773]
[1616793879.937792, 1616793882.6280632]
[1616793880.0435474, 1616793882.7300055]
[1616793880.0994487, 1616793882.820378]
[1616793880.076829, 1616793882.7928898]
[1616793880.3170626, 1616793882.992971]
[1616793880.2622128, 1616793882.9910953]
[1616793880.3697836, 1616793883.0584574]
[1616793880.3182807, 1616793883.0333486]
[1616793880.5432029, 1616793883.243701]
[1616793880.5809028, 1616793883.3246863]
[1616793880.4423096, 1616793883.1658618]
[1616793880.4591763, 1616793883.0896392]
[1616793880.2863724, 1616793882.9540431]
[1616793880.8507895, 1616793883.5807998]
[1616793880.661364, 1616793883.3216908]
[1616793880.7320113, 1616793883.4203906]
[1616793880.7210488, 1616793883.4705877]
[1616793880.722756, 1616793883.4570208]
[1616793880.78409, 1616793883.514691]
[1616793880.8459272, 1616793883.5326688]
[1616793880.9038143, 1616793883.6007197]
[1616793880.9315448, 1616793883.6449997]
[1616793881.029868, 1616793883.641856]
[1616793881.199911, 1616793883.8103487]
[1616793880.996873, 1616793883.657655]
[1616793881.1308537, 1616793883.865524]
[1616793881.3870735, 1616793884.1248517]
[1616793881.131224, 1616793883.8248308]
[1616793881.4797425, 1616793884.1993842]
[1616793881.4932404, 1616793884.200498]
[1616793881.3813553, 1616793884.0221868]
[1616793881.5031755, 1616793884.2521234]
[1616793881.5711124, 1616793884.289535]
[1616793881.6478522, 1616793884.3070593]
[1616793881.6264687, 1616793884.374892]
[1616793881.6614769, 1616793884.3586762]
[1616793881.439015, 1616793884.1344216]
[1616793881.6652524, 1616793884.357738]
[1616793881.668145, 1616793884.404775]
[1616793881.9438894, 1616793884.630262]
[1616793882.0520785, 1616793884.6808727]
[1616793881.5973496, 1616793884.3454628]
[1616793881.913524, 1616793884.6089818]
[1616793881.9530637, 1616793884.6322145]
[1616793881.8663445, 1616793884.5826416]
[1616793881.9470937, 1616793884.6503491]
[1616793882.1725614, 1616793884.8874643]
[1616793881.8675144, 1616793884.582804]
[1616793882.0752838, 1616793884.7884731]
[1616793882.1119974, 1616793884.8111646]
[1616793882.5369098, 1616793885.2211618]
[1616793882.4932513, 1616793885.2118733]
[1616793882.437263, 1616793885.2162626]
[1616793882.4980838, 1616793885.1986854]
[1616793882.6596925, 1616793885.3504663]
[1616793882.445211, 1616793885.075399]
[1616793882.6141257, 1616793885.3468845]
[1616793882.7385583, 1616793885.4247692]
[1616793882.6175494, 1616793885.334213]
[1616793882.8504784, 1616793885.5570514]
[1616793882.8332963, 1616793885.5510023]
[1616793882.7485144, 1616793885.4661946]
[1616793882.9857314, 1616793885.6512985]
[1616793883.0081916, 1616793885.7024097]
[1616793882.8484285, 1616793885.5749094]
[1616793882.8976426, 1616793885.602457]
[1616793882.8266685, 1616793885.5433006]
[1616793883.17384, 1616793885.889381]
[1616793883.1258569, 1616793885.7947621]
[1616793883.1671178, 1616793885.8993824]
[1616793883.2961135, 1616793886.0207183]
[1616793883.0900426, 1616793885.8058212]
[1616793883.259378, 1616793885.973577]
[1616793883.276621, 1616793886.0218747]
[1616793883.3463228, 1616793886.0972815]
[1616793883.650556, 1616793886.2837079]
[1616793883.0774307, 1616793885.788226]
[1616793883.5022287, 1616793886.2363296]
[1616793883.6049604, 1616793886.2988532]
[1616793883.4443882, 1616793886.1305637]
[1616793883.4813893, 1616793886.2084155]
[1616793883.8254218, 1616793886.436368]
[1616793883.5902998, 1616793886.2929378]
[1616793883.8308828, 1616793886.520268]
[1616793883.919145, 1616793886.6493733]
[1616793884.1678503, 1616793886.945863]
[1616793884.1463523, 1616793886.8524604]
[1616793884.2714999, 1616793886.9775343]
[1616793884.1788416, 1616793886.830076]
[1616793883.7498345, 1616793886.4303584]
[1616793884.2586899, 1616793887.0256002]
[1616793884.3450282, 1616793887.0653343]
[1616793884.3700655, 1616793887.0628815]
[1616793884.2928963, 1616793886.9842045]
[1616793884.4054759, 1616793887.1179209]
[1616793884.4773607, 1616793887.181233]
[1616793884.4959958, 1616793887.2338185]
[1616793884.3412282, 1616793887.0011292]
[1616793884.49472, 1616793887.171541]
[1616793884.6222472, 1616793887.3280532]
[1616793884.7432172, 1616793887.4107451]
[1616793884.8484552, 1616793887.5554016]
[1616793884.667041, 1616793887.3675518]
[1616793884.7765877, 1616793887.4650345]
[1616793884.8015685, 1616793887.5067353]
[1616793884.882776, 1616793887.5925212]
[1616793884.7187924, 1616793887.3804204]
[1616793885.1422577, 1616793887.7788725]
[1616793885.0587177, 1616793887.7756565]
[1616793885.0607119, 1616793887.78044]
[1616793885.3127377, 1616793888.0928714]
[1616793885.18584, 1616793887.9000897]
[1616793885.3296356, 1616793888.0420916]
[1616793885.3924248, 1616793888.0703638]
[1616793885.2984052, 1616793887.989044]
[1616793885.760726, 1616793888.4726803]
[1616793885.4113958, 1616793888.117568]
[1616793885.72337, 1616793888.4374268]
[1616793885.641662, 1616793888.3455555]
[1616793885.6957624, 1616793888.4314222]
[1616793885.7165484, 1616793888.4145534]
[1616793885.7061388, 1616793888.4150538]
[1616793885.6773858, 1616793888.3543637]
[1616793885.7401562, 1616793888.4828985]
[1616793885.7474031, 1616793888.454577]
[1616793885.7361498, 1616793888.4444518]
[1616793885.8165047, 1616793888.5176141]
[1616793885.996404, 1616793888.707076]
[1616793885.9723642, 1616793888.6830153]
[1616793886.0459569, 1616793888.794197]
[1616793885.915282, 1616793888.6753829]
[1616793886.276659, 1616793888.987397]
[1616793886.111065, 1616793888.860557]
[1616793886.4078119, 1616793889.0310633]
[1616793886.3083012, 1616793888.9956374]
[1616793886.2629552, 1616793888.9857965]
[1616793886.4488492, 1616793889.0439641]
[1616793886.4767113, 1616793889.157186]
[1616793886.6016712, 1616793889.286421]
[1616793886.344927, 1616793889.0521686]
[1616793886.655783, 1616793889.411817]
[1616793886.5281768, 1616793889.2297997]
[1616793886.8824472, 1616793889.5816104]
[1616793886.8142347, 1616793889.5497994]
[1616793886.8556464, 1616793889.505248]
[1616793886.826946, 1616793889.4813378]
[1616793887.070302, 1616793889.768491]
[1616793886.931669, 1616793889.635222]
[1616793886.9400294, 1616793889.6377134]
[1616793887.0583756, 1616793889.7805293]
[1616793887.1058419, 1616793889.8185377]
[1616793887.1008918, 1616793889.7602327]
[1616793887.1024914, 1616793889.7920086]
[1616793887.372021, 1616793890.0653832]
[1616793887.3344991, 1616793890.0738294]
[1616793887.0775597, 1616793889.7892358]
[1616793887.3536303, 1616793890.0677435]
[1616793887.3077579, 1616793890.052953]
[1616793887.5558503, 1616793890.1943622]
[1616793887.6059525, 1616793890.294923]
[1616793887.5406475, 1616793890.243399]
[1616793887.3810441, 1616793890.089024]
[1616793887.487126, 1616793890.1839201]
[1616793887.6959205, 1616793890.4005089]
[1616793887.5492895, 1616793890.2293084]
[1616793887.8198347, 1616793890.5304399]
[1616793887.7630756, 1616793890.5650449]
[1616793887.968984, 1616793890.6602192]
[1616793887.9624193, 1616793890.697594]
[1616793887.7097614, 1616793890.4108965]
[1616793887.8367639, 1616793890.4764705]
[1616793887.94478, 1616793890.660731]
[1616793888.06588, 1616793890.7704875]
[1616793888.0834851, 1616793890.7607636]
[1616793888.141647, 1616793890.8501472]
[1616793888.0931504, 1616793890.7724633]
[1616793888.070488, 1616793890.77095]
[1616793888.0714622, 1616793890.7976313]
[1616793888.476057, 1616793891.163395]
[1616793888.2199388, 1616793890.9880195]
[1616793888.521557, 1616793891.2536464]
[1616793888.6517813, 1616793891.4149594]
[1616793888.5565116, 1616793891.2648737]
[1616793888.9127595, 1616793891.6488862]
[1616793888.6250112, 1616793891.3426743]
[1616793888.6020563, 1616793891.31505]
[1616793888.7130718, 1616793891.4097092]
[1616793888.732756, 1616793891.437514]
[1616793888.7353444, 1616793891.449318]
[1616793889.0067768, 1616793891.695785]
[1616793889.1496377, 1616793891.8577907]
[1616793888.9917064, 1616793891.7261074]
[1616793888.9821808, 1616793891.717633]
[1616793889.0383162, 1616793891.6833134]
[1616793889.0697138, 1616793891.6814666]
[1616793889.3221998, 1616793892.0432827]
[1616793889.1753035, 1616793891.8537238]
[1616793889.063883, 1616793891.7728412]
[1616793889.2746367, 1616793891.9740617]
[1616793889.316894, 1616793892.0181575]
[1616793889.4587586, 1616793892.1718676]
[1616793889.4440427, 1616793892.1951985]
[1616793889.6484263, 1616793892.345962]
[1616793889.6975858, 1616793892.3973827]
[1616793889.6426566, 1616793892.3332946]
[1616793889.902738, 1616793892.6621788]
[1616793889.7068875, 1616793892.4403577]
[1616793889.7381136, 1616793892.3881514]
[1616793889.979386, 1616793892.688782]
[1616793889.862725, 1616793892.5813498]
[1616793889.7986422, 1616793892.499749]
[1616793889.9807494, 1616793892.6468434]
[1616793889.8422978, 1616793892.550828]
[1616793890.1157727, 1616793892.8116071]
[1616793890.1954677, 1616793892.8717682]
[1616793890.129712, 1616793892.8327775]
[1616793890.2180724, 1616793892.8661776]
[1616793890.1420407, 1616793892.8574407]
[1616793890.6211715, 1616793893.2743256]
[1616793890.2911766, 1616793893.02669]
[1616793890.183282, 1616793892.878656]
[1616793890.238677, 1616793892.913993]
[1616793890.3412235, 1616793893.032492]
[1616793890.2606797, 1616793892.979763]
[1616793890.549656, 1616793893.2777257]
[1616793890.7458751, 1616793893.442131]
[1616793890.5707533, 1616793893.3370037]
[1616793890.6877694, 1616793893.4071648]
[1616793890.7518237, 1616793893.4886894]
[1616793890.7270854, 1616793893.4294302]
[1616793890.7341723, 1616793893.431683]
[1616793890.7950964, 1616793893.5026925]
[1616793890.8218286, 1616793893.5322707]
[1616793890.955481, 1616793893.7141793]
[1616793891.1145778, 1616793893.8068898]
[1616793891.0664794, 1616793893.8165317]
[1616793891.4176779, 1616793894.1312351]
[1616793891.2669046, 1616793894.0043075]
[1616793891.1390734, 1616793893.8417413]
[1616793891.3814664, 1616793894.0979369]
[1616793891.4030704, 1616793894.0951037]
[1616793891.408459, 1616793894.1101916]
[1616793891.4027424, 1616793894.1133265]
[1616793891.3915782, 1616793894.1005151]
[1616793891.597282, 1616793894.330013]
[1616793891.4889064, 1616793894.223115]
[1616793892.0378337, 1616793894.7278218]
[1616793891.7641628, 1616793894.505737]
[1616793891.8449218, 1616793894.6027942]
[1616793891.5841072, 1616793894.2905977]
[1616793891.677933, 1616793894.4394114]
[1616793891.7926128, 1616793894.4936993]
[1616793892.0771658, 1616793894.8043804]
[1616793892.1325617, 1616793894.8471088]
[1616793891.9969592, 1616793894.6903403]
[1616793892.1396282, 1616793894.8250668]
[1616793892.1548848, 1616793894.8401299]
[1616793892.4367435, 1616793895.125301]
[1616793892.4125218, 1616793895.1272151]
[1616793892.5338056, 1616793895.2373693]
[1616793892.5578115, 1616793895.2689843]
[1616793892.4973881, 1616793895.2090108]
[1616793892.5006185, 1616793895.2136364]
[1616793892.3346112, 1616793895.062542]
[1616793892.4121206, 1616793895.0520017]
[1616793892.406619, 1616793895.1079967]
[1616793892.700932, 1616793895.4614644]
[1616793892.6527212, 1616793895.3165436]
[1616793892.609619, 1616793895.3272433]
[1616793892.69514, 1616793895.4018373]
[1616793892.8830864, 1616793895.579766]
[1616793892.9819505, 1616793895.6705086]
[1616793892.668414, 1616793895.3093755]
[1616793893.3129854, 1616793896.0194058]
[1616793893.051625, 1616793895.7529378]
[1616793893.3756194, 1616793896.1326003]
[1616793893.2373936, 1616793896.0004869]
[1616793893.3778765, 1616793896.0837746]
[1616793893.5444634, 1616793896.2957613]
[1616793893.5787916, 1616793896.2799134]
[1616793893.39596, 1616793896.068266]
[1616793893.5290985, 1616793896.2132094]
[1616793893.3352296, 1616793895.9741342]
[1616793893.4708097, 1616793896.1665466]
[1616793893.6918395, 1616793896.3322887]
[1616793893.6683605, 1616793896.38197]
[1616793893.802898, 1616793896.518613]
[1616793893.678397, 1616793896.3905644]
[1616793893.6062217, 1616793896.2983565]
[1616793893.9021344, 1616793896.5806236]
[1616793893.8669956, 1616793896.5845435]
[1616793893.7913342, 1616793896.5064814]
[1616793893.9034848, 1616793896.642079]
[1616793893.9416888, 1616793896.627276]
[1616793893.934003, 1616793896.6308649]
[1616793893.9763029, 1616793896.598343]
[1616793894.0482063, 1616793896.7753384]
[1616793893.9970136, 1616793896.651616]
[1616793894.185551, 1616793896.9031246]
[1616793894.372332, 1616793897.0643723]
[1616793894.3887336, 1616793897.1018913]
[1616793894.4450686, 1616793897.1768215]
[1616793894.3982723, 1616793897.103304]
[1616793894.4233384, 1616793897.1020248]
[1616793894.3444188, 1616793897.0761313]
[1616793894.6254704, 1616793897.3525314]
[1616793894.646754, 1616793897.3529937]
[1616793894.6182992, 1616793897.355114]
[1616793894.6359844, 1616793897.3450756]
[1616793894.4516299, 1616793897.169644]
[1616793894.8550808, 1616793897.5884068]
[1616793894.746965, 1616793897.4414523]
[1616793894.9070811, 1616793897.592101]
[1616793894.9295247, 1616793897.6192808]
[1616793894.8243494, 1616793897.5578766]
[1616793894.8395967, 1616793897.513716]
[1616793894.9239252, 1616793897.6168337]
[1616793894.9708772, 1616793897.6688333]
[1616793895.1249962, 1616793897.8305247]
[1616793895.0970771, 1616793897.8399088]
[1616793895.0548928, 1616793897.7100406]
[1616793895.1363103, 1616793897.831058]
[1616793895.2568254, 1616793897.9596364]
[1616793895.4731827, 1616793898.204063]
[1616793895.368623, 1616793898.1038756]
[1616793895.2150216, 1616793897.9422324]
[1616793895.3788815, 1616793898.0372803]
[1616793895.5267377, 1616793898.152166]
[1616793895.3098059, 1616793898.0197449]
[1616793895.5943081, 1616793898.2909043]
[1616793895.5180902, 1616793898.3219833]
[1616793895.5294871, 1616793898.2418826]
[1616793895.6491737, 1616793898.3294003]
[1616793895.722795, 1616793898.3959265]
[1616793895.9995928, 1616793898.7868867]
[1616793896.2392156, 1616793898.971874]
[1616793895.7608168, 1616793898.4040043]
[1616793895.9191563, 1616793898.6408148]
[1616793896.0496693, 1616793898.8222287]
[1616793896.024429, 1616793898.7399147]
[1616793896.0790277, 1616793898.7515783]
[1616793896.339265, 1616793898.9798276]
[1616793896.4165366, 1616793899.13112]
[1616793896.2320218, 1616793898.9416156]
[1616793896.1829216, 1616793898.9534645]
[1616793896.127034, 1616793898.85907]
[1616793896.359703, 1616793899.0476413]
[1616793896.5025058, 1616793899.2250192]
[1616793896.5485156, 1616793899.2579503]
[1616793896.4081688, 1616793899.12429]
[1616793896.4733503, 1616793899.2104037]
[1616793896.501707, 1616793899.2116957]
[1616793896.7122176, 1616793899.4472563]
[1616793896.8251894, 1616793899.5248034]
[1616793896.933211, 1616793899.7660544]
[1616793896.7959926, 1616793899.5238795]
[1616793896.8310761, 1616793899.51944]
[1616793896.6628902, 1616793899.3021023]
[1616793897.073144, 1616793899.8231828]
[1616793896.9443035, 1616793899.5462093]
[1616793897.2109246, 1616793899.9244967]
[1616793897.1385736, 1616793899.8469028]
[1616793897.0370803, 1616793899.7405245]
[1616793897.1857035, 1616793899.9243515]
[1616793897.198168, 1616793899.915512]
[1616793897.5065424, 1616793900.2121882]
[1616793897.5275013, 1616793900.2144482]
[1616793897.3409083, 1616793900.0608163]
[1616793897.4071336, 1616793900.1669867]
[1616793897.6586964, 1616793900.34011]
[1616793897.6185255, 1616793900.3047395]
[1616793897.4923744, 1616793900.1898575]
[1616793897.545057, 1616793900.2858229]
[1616793897.9456816, 1616793900.6442964]
[1616793897.7759242, 1616793900.4431074]
[1616793898.1573348, 1616793900.767264]
[1616793897.7982574, 1616793900.4935021]
[1616793898.044832, 1616793900.7443995]
[1616793897.850895, 1616793900.5811856]
[1616793897.8312662, 1616793900.5283895]
[1616793897.9580424, 1616793900.6932428]
[1616793898.1097689, 1616793900.8294523]
[1616793898.106578, 1616793900.762674]
[1616793898.007966, 1616793900.6954014]
[1616793898.257865, 1616793900.9943428]
[1616793898.479611, 1616793901.156632]
[1616793898.2558424, 1616793900.9740512]
[1616793898.5190647, 1616793901.2323947]
[1616793898.4711514, 1616793901.0989616]
[1616793898.5472112, 1616793901.2538114]
[1616793898.6704514, 1616793901.3773434]
[1616793898.5701191, 1616793901.284723]
[1616793898.6733084, 1616793901.4035645]
[1616793898.5531833, 1616793901.2553437]
[1616793898.7142718, 1616793901.4450047]
[1616793898.585468, 1616793901.2954288]
[1616793898.7774658, 1616793901.4545412]
[1616793898.7464433, 1616793901.4644272]
[1616793898.7895746, 1616793901.5204325]
[1616793898.892885, 1616793901.5931165]
[1616793898.9149203, 1616793901.577484]
[1616793899.076978, 1616793901.7671328]
[1616793899.3367333, 1616793902.050878]
[1616793898.9076095, 1616793901.6490295]
[1616793899.3265226, 1616793901.975345]
[1616793899.4927583, 1616793902.207489]
[1616793899.5099678, 1616793902.2229838]
[1616793899.0963898, 1616793901.7323658]
[1616793899.4020338, 1616793902.1066976]
[1616793899.5793, 1616793902.2171712]
[1616793899.655633, 1616793902.371472]
[1616793899.3257802, 1616793902.037131]
[1616793899.487673, 1616793902.2328467]
[1616793899.6330996, 1616793902.3327076]
[1616793899.7767708, 1616793902.4951644]
[1616793899.7549722, 1616793902.4660609]
[1616793899.6512995, 1616793902.386524]
[1616793899.691566, 1616793902.404283]
[1616793899.9961755, 1616793902.6863046]
[1616793900.2749403, 1616793902.9888103]
[1616793899.8631165, 1616793902.563398]
[1616793900.115543, 1616793902.8642623]
[1616793900.2432163, 1616793902.955933]
[1616793900.4259613, 1616793903.132955]
[1616793900.2533624, 1616793902.954368]
[1616793900.0935519, 1616793902.8136868]
[1616793900.264411, 1616793903.0187707]
[1616793900.2383204, 1616793902.907125]
[1616793900.2929637, 1616793903.0138447]
[1616793900.4493523, 1616793903.107381]
[1616793900.3463216, 1616793903.035662]
[1616793900.31481, 1616793903.002615]
[1616793900.3972888, 1616793903.096537]
[1616793900.4123385, 1616793903.154167]
[1616793900.5893035, 1616793903.3309705]
[1616793900.5792904, 1616793903.2797823]
[1616793900.5270908, 1616793903.2247627]
[1616793900.751706, 1616793903.4555776]
[1616793900.5900035, 1616793903.2725239]
[1616793900.747701, 1616793903.442121]
[1616793901.0041099, 1616793903.7446134]
[1616793900.8580623, 1616793903.5743465]
[1616793900.669811, 1616793903.356064]
[1616793900.9390576, 1616793903.5748374]
[1616793901.105046, 1616793903.7441244]
[1616793901.2596297, 1616793903.9507232]
[1616793900.9541435, 1616793903.6889727]
[1616793901.1650162, 1616793903.839873]
[1616793900.9412956, 1616793903.6020284]
[1616793901.2370143, 1616793903.952834]
[1616793901.2610111, 1616793903.964361]
[1616793901.4794312, 1616793904.2083676]
[1616793901.3576229, 1616793904.0855687]
[1616793901.5110269, 1616793904.2141347]
[1616793901.354446, 1616793904.0693529]
[1616793901.4450088, 1616793904.1480963]
[1616793901.4352343, 1616793904.1613567]
[1616793901.6570747, 1616793904.392434]
[1616793901.7421937, 1616793904.3906813]
[1616793901.561068, 1616793904.2750678]
[1616793901.4528036, 1616793904.1602592]
[1616793901.4604237, 1616793904.147296]
[1616793901.6895366, 1616793904.3936505]
[1616793901.9513988, 1616793904.674005]
[1616793901.7867513, 1616793904.488563]
[1616793901.808892, 1616793904.4748049]
[1616793901.8463566, 1616793904.5413756]
[1616793901.8773434, 1616793904.601147]
[1616793901.9150984, 1616793904.6354756]
[1616793902.0937457, 1616793904.7704353]
[1616793902.0813086, 1616793904.7922275]
[1616793901.905534, 1616793904.667569]
[1616793902.096592, 1616793904.773006]
[1616793902.0623374, 1616793904.7845304]
[1616793902.1226666, 1616793904.8220463]
[1616793902.1612105, 1616793904.8583708]
[1616793902.3000708, 1616793904.936416]
[1616793902.0809746, 1616793904.7290998]
[1616793902.3727498, 1616793905.1018808]
[1616793902.362882, 1616793905.0651374]
[1616793902.4685936, 1616793905.2016652]
[1616793902.412691, 1616793905.1260152]
[1616793902.17432, 1616793904.8771641]
[1616793902.2816012, 1616793905.0067036]
[1616793902.2603672, 1616793905.0251029]
[1616793902.5476046, 1616793905.265867]
[1616793902.6103754, 1616793905.3245745]
[1616793902.5731773, 1616793905.3038464]
[1616793902.6888292, 1616793905.3608847]
[1616793902.755344, 1616793905.4012053]
[1616793902.6902695, 1616793905.370229]
[1616793902.7702894, 1616793905.4450624]
[1616793902.7796984, 1616793905.443871]
[1616793902.751946, 1616793905.4238963]
[1616793902.8450117, 1616793905.5328543]
[1616793902.686759, 1616793905.3870847]
[1616793902.8420649, 1616793905.5698988]
[1616793903.0023675, 1616793905.7092059]
[1616793902.930345, 1616793905.6667638]
[1616793902.9265583, 1616793905.601058]
[1616793903.049032, 1616793905.7606332]
[1616793902.9958234, 1616793905.714754]
[1616793903.2016287, 1616793905.9127944]
[1616793903.2163968, 1616793905.8901122]
[1616793903.0057242, 1616793905.6967614]
[1616793903.2565455, 1616793905.9419558]
[1616793903.1844742, 1616793905.9469478]
[1616793903.2773411, 1616793905.951551]
[1616793903.2224154, 1616793905.9309022]
[1616793903.3576233, 1616793906.0989747]
[1616793903.486822, 1616793906.1828697]
[1616793903.4478343, 1616793906.1508262]
[1616793903.3273296, 1616793906.0357454]
[1616793903.4450762, 1616793906.1286378]
[1616793903.7016287, 1616793906.4283113]
[1616793903.5611944, 1616793906.2509162]
[1616793903.6698093, 1616793906.3082852]
[1616793903.5530086, 1616793906.2782788]
[1616793903.4952824, 1616793906.2532055]
[1616793903.6525168, 1616793906.3974764]
[1616793903.7701337, 1616793906.4182138]
[1616793903.9685106, 1616793906.6583266]
[1616793903.660776, 1616793906.3813465]
[1616793903.7944074, 1616793906.5170658]
[1616793903.7703211, 1616793906.5205426]
[1616793903.743173, 1616793906.4227078]
[1616793903.8937361, 1616793906.6320941]
[1616793903.8600917, 1616793906.5451014]
[1616793904.1142333, 1616793906.8257217]
[1616793903.9654164, 1616793906.666516]
[1616793903.8495805, 1616793906.600886]
[1616793904.0188577, 1616793906.7444882]
[1616793904.0584798, 1616793906.740522]
[1616793903.9749827, 1616793906.6833024]
[1616793903.96385, 1616793906.6594894]
[1616793903.9806628, 1616793906.6653078]
[1616793903.9620516, 1616793906.6892807]
[1616793904.0275187, 1616793906.712739]
[1616793904.1514218, 1616793906.8918142]
[1616793904.0887582, 1616793906.7923613]
[1616793904.1773212, 1616793906.897924]
[1616793904.2072332, 1616793906.9109674]
[1616793904.192311, 1616793906.8991923]
[1616793904.2633028, 1616793906.9747508]
[1616793904.4335616, 1616793907.1908677]
[1616793904.402781, 1616793907.1194396]
[1616793904.5245802, 1616793907.2087972]
[1616793904.5319893, 1616793907.1934457]
[1616793904.4900525, 1616793907.2109513]
[1616793904.629686, 1616793907.338734]
[1616793904.5750325, 1616793907.3208203]
[1616793904.533801, 1616793907.2283509]
[1616793904.4862673, 1616793907.169859]
[1616793904.4510806, 1616793907.1980734]
[1616793904.5721793, 1616793907.1786675]
[1616793904.5396426, 1616793907.1963205]
[1616793904.4456248, 1616793907.0923722]
[1616793904.6430426, 1616793907.462162]
[1616793904.499843, 1616793907.2189875]
[1616793904.5430205, 1616793907.3012347]
[1616793904.567176, 1616793907.2732418]
[1616793904.6418014, 1616793907.324379]
[1616793904.8614893, 1616793907.5830443]
[1616793904.6853416, 1616793907.4008138]
[1616793904.9149702, 1616793907.6199665]
[1616793904.7105496, 1616793907.4997694]
[1616793904.8510864, 1616793907.5425649]
[1616793904.7391937, 1616793907.384951]
[1616793904.882578, 1616793907.5921628]
[1616793905.0787897, 1616793907.7787285]
[1616793904.9385936, 1616793907.6673117]
[1616793904.7954369, 1616793907.5088308]
[1616793904.9195824, 1616793907.591101]
[1616793904.9415722, 1616793907.663837]
[1616793904.941831, 1616793907.5751565]
[1616793904.9376812, 1616793907.6109734]
[1616793905.0036778, 1616793907.7206986]
[1616793905.0124238, 1616793907.725146]
[1616793904.9657698, 1616793907.6321034]
[1616793905.1371956, 1616793907.8653562]
[1616793905.0250022, 1616793907.6705344]
[1616793905.0685315, 1616793907.732702]
[1616793905.147552, 1616793907.873351]
[1616793905.1580722, 1616793907.823589]
[1616793905.1521754, 1616793907.8086185]
[1616793905.0574815, 1616793907.8179257]
[1616793905.2146313, 1616793907.9694846]
[1616793905.2803466, 1616793908.0226598]
[1616793905.2877302, 1616793907.9937282]
[1616793905.0599194, 1616793907.7313826]
[1616793905.314452, 1616793908.03025]
[1616793905.4846487, 1616793908.1559265]
[1616793905.3913035, 1616793908.1330886]
[1616793905.3761277, 1616793908.047588]
[1616793905.3677292, 1616793908.0448954]
[1616793905.408624, 1616793908.0562556]
[1616793905.4557712, 1616793908.1149912]
[1616793905.4063725, 1616793908.0644922]
[1616793905.3230574, 1616793907.9851077]
[1616793905.404996, 1616793908.130995]
[1616793905.4422429, 1616793908.1113389]
[1616793905.3987963, 1616793908.1012783]
[1616793905.4737558, 1616793908.1996982]
[1616793905.3732586, 1616793908.096627]
[1616793905.6716805, 1616793908.3932533]
[1616793905.497716, 1616793908.166478]
[1616793905.420695, 1616793908.062007]
[1616793905.4476814, 1616793908.093846]
[1616793905.6279483, 1616793908.317438]
[1616793905.5278308, 1616793908.2768843]
[1616793905.5083501, 1616793908.2094004]
[1616793905.5682397, 1616793908.285153]
[1616793905.6195524, 1616793908.3414564]
[1616793905.5269766, 1616793908.1452818]
[1616793905.5574903, 1616793908.3211052]
[1616793905.6657982, 1616793908.329406]
[1616793905.6460376, 1616793908.342368]
[1616793905.4504206, 1616793908.1439364]
[1616793905.6482408, 1616793908.3254044]
[1616793905.7276518, 1616793908.4447162]
[1616793905.6061075, 1616793908.280391]
[1616793905.5210838, 1616793908.240607]
[1616793905.782857, 1616793908.4586875]
[1616793905.7530067, 1616793908.4857662]
[1616793905.7654405, 1616793908.4849162]
[1616793905.7394922, 1616793908.4533722]
[1616793905.7662032, 1616793908.4624524]
[1616793905.7609675, 1616793908.4343984]
[1616793905.566282, 1616793908.2249985]
[1616793905.7647328, 1616793908.468939]
[1616793905.7820048, 1616793908.5084438]
[1616793905.655378, 1616793908.347927]
[1616793905.6277723, 1616793908.3179104]
[1616793905.773738, 1616793908.4614313]
[1616793905.7820015, 1616793908.466657]
[1616793905.8248217, 1616793908.566495]
[1616793905.8273056, 1616793908.5105433]
[1616793905.7733564, 1616793908.5037725]
[1616793905.8325996, 1616793908.5038445]
[1616793905.7739873, 1616793908.4584558]
[1616793905.7627451, 1616793908.5150757]
[1616793905.7948606, 1616793908.5033824]
[1616793905.7285185, 1616793908.4223976]
[1616793905.6489882, 1616793908.3098223]
[1616793905.7797084, 1616793908.447905]
[1616793905.6808262, 1616793908.3408072]
[1616793905.822599, 1616793908.4945016]
[1616793905.8535254, 1616793908.513315]
[1616793905.8118162, 1616793908.5394814]
[1616793905.8299215, 1616793908.5491092]
[1616793905.7148545, 1616793908.4350464]
[1616793905.7906423, 1616793908.4531114]
[1616793905.6711528, 1616793908.4200373]
[1616793905.8413234, 1616793908.5450692]
[1616793905.8409498, 1616793908.5291166]
[1616793905.748135, 1616793908.4755843]
[1616793905.8182802, 1616793908.552175]
[1616793905.8478563, 1616793908.500731]
[1616793905.8518932, 1616793908.5026808]
[1616793905.8867157, 1616793908.5805602]
[1616793905.8480272, 1616793908.515745]
[1616793905.893003, 1616793908.5913568]
[1616793905.7631376, 1616793908.429496]
[1616793905.8953762, 1616793908.5635102]
