[1616793703.4062057, 1616793706.1263964]
[1616793703.4886124, 1616793706.220486]
[1616793703.2408242, 1616793705.9505801]
[1616793702.9944885, 1616793705.747135]
[1616793702.7520297, 1616793705.4890604]
[1616793704.0013845, 1616793706.7168941]
[1616793703.4817526, 1616793706.1934311]
[1616793703.2219918, 1616793705.953413]
[1616793703.3970034, 1616793706.118314]
[1616793703.4107265, 1616793706.145359]
[1616793703.726196, 1616793706.4491212]
[1616793704.1266117, 1616793706.835283]
[1616793703.8623526, 1616793706.5683622]
[1616793703.5574753, 1616793706.2853255]
[1616793703.6068084, 1616793706.3160727]
[1616793703.736915, 1616793706.513505]
[1616793703.5187006, 1616793706.2557676]
[1616793703.6731691, 1616793706.444502]
[1616793703.5625172, 1616793706.3419232]
[1616793703.3429885, 1616793706.1031377]
[1616793704.1771038, 1616793706.9233458]
[1616793703.997557, 1616793706.721992]
[1616793704.2826307, 1616793707.0112605]
[1616793703.9973288, 1616793706.696133]
[1616793704.563152, 1616793707.298988]
[1616793704.54799, 1616793707.2527733]
[1616793704.5980294, 1616793707.2953758]
[1616793704.6319335, 1616793707.3474116]
[1616793704.5047462, 1616793707.1990163]
[1616793704.6344311, 1616793707.3168018]
[1616793704.6714387, 1616793707.3520854]
[1616793704.2388291, 1616793706.9398727]
[1616793705.1439579, 1616793707.8717165]
[1616793705.0400505, 1616793707.7538955]
[1616793704.972383, 1616793707.6408129]
[1616793705.4313483, 1616793708.1358678]
[1616793705.2662, 1616793707.9780765]
[1616793705.0896733, 1616793707.8087444]
[1616793705.5307498, 1616793708.2851298]
[1616793705.7954388, 1616793708.513732]
[1616793705.3774383, 1616793708.0720773]
[1616793705.7332294, 1616793708.400962]
[1616793705.8736815, 1616793708.5464401]
[1616793706.09414, 1616793708.8244019]
[1616793706.0977328, 1616793708.8214855]
[1616793706.1189735, 1616793708.8498132]
[1616793706.2235742, 1616793708.9321668]
[1616793706.4477277, 1616793709.1418972]
[1616793706.5188658, 1616793709.2410512]
[1616793706.2276745, 1616793708.954426]
[1616793706.3965673, 1616793709.169353]
[1616793706.602093, 1616793709.3230226]
[1616793706.5415838, 1616793709.2840192]
[1616793707.0428534, 1616793709.754643]
[1616793706.742659, 1616793709.4372811]
[1616793707.0059395, 1616793709.7075598]
[1616793707.1377418, 1616793709.8554335]
[1616793707.057256, 1616793709.773609]
[1616793707.2290685, 1616793709.929016]
[1616793707.0909388, 1616793709.7996137]
[1616793707.4943807, 1616793710.1936173]
[1616793707.4128735, 1616793710.128678]
[1616793707.6768243, 1616793710.3527415]
[1616793707.5687892, 1616793710.302918]
[1616793707.4115953, 1616793710.1085947]
[1616793707.8706686, 1616793710.606753]
[1616793707.6851563, 1616793710.3810203]
[1616793707.849727, 1616793710.5934744]
[1616793707.9890652, 1616793710.6946578]
[1616793707.851435, 1616793710.5458434]
[1616793708.1836574, 1616793710.8880498]
[1616793708.2467494, 1616793710.932106]
[1616793708.3428102, 1616793711.0879776]
[1616793708.1887696, 1616793710.8937814]
[1616793708.3097286, 1616793711.0369313]
[1616793708.4065926, 1616793711.077895]
[1616793708.0033882, 1616793710.7658803]
[1616793708.2568884, 1616793710.9943967]
[1616793708.6211395, 1616793711.3547578]
[1616793708.4505703, 1616793711.1933262]
[1616793708.7186317, 1616793711.4422264]
[1616793708.4743094, 1616793711.2361395]
[1616793708.7890017, 1616793711.4808953]
[1616793708.6752307, 1616793711.3979776]
[1616793708.82502, 1616793711.4996016]
[1616793708.9303417, 1616793711.6615353]
[1616793708.6019979, 1616793711.2796526]
[1616793709.1612303, 1616793711.8680208]
[1616793708.9698617, 1616793711.711527]
[1616793709.1023614, 1616793711.8261354]
[1616793709.143117, 1616793711.8967419]
[1616793709.3197312, 1616793712.0372336]
[1616793709.307512, 1616793712.0361543]
[1616793709.3857036, 1616793712.1297076]
[1616793709.446125, 1616793712.1408005]
[1616793709.5586293, 1616793712.2766879]
[1616793709.339232, 1616793712.0661297]
[1616793709.6813638, 1616793712.341438]
[1616793709.6382833, 1616793712.3254168]
[1616793709.8968918, 1616793712.6052217]
[1616793709.6220472, 1616793712.3143237]
[1616793709.6529963, 1616793712.3816814]
[1616793709.7608342, 1616793712.4611487]
[1616793709.8104196, 1616793712.5192106]
[1616793709.8422263, 1616793712.6193764]
[1616793710.1122365, 1616793712.8223367]
[1616793710.1192925, 1616793712.8114429]
[1616793709.9956174, 1616793712.6889625]
[1616793710.2094302, 1616793712.903173]
[1616793710.3377838, 1616793713.0504045]
[1616793710.4304163, 1616793713.1457572]
[1616793710.4040358, 1616793713.1048708]
[1616793710.4047127, 1616793713.0832365]
[1616793710.842557, 1616793713.6037722]
[1616793710.60271, 1616793713.3179998]
[1616793710.6581752, 1616793713.371048]
[1616793710.9713173, 1616793713.726743]
[1616793710.8676395, 1616793713.5731065]
[1616793710.9932024, 1616793713.6931555]
[1616793710.8514676, 1616793713.5542817]
[1616793711.1121643, 1616793713.8444757]
[1616793711.271133, 1616793713.9952238]
[1616793711.1271555, 1616793713.7883124]
[1616793711.2533367, 1616793713.9754806]
[1616793711.2711284, 1616793714.0125668]
[1616793711.3836465, 1616793714.0574896]
[1616793711.3791347, 1616793714.1152253]
[1616793711.7542806, 1616793714.5327115]
[1616793711.6007805, 1616793714.2691662]
[1616793711.7085447, 1616793714.4459095]
[1616793711.8921976, 1616793714.62749]
[1616793711.8557873, 1616793714.5685074]
[1616793712.0810697, 1616793714.7918434]
[1616793711.8868067, 1616793714.5969436]
[1616793711.9661963, 1616793714.693852]
[1616793712.1090887, 1616793714.834656]
[1616793712.313322, 1616793715.0288892]
[1616793712.2213726, 1616793714.9227204]
[1616793712.1362631, 1616793714.8687904]
[1616793712.4418726, 1616793715.1117926]
[1616793712.4907506, 1616793715.183208]
[1616793712.3361144, 1616793715.0022573]
[1616793712.5480077, 1616793715.2778573]
[1616793712.6360745, 1616793715.367513]
[1616793712.5032382, 1616793715.1684382]
[1616793712.4144313, 1616793715.282833]
[1616793712.849615, 1616793715.5622768]
[1616793712.8158762, 1616793715.5627253]
[1616793712.9493318, 1616793715.6763813]
[1616793712.906638, 1616793715.5917368]
[1616793712.7900372, 1616793715.5207162]
[1616793712.7090268, 1616793715.398323]
[1616793713.0965676, 1616793715.7799313]
[1616793712.9893801, 1616793715.71725]
[1616793712.9265306, 1616793715.6163225]
[1616793713.150921, 1616793715.8600667]
[1616793713.261807, 1616793715.9661448]
[1616793713.396495, 1616793716.106145]
[1616793713.3172786, 1616793716.0298007]
[1616793713.386624, 1616793716.0909822]
[1616793713.646351, 1616793716.3476799]
[1616793713.6379404, 1616793716.381456]
[1616793713.602754, 1616793716.2926712]
[1616793713.60175, 1616793716.2935991]
[1616793713.761137, 1616793716.4591148]
[1616793713.727398, 1616793716.4213288]
[1616793713.6717982, 1616793716.338594]
[1616793713.8750434, 1616793716.6307356]
[1616793713.6155508, 1616793716.3353436]
[1616793713.6974938, 1616793716.3540502]
[1616793713.8496604, 1616793716.5220647]
[1616793713.9999251, 1616793716.6789012]
[1616793713.991402, 1616793716.7085438]
[1616793713.9381402, 1616793716.6173954]
[1616793714.184267, 1616793716.9140944]
[1616793714.225624, 1616793716.9506373]
[1616793714.3270552, 1616793716.9207692]
[1616793714.1142604, 1616793716.799329]
[1616793714.3043146, 1616793716.9633763]
[1616793714.1792967, 1616793717.0368478]
[1616793714.3725386, 1616793717.0128064]
[1616793714.2441082, 1616793716.9102168]
[1616793714.4401407, 1616793717.1020024]
[1616793714.4509645, 1616793717.04525]
[1616793714.3596075, 1616793717.0341556]
[1616793714.510572, 1616793717.2532477]
[1616793714.6561403, 1616793717.3402784]
[1616793714.7761786, 1616793717.5563035]
[1616793714.7875123, 1616793717.4580176]
[1616793714.7583508, 1616793717.4686213]
[1616793714.7656488, 1616793717.4927762]
[1616793714.8508217, 1616793717.5679722]
[1616793714.8355987, 1616793717.5530415]
[1616793714.851251, 1616793717.4980109]
[1616793714.9392602, 1616793717.6341376]
[1616793714.754089, 1616793717.492783]
[1616793715.1128855, 1616793717.863071]
[1616793715.1059558, 1616793717.793329]
[1616793715.1130757, 1616793717.856311]
[1616793715.0929484, 1616793717.8029478]
[1616793715.4157786, 1616793718.1136327]
[1616793715.3086274, 1616793718.1727874]
[1616793715.2387118, 1616793717.9069076]
[1616793715.2111251, 1616793717.8946168]
[1616793715.7432356, 1616793718.4680426]
[1616793715.6219618, 1616793718.3303204]
[1616793715.319497, 1616793718.032289]
[1616793715.676952, 1616793718.3716836]
[1616793715.5049477, 1616793718.2382026]
[1616793715.7820406, 1616793718.5097418]
[1616793715.7395358, 1616793718.455881]
[1616793715.861034, 1616793718.591875]
[1616793715.79753, 1616793718.4683497]
[1616793716.2004428, 1616793718.9199336]
[1616793716.1226583, 1616793718.862999]
[1616793715.946817, 1616793718.649575]
[1616793716.2350197, 1616793718.9010525]
[1616793716.0386355, 1616793718.7480085]
[1616793716.1567469, 1616793718.8606272]
[1616793716.071821, 1616793718.7739286]
[1616793716.2674658, 1616793718.9824317]
[1616793716.3311052, 1616793719.0245767]
[1616793716.349616, 1616793719.0144813]
[1616793716.5242882, 1616793719.2192326]
[1616793716.420015, 1616793719.3488262]
[1616793716.3827717, 1616793719.0503578]
[1616793716.561876, 1616793719.2284374]
[1616793716.5741072, 1616793719.2719114]
[1616793716.7301369, 1616793719.468315]
[1616793716.7100067, 1616793719.3990445]
[1616793716.891157, 1616793719.5735316]
[1616793716.8426292, 1616793719.5076082]
[1616793716.790119, 1616793719.5166788]
[1616793716.9432178, 1616793719.5331614]
[1616793716.9527636, 1616793719.684431]
[1616793717.0089986, 1616793719.6903408]
[1616793717.0207996, 1616793719.6445642]
[1616793717.1230977, 1616793719.783474]
[1616793717.220351, 1616793719.8708048]
[1616793717.3436503, 1616793720.0685465]
[1616793717.1302886, 1616793719.7540958]
[1616793717.2178724, 1616793719.9554746]
[1616793717.4401498, 1616793720.174105]
[1616793717.4326859, 1616793720.1087477]
[1616793717.646132, 1616793720.3467991]
[1616793717.451173, 1616793720.1143503]
[1616793717.710234, 1616793720.4192567]
[1616793717.6740904, 1616793720.411763]
[1616793717.8208685, 1616793720.5254924]
[1616793717.584499, 1616793720.3018835]
[1616793717.941994, 1616793720.608678]
[1616793717.801405, 1616793720.4705539]
[1616793717.767897, 1616793720.42619]
[1616793718.0736246, 1616793720.7899954]
[1616793717.892919, 1616793720.6308968]
[1616793718.0951066, 1616793720.7616084]
[1616793718.0025446, 1616793720.7179244]
[1616793718.189033, 1616793720.9029133]
[1616793718.2944658, 1616793720.983481]
[1616793718.2794797, 1616793721.0035293]
[1616793718.439212, 1616793721.1722739]
[1616793718.4237905, 1616793721.1550882]
[1616793718.4977107, 1616793721.2153006]
[1616793718.472746, 1616793721.1967]
[1616793718.3597522, 1616793721.055061]
[1616793718.4989681, 1616793721.1635041]
[1616793718.3800507, 1616793721.0651228]
[1616793718.455454, 1616793721.1674716]
[1616793718.7645788, 1616793721.4914987]
[1616793718.7039874, 1616793721.411491]
[1616793718.9200873, 1616793721.5864794]
[1616793718.8138647, 1616793721.506179]
[1616793718.708815, 1616793721.4342697]
[1616793718.6031823, 1616793721.311391]
[1616793718.878069, 1616793721.583556]
[1616793718.8526247, 1616793721.519674]
[1616793718.903925, 1616793721.624949]
[1616793719.0330465, 1616793721.7132578]
[1616793719.166684, 1616793721.8740454]
[1616793719.086525, 1616793721.7553692]
[1616793719.1630588, 1616793721.8779998]
[1616793718.976374, 1616793721.6932032]
[1616793719.2874634, 1616793721.9947538]
[1616793719.3759706, 1616793722.1023135]
[1616793719.3190417, 1616793721.9868963]
[1616793719.3782701, 1616793722.0624092]
[1616793719.4506552, 1616793722.1628265]
[1616793719.6828918, 1616793722.3570566]
[1616793719.549386, 1616793722.1377957]
[1616793719.585908, 1616793722.269952]
[1616793719.5905952, 1616793722.3351812]
[1616793719.7368333, 1616793722.4212432]
[1616793719.6814907, 1616793722.316413]
[1616793719.840775, 1616793722.5749395]
[1616793719.8113341, 1616793722.4656987]
[1616793719.7746084, 1616793722.3874032]
[1616793719.9127371, 1616793722.565739]
[1616793720.029138, 1616793722.754876]
[1616793720.1625123, 1616793722.8243752]
[1616793720.0067525, 1616793722.7248566]
[1616793720.3473687, 1616793723.0599332]
[1616793720.2172723, 1616793722.945069]
[1616793720.380457, 1616793723.0877354]
[1616793720.4156523, 1616793723.1388285]
[1616793720.3907247, 1616793723.1231675]
[1616793720.4868913, 1616793723.1584756]
[1616793720.3874724, 1616793723.0829573]
[1616793720.6457787, 1616793723.3891602]
[1616793720.5822146, 1616793723.2145057]
[1616793720.5954428, 1616793723.2991865]
[1616793720.627376, 1616793723.2953436]
[1616793720.6812723, 1616793723.404021]
[1616793720.5406058, 1616793723.2378013]
[1616793720.78549, 1616793723.4507637]
[1616793720.8829644, 1616793723.5945714]
[1616793720.6962533, 1616793723.38779]
[1616793721.0046585, 1616793723.6850991]
[1616793721.0115294, 1616793723.7442966]
[1616793720.9216614, 1616793723.6364877]
[1616793721.1291392, 1616793723.8040261]
[1616793721.3186216, 1616793724.053202]
[1616793721.271523, 1616793723.9965885]
[1616793721.2721674, 1616793724.024186]
[1616793721.2713728, 1616793723.9930592]
[1616793721.3054576, 1616793724.0106182]
[1616793721.1512222, 1616793723.847858]
[1616793721.6372159, 1616793724.3919053]
[1616793721.489347, 1616793724.22329]
[1616793721.4011738, 1616793724.075646]
[1616793721.5428426, 1616793724.2344565]
[1616793721.5243766, 1616793724.195866]
[1616793721.7407534, 1616793724.4775076]
[1616793721.7372925, 1616793724.4199371]
[1616793721.6883082, 1616793724.3547277]
[1616793721.9328215, 1616793724.6672895]
[1616793721.9620664, 1616793724.6793547]
[1616793721.9424424, 1616793724.6487033]
[1616793721.9432645, 1616793724.6176445]
[1616793722.0372844, 1616793724.73225]
[1616793722.1466765, 1616793724.7629104]
[1616793722.2067192, 1616793724.9097283]
[1616793722.1184978, 1616793724.891537]
[1616793722.2092068, 1616793724.8835504]
[1616793722.1596208, 1616793724.900485]
[1616793722.4489164, 1616793725.0694294]
[1616793722.6099963, 1616793725.2603889]
[1616793722.3296156, 1616793724.9479916]
[1616793722.594015, 1616793725.329711]
[1616793722.4550037, 1616793725.146864]
[1616793722.4290807, 1616793725.1463392]
[1616793722.3520098, 1616793725.0879219]
[1616793722.772245, 1616793725.5184565]
[1616793722.520473, 1616793725.184798]
[1616793722.662199, 1616793725.3492017]
[1616793722.6953354, 1616793725.4072514]
[1616793722.7333345, 1616793725.4487362]
[1616793723.0945563, 1616793725.8051372]
[1616793723.0575085, 1616793725.760436]
[1616793723.035153, 1616793725.7397313]
[1616793723.0015013, 1616793725.7280955]
[1616793723.1471539, 1616793725.8800042]
[1616793723.0124285, 1616793725.7235484]
[1616793723.0459332, 1616793725.783458]
[1616793723.2777002, 1616793725.930683]
[1616793723.088255, 1616793725.8048005]
[1616793723.1196444, 1616793725.8148808]
[1616793723.2698724, 1616793725.9723256]
[1616793723.5527356, 1616793726.2888706]
[1616793723.339621, 1616793726.0527225]
[1616793723.3579829, 1616793726.0466437]
[1616793723.2943127, 1616793725.9685974]
[1616793723.5970557, 1616793726.3261323]
[1616793723.6530683, 1616793726.40686]
[1616793723.8685584, 1616793726.5690181]
[1616793723.5338643, 1616793726.2252235]
[1616793723.9070857, 1616793726.6228652]
[1616793723.7756906, 1616793726.4637437]
[1616793723.7736554, 1616793726.4920056]
[1616793723.9740264, 1616793726.6737876]
[1616793724.1250749, 1616793726.8247523]
[1616793723.8910038, 1616793726.5659385]
[1616793724.1520941, 1616793726.8590024]
[1616793724.1932764, 1616793726.9247632]
[1616793724.256755, 1616793726.955985]
[1616793724.3776467, 1616793727.1017876]
[1616793724.4725006, 1616793727.2162838]
[1616793724.3691378, 1616793727.0391753]
[1616793724.317853, 1616793727.0211356]
[1616793724.302953, 1616793726.96652]
[1616793724.2611916, 1616793727.0052567]
[1616793724.342142, 1616793727.0866287]
[1616793724.6239378, 1616793727.353798]
[1616793724.7034686, 1616793727.429566]
[1616793724.647964, 1616793727.316907]
[1616793724.560065, 1616793727.290518]
[1616793724.6936753, 1616793727.4687839]
[1616793724.8549373, 1616793727.5309708]
[1616793724.618554, 1616793727.3308656]
[1616793724.831085, 1616793727.4384873]
[1616793724.8422961, 1616793727.5449188]
[1616793724.8901906, 1616793727.5353475]
[1616793724.998283, 1616793727.6315713]
[1616793724.848652, 1616793727.5578897]
[1616793724.7627745, 1616793727.4613132]
[1616793725.0177088, 1616793727.7329848]
[1616793724.89792, 1616793727.6260664]
[1616793724.9508717, 1616793727.6374228]
[1616793725.0628154, 1616793727.7253585]
[1616793725.2508752, 1616793727.9183304]
[1616793725.4309852, 1616793728.110277]
[1616793725.2892857, 1616793727.9423618]
[1616793725.2946963, 1616793727.9984694]
[1616793725.3622959, 1616793728.0653641]
[1616793725.5036592, 1616793728.2468333]
[1616793725.4270604, 1616793728.138913]
[1616793725.348622, 1616793728.0693989]
[1616793725.534646, 1616793728.2778997]
[1616793725.558091, 1616793728.2885926]
[1616793725.5899644, 1616793728.2404158]
[1616793725.9323132, 1616793728.6524985]
[1616793725.94741, 1616793728.607251]
[1616793725.887681, 1616793728.6010225]
[1616793725.92382, 1616793728.6389616]
[1616793725.7423875, 1616793728.4773095]
[1616793726.1003761, 1616793728.807014]
[1616793725.903432, 1616793728.6186447]
[1616793726.118561, 1616793728.8320508]
[1616793726.1272192, 1616793728.7954075]
[1616793726.1172292, 1616793728.7910278]
[1616793726.2804081, 1616793728.957394]
[1616793726.282983, 1616793729.0091908]
[1616793726.638825, 1616793729.354436]
[1616793726.66151, 1616793729.3721886]
[1616793726.3893135, 1616793729.130296]
[1616793726.5947351, 1616793729.2877307]
[1616793726.4252684, 1616793729.1522307]
[1616793726.3570063, 1616793729.1056125]
[1616793726.562553, 1616793729.282575]
[1616793726.6083846, 1616793729.3103461]
[1616793726.6226847, 1616793729.3104784]
[1616793726.8589914, 1616793729.5240047]
[1616793726.7967558, 1616793729.4916773]
[1616793726.84514, 1616793729.54649]
[1616793727.0905013, 1616793729.760652]
[1616793726.8291416, 1616793729.5559728]
[1616793726.9532247, 1616793729.6619444]
[1616793727.0272937, 1616793729.7443428]
[1616793727.1632543, 1616793729.9090278]
[1616793727.1111193, 1616793729.8382874]
[1616793727.2908537, 1616793730.0234537]
[1616793726.9507766, 1616793729.693577]
[1616793727.2358282, 1616793729.9338837]
[1616793727.5425413, 1616793730.2062254]
[1616793727.420373, 1616793730.1386793]
[1616793727.434916, 1616793730.170611]
[1616793727.4343314, 1616793730.1536794]
[1616793727.4269323, 1616793730.0972981]
[1616793727.3938944, 1616793730.1225896]
[1616793727.6185374, 1616793730.3273616]
[1616793727.6248226, 1616793730.3345866]
[1616793727.5421627, 1616793730.2167063]
[1616793727.804685, 1616793730.494427]
[1616793727.6898956, 1616793730.3683186]
[1616793728.0112321, 1616793730.9167237]
[1616793727.928796, 1616793730.5866206]
[1616793727.886878, 1616793730.551017]
[1616793727.9238014, 1616793730.5594501]
[1616793728.0182211, 1616793730.665025]
[1616793728.0532365, 1616793730.8645253]
[1616793728.168208, 1616793730.8784423]
[1616793728.219472, 1616793730.8914964]
[1616793728.2278073, 1616793730.964804]
[1616793728.4496698, 1616793731.1658955]
[1616793728.288171, 1616793731.042647]
[1616793728.366939, 1616793731.099127]
[1616793728.5303288, 1616793731.2514207]
[1616793728.480376, 1616793731.1981707]
[1616793728.4125886, 1616793731.0596104]
[1616793728.4696822, 1616793731.2127852]
[1616793728.398144, 1616793731.1893258]
[1616793728.6708167, 1616793731.390058]
[1616793728.6518295, 1616793731.3468132]
[1616793728.6248884, 1616793731.3145108]
[1616793728.6816468, 1616793731.267765]
[1616793728.6946795, 1616793731.3548505]
[1616793728.7942228, 1616793731.4988723]
[1616793728.680809, 1616793731.4072754]
[1616793728.6736505, 1616793731.3330224]
[1616793728.9973347, 1616793731.7233684]
[1616793729.1127417, 1616793731.884212]
[1616793729.196875, 1616793731.94845]
[1616793729.3076222, 1616793731.997172]
[1616793729.3883781, 1616793732.1908426]
[1616793728.9702494, 1616793731.62281]
[1616793729.35853, 1616793732.083636]
[1616793729.5006137, 1616793732.185677]
[1616793729.1703217, 1616793731.8801124]
[1616793729.3471613, 1616793732.0300734]
[1616793729.4451215, 1616793732.1657512]
[1616793729.2322006, 1616793731.9570396]
[1616793729.3381727, 1616793732.0374606]
[1616793729.5087786, 1616793732.2228286]
[1616793729.557832, 1616793732.259183]
[1616793729.582073, 1616793732.3118517]
[1616793729.6821096, 1616793732.40673]
[1616793729.617981, 1616793732.2826378]
[1616793729.8270524, 1616793732.4976094]
[1616793729.763016, 1616793732.4806142]
[1616793729.8027794, 1616793732.5437684]
[1616793729.7872512, 1616793732.45789]
[1616793729.9034173, 1616793732.6301417]
[1616793730.0497057, 1616793732.7941816]
[1616793730.1834939, 1616793732.9212623]
[1616793730.0950963, 1616793732.8230028]
[1616793730.0488958, 1616793732.7232645]
[1616793730.2147608, 1616793732.8558767]
[1616793730.2596593, 1616793732.9753733]
[1616793730.1693904, 1616793732.8895493]
[1616793730.2545433, 1616793732.9339142]
[1616793730.4063442, 1616793733.0820942]
[1616793730.4977093, 1616793733.2040298]
[1616793730.4621632, 1616793733.1653302]
[1616793730.5694244, 1616793733.2038465]
[1616793730.5989652, 1616793733.2663932]
[1616793730.758398, 1616793733.4289918]
[1616793730.9642472, 1616793733.696109]
[1616793730.6891623, 1616793733.3330095]
[1616793730.7639296, 1616793733.4877787]
[1616793730.8043737, 1616793733.4681323]
[1616793730.754732, 1616793733.4344165]
[1616793730.9177878, 1616793733.5818205]
[1616793731.0565927, 1616793733.7389376]
[1616793731.033708, 1616793733.7750814]
[1616793731.034657, 1616793733.7716672]
[1616793730.973689, 1616793733.70395]
[1616793731.0553198, 1616793733.7824817]
[1616793731.1577518, 1616793733.7623997]
[1616793731.2223074, 1616793733.9296696]
[1616793731.1349926, 1616793733.8576162]
[1616793731.282056, 1616793733.8832908]
[1616793731.3764071, 1616793734.047376]
[1616793731.4169624, 1616793734.1383538]
[1616793731.5136824, 1616793734.2147233]
[1616793731.678858, 1616793734.345295]
[1616793731.419143, 1616793734.1695604]
[1616793731.6662936, 1616793734.3315175]
[1616793731.5117102, 1616793734.2191727]
[1616793731.7479734, 1616793734.516924]
[1616793731.9934669, 1616793734.7259285]
[1616793731.783237, 1616793734.491139]
[1616793732.0513422, 1616793734.73461]
[1616793731.8536844, 1616793734.5884628]
[1616793732.1804354, 1616793734.879147]
[1616793731.944493, 1616793734.7233207]
[1616793731.9633517, 1616793734.6846905]
[1616793732.181418, 1616793734.8997557]
[1616793732.1504362, 1616793734.833978]
[1616793732.0981066, 1616793734.8212478]
[1616793732.4435508, 1616793735.1551442]
[1616793732.574552, 1616793735.2953193]
[1616793732.4846294, 1616793735.1514163]
[1616793732.6664927, 1616793735.3848445]
[1616793732.6167634, 1616793735.3106565]
[1616793732.6813996, 1616793735.3789115]
[1616793732.751904, 1616793735.5035124]
[1616793732.6672034, 1616793735.3238838]
[1616793732.7990155, 1616793735.5383806]
[1616793732.5384305, 1616793735.240048]
[1616793732.7815924, 1616793735.4961867]
[1616793732.7376497, 1616793735.4025865]
[1616793732.5196295, 1616793735.1857438]
[1616793732.9262252, 1616793735.639929]
[1616793732.890646, 1616793735.61902]
[1616793733.0422332, 1616793735.7640991]
[1616793732.9890997, 1616793735.7472444]
[1616793732.8656244, 1616793735.509505]
[1616793733.0060604, 1616793735.7066495]
[1616793733.2370708, 1616793735.9318295]
[1616793733.1481247, 1616793735.8658466]
[1616793733.3251762, 1616793735.9876065]
[1616793733.199268, 1616793735.8953602]
[1616793733.1890013, 1616793735.912603]
[1616793733.234999, 1616793735.8713365]
[1616793733.421335, 1616793736.0670712]
[1616793733.4883082, 1616793736.186825]
[1616793733.556828, 1616793736.223646]
[1616793733.7688496, 1616793736.4352868]
[1616793733.657529, 1616793736.3383608]
[1616793733.5471196, 1616793736.2254336]
[1616793733.5232882, 1616793736.255115]
[1616793733.9066, 1616793736.4984043]
[1616793733.7070017, 1616793736.4282355]
[1616793733.8419635, 1616793736.5880578]
[1616793733.6762767, 1616793736.4036627]
[1616793733.9749377, 1616793736.7037063]
[1616793734.1099772, 1616793736.7681828]
[1616793734.1224098, 1616793736.8333046]
[1616793734.1157513, 1616793736.735903]
[1616793734.0472353, 1616793736.7765658]
[1616793733.8606613, 1616793736.656063]
[1616793734.2574055, 1616793736.9679406]
[1616793734.4814181, 1616793737.2153041]
[1616793734.3650699, 1616793737.0218284]
[1616793734.315572, 1616793737.0388927]
[1616793734.4584336, 1616793737.123749]
[1616793734.7976148, 1616793737.5311458]
[1616793733.9724874, 1616793736.6785705]
[1616793734.5708025, 1616793737.2959058]
[1616793734.2939749, 1616793736.9951215]
[1616793734.5200179, 1616793737.2413876]
[1616793734.7623024, 1616793737.4377463]
[1616793734.707768, 1616793737.4330854]
[1616793734.707546, 1616793737.4149895]
[1616793734.8465545, 1616793737.567161]
[1616793734.9466178, 1616793737.6686814]
[1616793734.8619752, 1616793737.6526473]
[1616793734.9492435, 1616793737.6529195]
[1616793734.8453157, 1616793737.5215435]
[1616793734.9724302, 1616793737.6839712]
[1616793735.2451913, 1616793737.9498603]
[1616793735.2900057, 1616793737.9739976]
[1616793735.1527505, 1616793737.9242656]
[1616793735.3479815, 1616793738.0745175]
[1616793735.3311467, 1616793737.9907897]
[1616793735.3441627, 1616793738.0978332]
[1616793735.3887932, 1616793738.0794325]
[1616793735.356455, 1616793738.0727787]
[1616793735.5325966, 1616793738.1884496]
[1616793735.5831583, 1616793738.300273]
[1616793735.7413127, 1616793738.4180284]
[1616793735.6839628, 1616793738.4245253]
[1616793735.6279576, 1616793738.3376255]
[1616793735.5467691, 1616793738.2973628]
[1616793735.7745442, 1616793738.4968858]
[1616793736.1387398, 1616793738.834301]
[1616793735.8878274, 1616793738.560938]
[1616793736.1876602, 1616793738.8915722]
[1616793735.886015, 1616793738.5090697]
[1616793736.1947381, 1616793738.882846]
[1616793736.1783686, 1616793738.8615465]
[1616793736.2878857, 1616793739.00566]
[1616793736.4329119, 1616793739.153582]
[1616793736.349893, 1616793739.0373437]
[1616793736.47075, 1616793739.1350393]
[1616793736.0997007, 1616793738.7485185]
[1616793736.3860707, 1616793739.1071966]
[1616793736.5533202, 1616793739.141181]
[1616793736.4905882, 1616793739.2092018]
[1616793736.7270198, 1616793739.4784584]
[1616793736.6148133, 1616793739.3554375]
[1616793736.490162, 1616793739.1854372]
[1616793736.5717115, 1616793739.2671084]
[1616793736.8922367, 1616793739.6368332]
[1616793736.5860636, 1616793739.3418255]
[1616793736.8434844, 1616793739.5758023]
[1616793736.9398968, 1616793739.6692123]
[1616793736.9255128, 1616793739.6212118]
[1616793736.9644003, 1616793739.6722012]
[1616793736.9270582, 1616793739.6436548]
[1616793736.7717125, 1616793739.3798058]
[1616793737.067638, 1616793739.7831924]
[1616793737.1539855, 1616793739.822928]
[1616793737.2229202, 1616793739.9409273]
[1616793737.3977695, 1616793740.1594465]
[1616793737.0790799, 1616793739.7676191]
[1616793737.2255547, 1616793739.9182127]
[1616793737.6399705, 1616793740.3268285]
[1616793737.4044511, 1616793740.0969052]
[1616793737.8515706, 1616793740.5516286]
[1616793737.4633687, 1616793740.1450965]
[1616793737.7749865, 1616793740.541898]
[1616793737.758394, 1616793740.4535117]
[1616793737.5222445, 1616793740.2656074]
[1616793737.548674, 1616793740.275896]
[1616793737.7728612, 1616793740.4750993]
[1616793737.6798825, 1616793740.3997874]
[1616793737.6288686, 1616793740.355513]
[1616793737.8839023, 1616793740.5500696]
[1616793737.9981043, 1616793740.6625881]
[1616793737.8972874, 1616793740.6182828]
[1616793737.9459226, 1616793740.6814651]
[1616793738.21977, 1616793740.867402]
[1616793738.3175218, 1616793741.0339637]
[1616793738.2524595, 1616793740.9402602]
[1616793738.0811992, 1616793740.805873]
[1616793737.785028, 1616793740.5171158]
[1616793738.2265701, 1616793740.9286828]
[1616793738.4331977, 1616793741.1542811]
[1616793738.720821, 1616793741.4472022]
[1616793738.3467066, 1616793741.0686617]
[1616793738.7101953, 1616793741.4086878]
[1616793738.7487879, 1616793741.4677782]
[1616793738.523358, 1616793741.1526895]
[1616793738.7406764, 1616793741.4491818]
[1616793738.7578475, 1616793741.4125204]
[1616793738.7750213, 1616793741.4962022]
[1616793738.8474529, 1616793741.5235968]
[1616793738.9794402, 1616793741.6675282]
[1616793738.997817, 1616793741.685298]
[1616793738.922942, 1616793741.6506214]
[1616793739.0983663, 1616793741.7844315]
[1616793739.0160093, 1616793741.7444408]
[1616793739.0989754, 1616793741.7885]
[1616793739.4865472, 1616793742.2130373]
[1616793739.1818688, 1616793741.9031878]
[1616793739.542235, 1616793742.2137127]
[1616793739.435293, 1616793742.166453]
[1616793739.3218174, 1616793742.0424092]
[1616793739.5302145, 1616793742.2403219]
[1616793739.6464436, 1616793742.3865442]
[1616793739.7962866, 1616793742.5109177]
[1616793739.8876734, 1616793742.6208906]
[1616793739.4233918, 1616793742.055624]
[1616793739.6133418, 1616793742.3296273]
[1616793739.758036, 1616793742.4627848]
[1616793739.5094569, 1616793742.2165198]
[1616793739.5809836, 1616793742.163484]
[1616793739.6848795, 1616793742.383873]
[1616793739.8806605, 1616793742.5341787]
[1616793739.8494477, 1616793742.5774925]
[1616793740.1262777, 1616793742.8303628]
[1616793740.031613, 1616793742.748023]
[1616793740.2290325, 1616793742.9264286]
[1616793740.17807, 1616793742.8889694]
[1616793740.2307386, 1616793742.889329]
[1616793740.3022254, 1616793743.0620415]
[1616793740.1511312, 1616793742.836112]
[1616793740.306917, 1616793743.0543277]
[1616793740.2423267, 1616793742.9090874]
[1616793740.686025, 1616793743.3494442]
[1616793740.4133186, 1616793743.1322486]
[1616793740.6278157, 1616793743.3793793]
[1616793740.5530152, 1616793743.2810767]
[1616793740.5357332, 1616793743.230147]
[1616793740.533304, 1616793743.2579272]
[1616793740.5756311, 1616793743.279155]
[1616793740.3924818, 1616793743.1089737]
[1616793740.7457042, 1616793743.4711528]
[1616793740.949071, 1616793743.6294456]
[1616793740.778589, 1616793743.443556]
[1616793740.9730735, 1616793743.6851628]
[1616793740.8005235, 1616793743.4970427]
[1616793741.1846976, 1616793743.828254]
[1616793741.2857044, 1616793743.9338293]
[1616793741.1186924, 1616793743.8760977]
[1616793741.1419158, 1616793743.8554466]
[1616793741.4220948, 1616793744.0713358]
[1616793741.4535306, 1616793744.175256]
[1616793741.386173, 1616793744.1138635]
[1616793741.409007, 1616793744.1036763]
[1616793741.5341873, 1616793744.1936867]
[1616793741.401589, 1616793744.069165]
[1616793741.6041164, 1616793744.3210552]
[1616793741.1770225, 1616793743.9117668]
[1616793741.6669545, 1616793744.3641763]
[1616793741.925906, 1616793744.654012]
[1616793741.6128676, 1616793744.345933]
[1616793741.7522583, 1616793744.4745023]
[1616793741.6807716, 1616793744.338114]
[1616793741.883494, 1616793744.5653334]
[1616793741.855631, 1616793744.53014]
[1616793742.0203094, 1616793744.6889124]
[1616793741.827148, 1616793744.501275]
[1616793742.0896623, 1616793744.7152472]
[1616793742.3820417, 1616793745.0544505]
[1616793742.3516226, 1616793745.086818]
[1616793742.145518, 1616793744.835952]
[1616793742.2237442, 1616793744.94857]
[1616793742.5365133, 1616793745.238394]
[1616793742.5363586, 1616793745.262817]
[1616793742.6127503, 1616793745.3504443]
[1616793742.2771952, 1616793744.98714]
[1616793742.5468218, 1616793745.268038]
[1616793742.538062, 1616793745.1961453]
[1616793742.586329, 1616793745.2520654]
[1616793742.1533427, 1616793744.8311424]
[1616793742.5267634, 1616793745.2405488]
[1616793742.8697624, 1616793745.5784554]
[1616793742.6828983, 1616793745.2742364]
[1616793742.6470444, 1616793745.3595507]
[1616793742.8416758, 1616793745.5247416]
[1616793742.9264498, 1616793745.5919049]
[1616793742.8451972, 1616793745.521982]
[1616793742.6606011, 1616793745.3898292]
[1616793742.8515902, 1616793745.5726612]
[1616793743.018999, 1616793745.7247775]
[1616793743.2854183, 1616793746.0238836]
[1616793743.310606, 1616793746.031898]
[1616793743.1919458, 1616793745.9274337]
[1616793743.2634122, 1616793745.9679062]
[1616793743.2186766, 1616793745.9745932]
[1616793743.1710308, 1616793745.9194615]
[1616793743.0181866, 1616793745.714494]
[1616793743.5310774, 1616793746.233661]
[1616793743.280316, 1616793745.9780962]
[1616793743.217082, 1616793746.0613315]
[1616793743.4836655, 1616793746.2048857]
[1616793743.3934767, 1616793746.1098435]
[1616793743.6413448, 1616793746.3076942]
[1616793743.7133703, 1616793746.397151]
[1616793743.7052898, 1616793746.4159849]
[1616793743.9868038, 1616793746.7195315]
[1616793743.7424014, 1616793746.3929188]
[1616793743.8779051, 1616793746.58757]
[1616793743.8461316, 1616793746.478356]
[1616793743.7934334, 1616793746.5226946]
[1616793744.1608133, 1616793746.850459]
[1616793743.9708943, 1616793746.6296902]
[1616793743.9108381, 1616793746.6316693]
[1616793744.2197468, 1616793746.9075146]
[1616793744.2569532, 1616793746.9835613]
[1616793744.3255494, 1616793746.9953375]
[1616793744.1218417, 1616793746.8390672]
[1616793744.3022647, 1616793746.9537172]
[1616793744.376704, 1616793747.0746233]
[1616793744.3109074, 1616793746.9875512]
[1616793744.4927006, 1616793747.2186737]
[1616793744.7704296, 1616793747.402612]
[1616793744.7736976, 1616793747.4474416]
[1616793744.8799226, 1616793747.6369216]
[1616793744.6651983, 1616793747.435261]
[1616793744.7993443, 1616793747.494572]
[1616793745.0513813, 1616793747.7102075]
[1616793745.0662332, 1616793747.740066]
[1616793744.868748, 1616793747.5788963]
[1616793744.8826475, 1616793747.551643]
[1616793745.1426873, 1616793747.8562443]
[1616793744.9911027, 1616793747.7477944]
[1616793744.8818, 1616793747.5505774]
[1616793744.935089, 1616793747.6702583]
[1616793745.0476685, 1616793747.771438]
[1616793745.0558376, 1616793747.7703736]
[1616793745.3052433, 1616793748.0080822]
[1616793745.3009753, 1616793747.889909]
[1616793745.3913193, 1616793748.115531]
[1616793745.4598465, 1616793748.2037697]
[1616793745.4574554, 1616793748.190152]
[1616793745.519938, 1616793748.246891]
[1616793745.6682007, 1616793748.3700974]
[1616793745.5970054, 1616793748.3111367]
[1616793745.600822, 1616793748.2659001]
[1616793745.7196283, 1616793748.4079475]
[1616793745.626292, 1616793748.341518]
[1616793745.8709385, 1616793748.6057618]
[1616793745.7359614, 1616793748.416199]
[1616793745.865672, 1616793748.5400937]
[1616793745.9989507, 1616793748.700942]
[1616793746.2496674, 1616793748.9454665]
[1616793745.7297518, 1616793748.4451103]
[1616793746.192941, 1616793748.9232802]
[1616793746.1895866, 1616793748.912002]
[1616793745.945513, 1616793748.6904004]
[1616793746.2651887, 1616793748.9876125]
[1616793746.2739015, 1616793749.00894]
[1616793746.2023244, 1616793748.9017053]
[1616793746.3078804, 1616793749.089975]
[1616793746.3385336, 1616793749.0579708]
[1616793746.3269637, 1616793749.0082233]
[1616793746.4749725, 1616793749.1765916]
[1616793746.7098763, 1616793749.4319584]
[1616793746.8897245, 1616793749.581692]
[1616793746.5723627, 1616793749.2962646]
[1616793746.751847, 1616793749.466907]
[1616793746.802043, 1616793749.5493312]
[1616793746.9222517, 1616793749.6564217]
[1616793746.7671757, 1616793749.4226773]
[1616793746.9901764, 1616793749.7208433]
[1616793746.9398685, 1616793749.574799]
[1616793746.9411643, 1616793749.6135566]
[1616793746.9197435, 1616793749.5992813]
[1616793747.3192172, 1616793749.965265]
[1616793747.1807678, 1616793749.8635857]
[1616793747.0740998, 1616793749.74417]
[1616793747.296541, 1616793750.0166037]
[1616793747.0999138, 1616793749.8091154]
[1616793747.501652, 1616793750.1960218]
[1616793747.3882933, 1616793750.1091752]
[1616793747.419595, 1616793750.0406957]
[1616793747.3487413, 1616793750.0196142]
[1616793747.4244058, 1616793750.1405797]
[1616793747.445662, 1616793750.1533604]
[1616793747.4969835, 1616793750.2734826]
[1616793747.7561488, 1616793750.4674752]
[1616793747.7832394, 1616793750.5548675]
[1616793747.7888234, 1616793750.4525807]
[1616793747.5585375, 1616793750.2195833]
[1616793748.004727, 1616793750.7321515]
[1616793747.77716, 1616793750.487278]
[1616793747.9436424, 1616793750.556134]
[1616793747.7045603, 1616793750.4391701]
[1616793748.0572066, 1616793750.7130835]
[1616793748.0228693, 1616793750.7615933]
[1616793748.1960063, 1616793750.9184985]
[1616793748.2856214, 1616793751.0382924]
[1616793748.1004846, 1616793750.7839928]
[1616793748.2725759, 1616793750.9375072]
[1616793748.3108182, 1616793751.0616632]
[1616793748.2205455, 1616793750.9581726]
[1616793748.5223556, 1616793751.2150855]
[1616793748.6018584, 1616793751.2735252]
[1616793748.6972685, 1616793751.438996]
[1616793748.6161082, 1616793751.35089]
[1616793748.8238547, 1616793751.515619]
[1616793748.7408147, 1616793751.4551008]
[1616793748.4502215, 1616793751.1486819]
[1616793748.5336716, 1616793751.1925795]
[1616793748.7301188, 1616793751.4194458]
[1616793748.7144728, 1616793751.4184844]
[1616793748.9145834, 1616793751.6163423]
[1616793748.8371944, 1616793751.5299833]
[1616793749.1307607, 1616793751.8574991]
[1616793748.994791, 1616793751.7149906]
[1616793749.230554, 1616793751.9563196]
[1616793748.9956872, 1616793751.688708]
[1616793749.0763757, 1616793751.7888117]
[1616793749.2739093, 1616793751.9463959]
[1616793749.225952, 1616793751.934178]
[1616793749.1145034, 1616793751.8386438]
[1616793749.0456803, 1616793751.7783532]
[1616793749.1204333, 1616793751.798651]
[1616793749.455849, 1616793752.1778045]
[1616793749.6024833, 1616793752.2980087]
[1616793749.5487256, 1616793752.2101727]
[1616793749.522663, 1616793752.2555146]
[1616793749.6552126, 1616793752.318711]
[1616793749.6216757, 1616793752.2955532]
[1616793749.6976802, 1616793752.4211314]
[1616793749.770058, 1616793752.3837206]
[1616793749.7335026, 1616793752.4657474]
[1616793749.7786136, 1616793752.4967268]
[1616793749.9016774, 1616793752.57104]
[1616793749.8261704, 1616793752.5681424]
[1616793750.2002902, 1616793752.913678]
[1616793750.1709278, 1616793752.8955345]
[1616793749.9911785, 1616793752.626841]
[1616793749.8254433, 1616793752.5178645]
[1616793749.7544048, 1616793752.4226391]
[1616793750.0510075, 1616793752.6511145]
[1616793750.2955341, 1616793752.9717824]
[1616793750.2714045, 1616793752.994964]
[1616793750.4862227, 1616793753.208502]
[1616793750.3680668, 1616793753.096418]
[1616793750.4463925, 1616793753.1885703]
[1616793750.4667625, 1616793753.1487293]
[1616793750.4731605, 1616793753.1861236]
[1616793750.772613, 1616793753.4721065]
[1616793750.5498464, 1616793753.2564926]
[1616793750.9607527, 1616793753.687028]
[1616793750.5615954, 1616793753.2167068]
[1616793750.7981763, 1616793753.4821496]
[1616793750.7232113, 1616793753.368887]
[1616793750.8065917, 1616793753.581652]
[1616793750.9130032, 1616793753.6311927]
[1616793750.834715, 1616793753.42145]
[1616793750.943, 1616793753.628909]
[1616793751.1753676, 1616793753.868268]
[1616793751.0222118, 1616793753.6737216]
[1616793751.015036, 1616793753.7223291]
[1616793751.1497672, 1616793753.8817787]
[1616793751.0136533, 1616793753.7401278]
[1616793751.2709842, 1616793753.9679034]
[1616793751.3230157, 1616793753.9887528]
[1616793751.4434237, 1616793754.1168869]
[1616793751.4676528, 1616793754.1863983]
[1616793751.566814, 1616793754.2712288]
[1616793751.3595695, 1616793754.0765865]
[1616793751.4812207, 1616793754.223217]
[1616793751.6943257, 1616793754.4061995]
[1616793751.6027682, 1616793754.3104613]
[1616793751.772925, 1616793754.50303]
[1616793751.7223423, 1616793754.461834]
[1616793751.6828172, 1616793754.3991227]
[1616793751.8620665, 1616793754.5864336]
[1616793751.3654058, 1616793754.0298214]
[1616793751.756108, 1616793754.459703]
[1616793751.8615086, 1616793754.5364385]
[1616793751.9747484, 1616793754.6901786]
[1616793751.991449, 1616793754.6784036]
[1616793752.052089, 1616793754.7618406]
[1616793752.0684068, 1616793754.8379595]
[1616793752.174041, 1616793754.8792279]
[1616793752.1654894, 1616793754.9059486]
[1616793752.144282, 1616793754.8682508]
[1616793752.2617707, 1616793754.9201114]
[1616793752.335697, 1616793754.99306]
[1616793752.4216952, 1616793755.1258366]
[1616793752.4874048, 1616793755.2236936]
[1616793752.3993218, 1616793755.0434637]
[1616793752.440001, 1616793755.108982]
[1616793752.7710779, 1616793755.4650688]
[1616793752.721668, 1616793755.3710763]
[1616793752.708562, 1616793755.329961]
[1616793752.9135985, 1616793755.6902523]
[1616793752.7973645, 1616793755.5108776]
[1616793752.7236502, 1616793755.3931603]
[1616793752.7566407, 1616793755.4724128]
[1616793752.8092833, 1616793755.5361214]
[1616793752.857231, 1616793755.5756452]
[1616793752.8487365, 1616793755.5287988]
[1616793752.8507354, 1616793755.590918]
[1616793753.011601, 1616793755.676628]
[1616793753.0540822, 1616793755.7290618]
[1616793753.0890045, 1616793755.8027484]
[1616793753.11676, 1616793755.797999]
[1616793753.31482, 1616793756.028905]
[1616793753.3086178, 1616793755.9832087]
[1616793753.151316, 1616793755.8077722]
[1616793753.3446367, 1616793756.0966063]
[1616793753.3409648, 1616793756.066863]
[1616793753.2968867, 1616793756.0186944]
[1616793753.522962, 1616793756.1325955]
[1616793753.5466373, 1616793756.2082393]
[1616793753.7526329, 1616793756.4809122]
[1616793753.4937863, 1616793756.1961927]
[1616793753.4931808, 1616793756.1776688]
[1616793753.8396676, 1616793756.4917095]
[1616793753.8378246, 1616793756.5615983]
[1616793753.9133067, 1616793756.5925257]
[1616793753.8922048, 1616793756.6038806]
[1616793754.0647898, 1616793756.7600212]
[1616793754.0239217, 1616793756.7040367]
[1616793753.8073637, 1616793756.523676]
[1616793754.1944509, 1616793756.9177327]
[1616793754.0660522, 1616793756.7926555]
[1616793754.1365163, 1616793756.8188741]
[1616793754.064066, 1616793756.7308846]
[1616793754.3742964, 1616793757.0377088]
[1616793754.402407, 1616793757.1587353]
[1616793754.2374194, 1616793756.9651108]
[1616793754.3216918, 1616793757.0315144]
[1616793754.3084643, 1616793757.007573]
[1616793754.3175063, 1616793757.0364342]
[1616793754.4414618, 1616793757.1434286]
[1616793754.5733886, 1616793757.296517]
[1616793754.5809455, 1616793757.3149319]
[1616793754.5541036, 1616793757.240378]
[1616793754.6703827, 1616793757.3921037]
[1616793754.7756596, 1616793757.4694126]
[1616793754.7214136, 1616793757.4409943]
[1616793754.9794104, 1616793757.6374798]
[1616793754.8955235, 1616793757.6057343]
[1616793754.91254, 1616793757.631131]
[1616793755.3291457, 1616793758.0779405]
[1616793755.2701113, 1616793757.9430869]
[1616793754.791611, 1616793757.450215]
[1616793755.0806344, 1616793757.7284715]
[1616793754.8553507, 1616793757.6021054]
[1616793755.1540518, 1616793757.8575912]
[1616793755.2547386, 1616793758.0050488]
[1616793755.4190414, 1616793758.1029072]
[1616793755.3133266, 1616793757.9924283]
[1616793755.4368308, 1616793758.0623171]
[1616793755.5150304, 1616793758.2378771]
[1616793755.7535975, 1616793758.4623995]
[1616793755.6724784, 1616793758.3992357]
[1616793755.7792153, 1616793758.4893837]
[1616793755.8408775, 1616793758.5706925]
[1616793755.648089, 1616793758.3606844]
[1616793755.874294, 1616793758.5742624]
[1616793755.7884421, 1616793758.4894147]
[1616793755.3856773, 1616793758.039991]
[1616793755.8250504, 1616793758.4760296]
[1616793756.0600307, 1616793758.826929]
[1616793756.2596436, 1616793758.9963787]
[1616793756.2026787, 1616793758.9516425]
[1616793756.2659996, 1616793758.9868228]
[1616793756.168727, 1616793758.7788167]
[1616793756.2325814, 1616793758.8973565]
[1616793756.2947264, 1616793759.0172265]
[1616793756.4441576, 1616793759.1925304]
[1616793756.3795981, 1616793759.03525]
[1616793756.5575728, 1616793759.2740552]
[1616793756.6352832, 1616793759.3564684]
[1616793756.1791966, 1616793758.8800497]
[1616793756.59265, 1616793759.329148]
[1616793756.681523, 1616793759.361298]
[1616793756.6922073, 1616793759.3670204]
[1616793756.830893, 1616793759.51822]
[1616793756.9548738, 1616793759.6810324]
[1616793756.8523285, 1616793759.5112987]
[1616793756.797524, 1616793759.5777566]
[1616793756.8230653, 1616793759.556853]
[1616793757.0810773, 1616793759.7578757]
[1616793757.13984, 1616793759.8399117]
[1616793756.922524, 1616793759.5846531]
[1616793757.1716948, 1616793759.8883185]
[1616793757.2755668, 1616793759.967583]
[1616793757.2719967, 1616793759.9291615]
[1616793757.1474905, 1616793759.8478694]
[1616793757.1893148, 1616793759.8848228]
[1616793756.9864147, 1616793759.7118845]
[1616793757.641806, 1616793760.3580415]
[1616793757.7153182, 1616793760.376443]
[1616793757.5334415, 1616793760.2310863]
[1616793757.3806236, 1616793760.1154594]
[1616793757.4085593, 1616793760.1439881]
[1616793757.1404347, 1616793759.8662565]
[1616793757.567718, 1616793760.2353725]
[1616793757.2403932, 1616793759.9668036]
[1616793757.642132, 1616793760.3571022]
[1616793757.9099436, 1616793760.6350284]
[1616793758.0968444, 1616793760.8324938]
[1616793757.7844958, 1616793760.513398]
[1616793757.8761368, 1616793760.5706997]
[1616793757.7840612, 1616793760.4330442]
[1616793758.351444, 1616793761.0808733]
[1616793758.197156, 1616793760.8977878]
[1616793758.4134915, 1616793761.1341643]
[1616793757.9232008, 1616793760.6595492]
[1616793758.3266149, 1616793760.9832082]
[1616793758.2374582, 1616793760.8496726]
[1616793758.4544532, 1616793761.1887743]
[1616793758.669183, 1616793761.3804057]
[1616793758.245809, 1616793760.955013]
[1616793758.6156378, 1616793761.286988]
[1616793758.5509408, 1616793761.2995472]
[1616793758.6418471, 1616793761.3489864]
[1616793758.5582879, 1616793761.2023246]
[1616793758.5327106, 1616793761.203676]
[1616793758.739406, 1616793761.400875]
[1616793758.902205, 1616793761.5520763]
[1616793758.7526932, 1616793761.416854]
[1616793759.009238, 1616793761.6909888]
[1616793758.8397655, 1616793761.5563567]
[1616793759.0455306, 1616793761.700862]
[1616793759.065518, 1616793761.7773206]
[1616793759.113491, 1616793761.817044]
[1616793759.0975454, 1616793761.8478234]
[1616793759.1321857, 1616793761.7200296]
[1616793759.0886436, 1616793761.8446314]
[1616793759.215961, 1616793761.9404652]
[1616793759.3230102, 1616793762.0701618]
[1616793759.3543696, 1616793762.0739143]
[1616793759.3197367, 1616793762.0311148]
[1616793759.5824711, 1616793762.2992435]
[1616793759.4217508, 1616793762.0853717]
[1616793759.548552, 1616793762.2409108]
[1616793759.692887, 1616793762.4115381]
[1616793759.7047, 1616793762.388241]
[1616793759.6010249, 1616793762.2779615]
[1616793759.6328435, 1616793762.338922]
[1616793759.645164, 1616793762.3094442]
[1616793760.0719185, 1616793762.7710152]
[1616793759.8235059, 1616793762.5030308]
[1616793759.924208, 1616793762.6492355]
[1616793759.8971207, 1616793762.6317523]
[1616793760.0590873, 1616793762.71452]
[1616793760.014724, 1616793762.7559645]
[1616793759.9145067, 1616793762.614161]
[1616793760.0838006, 1616793762.7956543]
[1616793760.0945055, 1616793762.8092804]
[1616793760.1211972, 1616793762.883537]
[1616793760.2089097, 1616793762.985354]
[1616793760.445385, 1616793763.1769402]
[1616793760.0020962, 1616793762.6876774]
[1616793760.5357606, 1616793763.2695434]
[1616793760.400656, 1616793763.0425432]
[1616793760.4415722, 1616793763.0919383]
[1616793760.6213138, 1616793763.3401277]
[1616793760.8615408, 1616793763.512068]
[1616793760.54832, 1616793763.2624831]
[1616793760.8017795, 1616793763.530907]
[1616793760.6592872, 1616793763.4087675]
[1616793760.9227688, 1616793763.6159616]
[1616793760.862108, 1616793763.5582452]
[1616793760.856701, 1616793763.4486825]
[1616793760.84383, 1616793763.571043]
[1616793761.0946631, 1616793763.8236692]
[1616793761.195939, 1616793763.9130456]
[1616793761.3717592, 1616793764.0262027]
[1616793761.05109, 1616793763.7055545]
[1616793761.209267, 1616793763.885472]
[1616793761.3061945, 1616793764.0846393]
[1616793761.3861587, 1616793764.056077]
[1616793761.5253336, 1616793764.1815915]
[1616793761.5713081, 1616793764.2818856]
[1616793761.3020585, 1616793763.9974978]
[1616793761.3677795, 1616793764.1294024]
[1616793761.669097, 1616793764.3949625]
[1616793761.5859876, 1616793764.2287247]
[1616793761.6055474, 1616793764.3302631]
[1616793761.5213113, 1616793764.20997]
[1616793761.6764736, 1616793764.3963637]
[1616793761.7782416, 1616793764.3592317]
[1616793761.7038534, 1616793764.3787522]
[1616793762.0740857, 1616793764.7866278]
[1616793762.0695734, 1616793764.7975998]
[1616793761.8455844, 1616793764.548039]
[1616793762.00006, 1616793764.7429287]
[1616793762.2143066, 1616793764.943935]
[1616793762.032484, 1616793764.7363315]
[1616793762.2434123, 1616793764.95916]
[1616793762.2097726, 1616793764.8551285]
[1616793762.2816734, 1616793764.9934497]
[1616793762.2590458, 1616793764.9517968]
[1616793762.4853787, 1616793765.1766331]
[1616793762.3121705, 1616793765.0255787]
[1616793762.3803444, 1616793765.0780513]
[1616793762.3864572, 1616793765.0795605]
[1616793762.4629488, 1616793765.1649165]
[1616793762.5523767, 1616793765.2241213]
[1616793762.5638795, 1616793765.2191849]
[1616793762.6812341, 1616793765.4170222]
[1616793762.4305577, 1616793765.1442585]
[1616793762.7082708, 1616793765.4080856]
[1616793762.668397, 1616793765.3813179]
[1616793762.924633, 1616793765.6098802]
[1616793762.952136, 1616793765.6565943]
[1616793762.9953578, 1616793765.7146485]
[1616793762.9565613, 1616793765.686023]
[1616793763.1731737, 1616793765.8691943]
[1616793763.1731417, 1616793765.8311923]
[1616793762.8390963, 1616793765.5608604]
[1616793762.913321, 1616793765.6376393]
[1616793763.231989, 1616793765.9453912]
[1616793763.0926347, 1616793765.7600653]
[1616793763.0695167, 1616793765.7059858]
[1616793763.3121054, 1616793766.0269136]
[1616793763.3666892, 1616793766.049978]
[1616793763.2966764, 1616793766.135482]
[1616793763.4332218, 1616793766.1589725]
[1616793763.7094734, 1616793766.4333253]
[1616793763.4510417, 1616793766.1822317]
[1616793763.7085176, 1616793766.3596847]
[1616793763.7512522, 1616793766.481031]
[1616793763.6637332, 1616793766.3413975]
[1616793763.8417897, 1616793766.5689504]
[1616793763.6002934, 1616793766.3664153]
[1616793763.9872642, 1616793766.721924]
[1616793763.8938673, 1616793766.5599136]
[1616793764.0456352, 1616793766.6880214]
[1616793763.8935661, 1616793766.5585766]
[1616793764.1243563, 1616793766.7940943]
[1616793764.1728106, 1616793766.857408]
[1616793764.1562026, 1616793766.8979824]
[1616793764.1182518, 1616793766.8367627]
[1616793764.2428675, 1616793766.8952472]
[1616793764.3506656, 1616793767.0716062]
[1616793764.3591535, 1616793767.07423]
[1616793764.5621161, 1616793767.272493]
[1616793764.6736374, 1616793767.3384237]
[1616793764.437172, 1616793767.1638334]
[1616793764.6044736, 1616793767.2718875]
[1616793764.6638658, 1616793767.3307621]
[1616793764.5211594, 1616793767.2355692]
[1616793764.61701, 1616793767.2026515]
[1616793764.882384, 1616793767.538546]
[1616793764.7967894, 1616793767.5020795]
[1616793764.72919, 1616793767.315062]
[1616793764.9779482, 1616793767.6970394]
[1616793764.8437016, 1616793767.568223]
[1616793764.7742834, 1616793767.5227268]
[1616793765.117875, 1616793767.7826712]
[1616793765.0725539, 1616793767.783479]
[1616793765.0408497, 1616793767.7544487]
[1616793765.46489, 1616793768.2123704]
[1616793765.3332424, 1616793767.9954917]
[1616793765.3330708, 1616793768.0308561]
[1616793765.0842347, 1616793767.7664807]
[1616793765.3219683, 1616793767.995915]
[1616793765.197713, 1616793767.8726172]
[1616793765.4783976, 1616793768.2033978]
[1616793765.5837538, 1616793768.2934866]
[1616793765.638016, 1616793768.3434563]
[1616793765.4948719, 1616793768.218745]
[1616793765.4138942, 1616793768.0942419]
[1616793765.6249595, 1616793768.31983]
[1616793765.4976954, 1616793768.1940265]
[1616793765.53106, 1616793768.2513056]
[1616793765.6384456, 1616793768.3391123]
[1616793765.7968667, 1616793768.4931562]
[1616793765.9281058, 1616793768.6198287]
[1616793765.9418612, 1616793768.598354]
[1616793765.9666042, 1616793768.6826017]
[1616793765.9819295, 1616793768.7269762]
[1616793766.0906754, 1616793768.7640328]
[1616793766.147649, 1616793768.8824239]
[1616793766.155424, 1616793768.870384]
[1616793766.426261, 1616793769.126416]
[1616793766.2294, 1616793768.9303806]
[1616793766.2829928, 1616793769.007368]
[1616793766.1628144, 1616793768.8159626]
[1616793766.3692653, 1616793769.0180547]
[1616793766.2971318, 1616793769.0291746]
[1616793766.3611066, 1616793769.0461586]
[1616793766.4923584, 1616793769.2232027]
[1616793766.4634345, 1616793769.162477]
[1616793766.423745, 1616793769.1574674]
[1616793766.4908512, 1616793769.2421522]
[1616793766.6766067, 1616793769.348821]
[1616793766.6163964, 1616793769.343504]
[1616793766.7496688, 1616793769.473839]
[1616793766.5734575, 1616793769.2432714]
[1616793766.8231637, 1616793769.487874]
[1616793766.8359985, 1616793769.4951682]
[1616793766.9254725, 1616793769.6594183]
[1616793766.870947, 1616793769.5645254]
[1616793766.9906766, 1616793769.7028215]
[1616793767.0580375, 1616793769.7559178]
[1616793767.1883037, 1616793769.9067502]
[1616793766.9309895, 1616793769.6651561]
[1616793766.9265795, 1616793769.5929801]
[1616793767.1958644, 1616793769.8648493]
[1616793767.1347315, 1616793769.873342]
[1616793767.2293966, 1616793769.8106062]
[1616793767.1024723, 1616793769.8236995]
[1616793767.2319217, 1616793769.8957958]
[1616793767.2883766, 1616793770.0011492]
[1616793767.3414855, 1616793770.0154006]
[1616793767.3510542, 1616793770.0253444]
[1616793767.4065578, 1616793770.0988986]
[1616793767.6101422, 1616793770.3869898]
[1616793767.3890789, 1616793769.9909248]
[1616793767.5345054, 1616793770.2711055]
[1616793767.4483268, 1616793770.1720078]
[1616793767.6857922, 1616793770.3768115]
[1616793767.700226, 1616793770.38512]
[1616793767.6663647, 1616793770.3298872]
[1616793767.6740427, 1616793770.4012601]
[1616793767.799118, 1616793770.5082781]
[1616793767.8226464, 1616793770.5070581]
[1616793767.8480654, 1616793770.5201478]
[1616793767.9861557, 1616793770.6218655]
[1616793767.8926313, 1616793770.5891771]
[1616793767.961928, 1616793770.6739693]
[1616793768.0248718, 1616793770.6907635]
[1616793768.0611942, 1616793770.757989]
[1616793768.0009716, 1616793770.6809838]
[1616793767.9488726, 1616793770.6630907]
[1616793768.0954175, 1616793770.7631824]
[1616793768.1826777, 1616793770.868571]
[1616793768.1782897, 1616793770.8259141]
[1616793768.2847812, 1616793771.0248332]
[1616793768.3375993, 1616793771.0062556]
[1616793768.1495838, 1616793770.8447917]
[1616793768.2834098, 1616793771.017601]
[1616793768.480574, 1616793771.1759036]
[1616793768.3455887, 1616793771.0766559]
[1616793768.3221478, 1616793771.1046202]
[1616793768.485344, 1616793771.1766007]
[1616793768.310426, 1616793771.0519004]
[1616793768.6217794, 1616793771.284603]
[1616793768.5274742, 1616793771.2009175]
[1616793768.6304243, 1616793771.3254423]
[1616793768.6611595, 1616793771.3668976]
[1616793768.571844, 1616793771.2571998]
[1616793768.6156847, 1616793771.2676344]
[1616793768.711583, 1616793771.388089]
[1616793768.6448445, 1616793771.3002625]
[1616793768.7949448, 1616793771.5071285]
[1616793768.8048162, 1616793771.5384414]
[1616793768.7016108, 1616793771.4229672]
[1616793768.9400697, 1616793771.6488118]
[1616793769.1557307, 1616793771.8543947]
[1616793768.8942325, 1616793771.6362555]
[1616793769.0482466, 1616793771.6784346]
[1616793768.9683907, 1616793771.6168516]
[1616793768.9251692, 1616793771.640176]
[1616793769.0092726, 1616793771.6619735]
[1616793768.9833503, 1616793771.6635034]
[1616793769.080465, 1616793771.7452457]
[1616793769.0364792, 1616793771.764828]
[1616793769.226336, 1616793771.9000454]
[1616793769.0137722, 1616793771.7364612]
[1616793769.2052467, 1616793771.9584298]
[1616793769.171476, 1616793771.880926]
[1616793769.0755582, 1616793771.7640383]
[1616793769.3341234, 1616793772.0562265]
[1616793769.2775366, 1616793771.943794]
[1616793769.4201875, 1616793772.076258]
[1616793769.4302227, 1616793772.0739968]
[1616793769.3480647, 1616793772.0740292]
[1616793769.4102724, 1616793772.079193]
[1616793769.342673, 1616793772.0109577]
[1616793769.320068, 1616793772.0494707]
[1616793769.5243955, 1616793772.2077668]
[1616793769.4255176, 1616793772.096308]
[1616793769.2851975, 1616793772.025418]
[1616793769.457164, 1616793772.1239386]
[1616793769.5606203, 1616793772.2282145]
[1616793769.656798, 1616793772.3768413]
[1616793769.7886887, 1616793772.461415]
[1616793769.7022119, 1616793772.4171855]
[1616793769.5737722, 1616793772.2540524]
[1616793769.8482368, 1616793772.5128796]
[1616793769.6187696, 1616793772.2836182]
[1616793769.9347887, 1616793773.052636]
[1616793769.6974163, 1616793772.4080987]
[1616793769.84434, 1616793772.559741]
[1616793769.720261, 1616793772.4195385]
[1616793769.9434853, 1616793772.6860533]
[1616793769.8453748, 1616793772.4163609]
[1616793769.9581997, 1616793772.672983]
[1616793770.0070684, 1616793772.7547069]
[1616793770.0170336, 1616793772.6110342]
[1616793770.0419924, 1616793772.709251]
[1616793769.9388454, 1616793772.6107445]
[1616793770.2389038, 1616793772.87398]
[1616793770.1878011, 1616793772.903859]
[1616793770.0761387, 1616793772.749126]
[1616793770.1698947, 1616793772.8855839]
[1616793770.178775, 1616793772.896339]
[1616793770.2182057, 1616793772.9560435]
[1616793770.074877, 1616793772.7677603]
[1616793770.2154155, 1616793772.8910904]
[1616793770.1945193, 1616793772.8335638]
[1616793770.1564615, 1616793772.8211086]
[1616793770.113291, 1616793772.9281623]
[1616793770.1666062, 1616793772.8483772]
[1616793770.2392137, 1616793772.971051]
[1616793770.2051435, 1616793772.9447644]
[1616793770.3381484, 1616793772.9952781]
[1616793770.297358, 1616793773.02865]
[1616793770.3607273, 1616793773.0524952]
[1616793770.3078403, 1616793772.9396663]
[1616793770.3226082, 1616793772.9633963]
[1616793770.381244, 1616793773.071357]
[1616793770.4579065, 1616793773.1281383]
[1616793770.5037732, 1616793773.1792834]
[1616793770.5025475, 1616793773.1848466]
[1616793770.4411554, 1616793773.1413813]
[1616793770.5693097, 1616793773.2288322]
[1616793770.4996083, 1616793773.1575367]
[1616793770.4357226, 1616793773.1681905]
[1616793770.5584548, 1616793773.2426827]
[1616793770.4318717, 1616793773.1466036]
[1616793770.6447053, 1616793773.3359773]
[1616793770.626508, 1616793773.3903873]
[1616793770.3726118, 1616793773.0518389]
[1616793770.6254523, 1616793773.3106563]
[1616793770.7334678, 1616793773.4598796]
[1616793770.664517, 1616793773.3921902]
[1616793770.7262948, 1616793773.4139853]
[1616793770.6196444, 1616793773.283756]
[1616793770.579773, 1616793773.2690935]
[1616793770.717101, 1616793773.3770945]
[1616793770.804283, 1616793773.5067964]
[1616793770.6610096, 1616793773.326242]
[1616793770.578187, 1616793773.2987387]
[1616793770.7879753, 1616793773.456971]
[1616793770.8701556, 1616793773.5427349]
[1616793770.854156, 1616793773.542843]
[1616793770.8353212, 1616793773.4583375]
[1616793770.9366922, 1616793773.6115403]
[1616793770.521198, 1616793773.297297]
[1616793770.9420342, 1616793773.6155117]
[1616793770.8415442, 1616793773.5568292]
[1616793770.956144, 1616793773.6838574]
[1616793770.9292188, 1616793773.6246657]
[1616793770.632992, 1616793773.2604222]
[1616793770.899395, 1616793773.6405785]
[1616793770.9075208, 1616793773.5656297]
[1616793770.8197381, 1616793773.4713209]
[1616793771.047119, 1616793773.7699244]
[1616793770.7473447, 1616793773.4721456]
[1616793770.9672487, 1616793773.6290495]
[1616793770.9598098, 1616793773.628439]
[1616793770.940906, 1616793773.585064]
[1616793770.880747, 1616793773.6006556]
[1616793770.9929044, 1616793773.7082138]
[1616793771.0062604, 1616793773.6691842]
[1616793771.0174196, 1616793773.68443]
[1616793771.0820625, 1616793773.784053]
[1616793770.9921036, 1616793773.658123]
[1616793770.987544, 1616793773.7091646]
[1616793771.0389826, 1616793773.755998]
[1616793771.113131, 1616793773.8555026]
[1616793771.053086, 1616793773.7592866]
[1616793771.061051, 1616793773.7967556]
[1616793771.0137634, 1616793773.7093418]
[1616793770.9950414, 1616793773.6532886]
[1616793771.099043, 1616793773.7618887]
[1616793771.0922577, 1616793773.7427185]
[1616793771.0761735, 1616793773.760435]
[1616793771.0767102, 1616793773.7755308]
[1616793771.0794947, 1616793773.847636]
[1616793771.1310134, 1616793773.7897854]
[1616793771.1244142, 1616793773.790226]
[1616793771.1146846, 1616793773.8088005]
[1616793770.8775015, 1616793773.5574186]
[1616793770.8384988, 1616793773.5729723]
[1616793771.0803244, 1616793773.782524]
[1616793770.8748438, 1616793773.5283675]
[1616793770.8962703, 1616793773.5981486]
[1616793771.1152365, 1616793773.8378518]
[1616793771.0673296, 1616793773.7393486]
[1616793771.143882, 1616793773.806614]
[1616793771.185884, 1616793773.8821998]
[1616793771.081963, 1616793773.7974699]
[1616793771.1413062, 1616793773.8483748]
[1616793771.1726797, 1616793773.8202906]
[1616793771.1307552, 1616793773.784117]
[1616793771.089702, 1616793773.7455013]
[1616793771.1453397, 1616793773.8009298]
[1616793771.172166, 1616793773.8970413]
[1616793771.0854964, 1616793773.7498431]
[1616793770.9786003, 1616793773.6656852]
[1616793771.0849621, 1616793773.818105]
[1616793771.169818, 1616793773.9122221]
[1616793771.1572182, 1616793773.9228206]
