[1621545419.8184779, 1621545434.6999185]
[1621545420.268713, 1621545435.1528702]
[1621545419.8850496, 1621545435.1389449]
[1621545419.8135457, 1621545434.7490797]
[1621545420.386072, 1621545435.1955676]
[1621545420.2109776, 1621545435.1838107]
[1621545420.9177496, 1621545435.3785527]
[1621545420.3242269, 1621545435.4050512]
[1621545420.2516007, 1621545434.5237856]
[1621545419.7144985, 1621545434.0471509]
[1621545419.8084779, 1621545435.787876]
[1621545420.2259483, 1621545435.0182006]
[1621545420.014959, 1621545434.6118548]
[1621545419.7553544, 1621545436.5754883]
[1621545420.1359189, 1621545434.8816147]
[1621545420.6268418, 1621545435.0816813]
[1621545420.7727807, 1621545435.361341]
[1621545421.0911782, 1621545436.083017]
[1621545420.759844, 1621545436.1816895]
[1621545419.9012532, 1621545436.0291507]
[1621545420.0775077, 1621545434.7826266]
[1621545421.1557424, 1621545436.385272]
[1621545420.7539966, 1621545435.3114152]
[1621545420.9663455, 1621545435.2882752]
[1621545420.978038, 1621545435.2997127]
[1621545420.5802736, 1621545434.8503404]
[1621545420.875852, 1621545435.5177424]
[1621545421.2105393, 1621545435.959828]
[1621545421.4999607, 1621545435.671809]
[1621545421.0878968, 1621545436.569227]
[1621545421.2116544, 1621545436.8220918]
[1621545421.3724015, 1621545435.2622826]
[1621545421.34812, 1621545436.3188047]
[1621545420.7966564, 1621545435.4906712]
[1621545420.7107778, 1621545435.7006912]
[1621545421.2331145, 1621545436.8669786]
[1621545421.5455449, 1621545435.6665103]
[1621545420.4568415, 1621545436.059243]
[1621545421.6124434, 1621545436.0733995]
[1621545421.626983, 1621545436.249756]
[1621545421.4697998, 1621545435.9881873]
[1621545421.5625741, 1621545436.2699342]
[1621545420.9495938, 1621545435.9699209]
[1621545421.5401785, 1621545436.1939044]
[1621545422.324265, 1621545436.3355074]
[1621545420.759191, 1621545437.2344205]
[1621545422.1994233, 1621545437.0592308]
[1621545421.5844834, 1621545436.0204237]
[1621545422.1494262, 1621545437.0896087]
[1621545421.5724275, 1621545436.2450397]
[1621545422.7130778, 1621545437.125502]
[1621545422.197767, 1621545436.7510233]
[1621545422.1996703, 1621545436.5874934]
[1621545421.8785355, 1621545436.4445949]
[1621545421.7766197, 1621545437.0085623]
[1621545421.870436, 1621545436.7732432]
[1621545421.5433748, 1621545436.4021244]
[1621545421.7404268, 1621545436.8641257]
[1621545421.9480848, 1621545436.308422]
[1621545422.605023, 1621545436.7210555]
[1621545422.8065705, 1621545437.0600755]
[1621545423.1880844, 1621545438.0564477]
[1621545422.7692318, 1621545438.412225]
[1621545423.2976594, 1621545437.206659]
[1621545422.8529618, 1621545437.0906513]
[1621545422.4797158, 1621545437.8079011]
[1621545422.852373, 1621545437.2105818]
[1621545423.029411, 1621545438.3881156]
[1621545423.6374638, 1621545438.8211193]
[1621545422.8409817, 1621545437.4384496]
[1621545422.95383, 1621545437.4244142]
[1621545422.5937533, 1621545436.6176486]
[1621545423.0123904, 1621545437.8093581]
[1621545422.2979753, 1621545436.9605067]
[1621545423.5531878, 1621545438.2634702]
[1621545423.7042546, 1621545438.4188697]
[1621545422.947521, 1621545437.9457471]
[1621545423.4026194, 1621545438.2105868]
[1621545423.9043746, 1621545438.5144732]
[1621545423.8826315, 1621545439.326511]
[1621545423.8347871, 1621545438.5475347]
[1621545423.8578594, 1621545438.2969844]
[1621545424.1416647, 1621545438.8578906]
[1621545424.492864, 1621545439.24896]
[1621545423.3012, 1621545437.8223584]
[1621545423.2423246, 1621545437.964934]
[1621545423.6928346, 1621545438.3339014]
[1621545424.4234064, 1621545438.8251617]
[1621545424.019611, 1621545438.5218863]
[1621545423.4264064, 1621545437.969307]
[1621545424.6584272, 1621545438.9388127]
[1621545423.760631, 1621545439.9676542]
[1621545424.0700176, 1621545439.989293]
[1621545423.173331, 1621545438.129649]
[1621545424.125944, 1621545438.171554]
[1621545423.7849586, 1621545438.1565385]
[1621545424.012191, 1621545438.1611078]
[1621545423.9304674, 1621545439.737407]
[1621545423.9243648, 1621545438.7832475]
[1621545423.3785884, 1621545437.918595]
[1621545424.4343207, 1621545440.88484]
[1621545424.6104522, 1621545439.231381]
[1621545424.0555463, 1621545438.9889328]
[1621545424.418152, 1621545438.519517]
[1621545424.5569105, 1621545439.1058302]
[1621545424.632534, 1621545439.0298223]
[1621545424.1523035, 1621545439.440863]
[1621545423.824388, 1621545438.2168674]
[1621545424.424384, 1621545438.82419]
[1621545423.7843466, 1621545438.209487]
[1621545424.5217452, 1621545440.8397102]
[1621545424.8249476, 1621545438.5941868]
[1621545424.5260267, 1621545439.541827]
[1621545423.925255, 1621545439.5701318]
[1621545424.1313107, 1621545437.721208]
[1621545423.9772732, 1621545439.3277445]
[1621545424.5438228, 1621545439.203097]
[1621545424.877088, 1621545439.6358051]
[1621545424.0877519, 1621545438.5606346]
[1621545424.9765158, 1621545438.882726]
[1621545425.2451236, 1621545439.8851807]
[1621545424.6388867, 1621545438.614505]
[1621545425.2574244, 1621545439.29344]
[1621545424.6157587, 1621545439.250409]
[1621545425.3168166, 1621545439.9117072]
[1621545424.8709047, 1621545439.6651962]
[1621545424.976313, 1621545439.4297366]
[1621545425.2385361, 1621545440.0255535]
[1621545425.2726803, 1621545440.24844]
[1621545425.3568068, 1621545440.0536282]
[1621545425.1123552, 1621545440.3119915]
[1621545425.4361856, 1621545439.9089744]
[1621545425.164366, 1621545439.8344834]
[1621545425.3549209, 1621545438.9336872]
[1621545425.7120368, 1621545440.7342973]
[1621545425.3061655, 1621545439.4880497]
[1621545426.082164, 1621545440.7969]
[1621545425.2717578, 1621545439.2053354]
[1621545425.446141, 1621545440.129371]
[1621545425.1478746, 1621545439.2222438]
[1621545425.5059807, 1621545440.2681954]
[1621545425.7788038, 1621545440.385073]
[1621545427.0649464, 1621545441.4250553]
[1621545426.2861762, 1621545440.3002157]
[1621545425.5125077, 1621545439.9748192]
[1621545426.090272, 1621545440.3659325]
[1621545425.5780637, 1621545441.0978642]
[1621545426.1531897, 1621545440.1883883]
[1621545425.6179097, 1621545439.7178092]
[1621545426.279117, 1621545440.2568378]
[1621545425.6944752, 1621545440.2099695]
[1621545427.0623708, 1621545441.6399431]
[1621545426.718483, 1621545441.4102306]
[1621545426.9425745, 1621545441.3971186]
[1621545426.626207, 1621545441.3209183]
[1621545427.2636673, 1621545441.9753423]
[1621545426.740167, 1621545441.0054119]
[1621545426.2745326, 1621545440.3970318]
[1621545427.105365, 1621545441.4117382]
[1621545427.1308548, 1621545441.802671]
[1621545426.627677, 1621545439.8543987]
[1621545426.2441757, 1621545441.8947065]
[1621545426.9267018, 1621545441.9580152]
[1621545426.227116, 1621545440.7033944]
[1621545426.8480067, 1621545442.6902475]
[1621545426.7225661, 1621545441.6713598]
[1621545426.8801494, 1621545441.1428096]
[1621545427.3266842, 1621545441.6020854]
[1621545427.8855195, 1621545442.8520129]
[1621545427.3206758, 1621545441.98319]
[1621545427.3793962, 1621545442.1280966]
[1621545427.8034995, 1621545442.1654491]
[1621545427.8486614, 1621545442.6382937]
[1621545427.8752422, 1621545442.3165832]
[1621545427.9136581, 1621545442.368505]
[1621545427.8699036, 1621545442.4083536]
[1621545427.8573847, 1621545441.7741547]
[1621545427.3786385, 1621545442.4546285]
[1621545427.7030199, 1621545442.6652997]
[1621545427.4570947, 1621545442.0202103]
[1621545427.8747952, 1621545442.094265]
[1621545427.8672693, 1621545441.729165]
[1621545427.6394117, 1621545441.961249]
[1621545427.3142684, 1621545441.7437468]
[1621545427.852208, 1621545444.3302968]
[1621545427.2338126, 1621545442.014809]
[1621545426.973129, 1621545440.8799376]
[1621545427.6030939, 1621545442.1966674]
[1621545428.1000345, 1621545442.646578]
[1621545428.1321683, 1621545442.167926]
[1621545427.900667, 1621545441.4819326]
[1621545427.608201, 1621545441.5236547]
[1621545427.8258672, 1621545442.0849404]
[1621545428.0848858, 1621545442.7904165]
[1621545428.108217, 1621545442.1430883]
[1621545427.6784775, 1621545441.6179464]
[1621545427.6437902, 1621545442.0872467]
[1621545428.1832588, 1621545443.1422923]
[1621545427.8754532, 1621545442.4643385]
[1621545427.8615882, 1621545442.1185584]
[1621545427.943934, 1621545442.3126316]
[1621545428.2333858, 1621545445.3257408]
[1621545427.9595244, 1621545442.8376532]
[1621545427.9885917, 1621545442.395921]
[1621545428.0252154, 1621545443.1848722]
[1621545428.0437896, 1621545442.6340847]
[1621545428.5356247, 1621545442.5935578]
[1621545427.8858898, 1621545444.5386338]
[1621545428.1518753, 1621545442.7380834]
[1621545428.1286042, 1621545442.9129593]
[1621545428.0970485, 1621545442.1375124]
[1621545427.8448243, 1621545442.468353]
[1621545428.2532938, 1621545442.7477622]
[1621545428.617035, 1621545443.6114235]
[1621545428.3721037, 1621545442.935425]
[1621545428.2553468, 1621545442.6258647]
[1621545427.7687943, 1621545442.103905]
[1621545427.8421488, 1621545443.1209364]
[1621545428.3489485, 1621545442.8075364]
[1621545428.021882, 1621545441.80738]
[1621545428.0168498, 1621545442.8907244]
[1621545428.2151546, 1621545442.8120086]
[1621545427.957554, 1621545442.73268]
[1621545428.8056233, 1621545443.36843]
[1621545428.6830409, 1621545443.0265334]
[1621545428.7570045, 1621545442.8718994]
[1621545428.4237726, 1621545443.014632]
[1621545428.543144, 1621545443.2841504]
[1621545428.8251083, 1621545444.4777162]
[1621545428.5993176, 1621545443.0899284]
[1621545428.8910701, 1621545443.4363673]
[1621545428.802667, 1621545442.9968581]
[1621545428.9239602, 1621545443.6601057]
[1621545428.7389755, 1621545443.2463634]
[1621545428.8770776, 1621545443.5698926]
[1621545428.5944068, 1621545443.1971357]
[1621545428.4392607, 1621545442.9025133]
[1621545429.0030086, 1621545443.6866322]
[1621545428.6531305, 1621545443.559717]
[1621545428.7499185, 1621545443.1862252]
[1621545428.7518415, 1621545444.4113684]
[1621545428.9360979, 1621545446.0504656]
[1621545428.376267, 1621545442.93562]
[1621545428.572213, 1621545443.3041232]
[1621545428.8443348, 1621545445.8723822]
[1621545428.8107605, 1621545442.8423085]
[1621545428.687799, 1621545443.0239723]
[1621545428.9438677, 1621545443.4098191]
[1621545428.925653, 1621545443.2111344]
[1621545428.607217, 1621545443.3203304]
[1621545428.771393, 1621545443.7921927]
[1621545428.9467661, 1621545442.6880574]
[1621545428.6896658, 1621545443.10047]
[1621545428.944457, 1621545443.5453367]
[1621545429.0286465, 1621545444.0458267]
[1621545429.099377, 1621545444.6143107]
[1621545428.8468919, 1621545443.960611]
[1621545429.0347922, 1621545443.6246643]
[1621545429.0040934, 1621545443.6918542]
[1621545428.9834611, 1621545443.2972443]
[1621545429.0242357, 1621545443.4427752]
[1621545428.903234, 1621545443.5601807]
[1621545429.005718, 1621545443.2431345]
[1621545428.9617329, 1621545442.8798647]
[1621545428.9140794, 1621545443.2869933]
[1621545428.909621, 1621545443.0577118]
[1621545429.044638, 1621545443.0855331]
[1621545429.0735753, 1621545444.605485]
[1621545429.0471313, 1621545443.5666423]
[1621545429.039054, 1621545442.7811284]
[1621545428.9818304, 1621545443.3552635]
[1621545428.9183798, 1621545442.8384988]
[1621545428.8972702, 1621545443.0594935]
[1621545429.0321145, 1621545443.8970497]
[1621545429.0369854, 1621545443.093718]
[1621545428.9577074, 1621545443.345518]
[1621545429.030577, 1621545443.4318144]
[1621545429.0834534, 1621545443.7359972]
[1621545429.041496, 1621545443.6657176]
[1621545429.014152, 1621545446.630949]
[1621545429.0528204, 1621545443.7704802]
[1621545428.919203, 1621545443.1661456]
[1621545428.926697, 1621545443.432994]
[1621545429.081697, 1621545443.2131865]
[1621545428.9866424, 1621545443.3805313]
[1621545428.7295444, 1621545443.2206013]
[1621545429.1102839, 1621545443.7604928]
[1621545429.0381122, 1621545443.4170191]
[1621545429.114752, 1621545443.758463]
[1621545429.0928051, 1621545443.1737046]
[1621545429.226036, 1621545445.40731]
